2685
11136
8161
10079
10200
3156
5652
7304
6113
5412
3588
10178
9376
10357
2553
10782
11937
186
2140
9587
3459
2510
5297
4237
8985
8470
11752
11336
540
848
11869
9298
3652
577
5156
6221
6464
3412
954
87
9280
5588
441
5459
1411
3297
1256
9221
10839
9464
1254
321
6280
11452
5475
3522
6298
439
1577
2899
3632
1679
1926
956
4871
11338
7905
10906
9113
1486
2804
2403
6376
3475
8677
8923
7458
5522
2533
7056
10055
2623
1661
5632
2977
10343
10744
7589
4263
11138
1099
6587
453
7843
4321
11467
10214
8969
7162
1728
7310
10444
9859
7758
6875
8853
5641
3775
4548
4701
2669
5183
2504
1682
11815
5960
1648
1654
2936
8349
8709
1824
8294
7646
10645
7406
10405
748
12010
6337
10996
7995
4692
11520
3641
5775
7339
3183
11958
10593
3009
9035
3960
1224
8636
9764
9363
3338
1226
7083
5759
4276
7516
10515
10107
11130
11988
3864
607
183
7626
6035
10625
5062
8599
6363
6764
9337
8329
8770
1877
7565
10566
4398
6859
4611
1776
5338
3759
7857
2810
11242
8833
10482
4380
4528
11767
11330
1906
5864
4618
3062
9875
2258
4968
6537
3074
598
1231
5872
1531
7539
10794
10393
11960
7925
10926
306
9563
8549
10017
7606
10605
2434
5074
6772
3872
4708
4348
1939
4631
2720
7281
6069
4521
7067
11447
6168
10889
1483
11824
3167
9772
1892
1007
10124
7365
4651
4598
10366
4411
8903
5538
9168
59
9069
545
4580
4328
1605
2454
11747
2781
7220
11990
8935
4287
11599
223
8399
6563
5167
9537
2190
2919
8529
931
10695
7696
10270
3538
8619
7945
10946
1730
757
7316
10315
7174
2635
3227
2973
302
7815
6248
10816
4061
961
11772
2849
9311
11849
11237
8673
3612
11343
5388
9228
127
10557
2353
2754
2713
2481
7866
10865
9387
226
5227
6085
889
4684
7234
9472
9023
274
5612
11143
8282
9013
10130
3388
9576
10150
8686
9085
1773
10543
7389
3691
4642
2420
7254
5702
303
6387
2603
6576
8244
5247
5322
2333
2734
2986
6023
1615
6472
9248
71
2829
5691
3702
11681
11111
6228
446
10494
1261
11472
3247
3322
6311
7893
568
1259
315
11645
6230
11113
5425
2065
444
298
3861
9250
5273
9966
11683
6761
3682
11907
8856
1833
4193
4614
6326
2016
6993
7663
8627
3425
10752
2583
6596
9639
1555
400
9346
5861
4785
8105
9706
10148
8517
3273
2927
5682
9915
10049
1094
2418
333
7637
1096
11141
8302
4723
4324
4166
10211
6639
9596
10029
11971
2947
10441
5286
9326
10128
3390
9993
6915
4469
995
8407
5644
8647
4704
3445
10732
6346
700
1032
11070
6706
2501
1781
11341
11674
8291
959
4115
3286
772
5390
9230
2367
3644
5445
6250
1897
6966
9761
2492
10268
3540
11229
9224
2792
9461
336
199
3153
7033
4226
8057
5745
802
1889
2089
49
929
10675
7676
2188
4874
8379
2556
5540
9170
4600
670
1062
5153
1670
2801
647
4769
4330
4578
3745
10432
30
8883
6845
7218
10741
2817
9825
11582
4072
11509
4423
8164
2718
9845
6170
7301
4485
6825
11809
4350
3725
10452
4710
3219
2122
5133
11700
10987
10659
11104
6224
6461
7292
8043
8355
1108
4970
4246
5725
5219
7053
3133
1567
1229
2442
4620
9895
119
4157
3694
11619
2212
2260
7251
1951
3309
5340
10502
4400
3236
2808
8241
4530
4378
2731
705
5694
1000
902
1900
2356
8579
8768
5309
9943
11095
3340
4296
5236
10491
8172
6689
7959
1836
6314
7103
552
6957
7687
3203
872
10976
7975
5795
4064
3958
4735
405
1514
9689
9314
9957
6943
8867
1358
8555
2751
2907
5203
7760
4143
2484
4550
11912
4862
6895
5958
3795
4513
4681
7231
1053
7308
638
9546
8317
7005
8252
1101
1413
1920
1739
1637
6616
1023
2997
3495
4654
10121
8697
4414
4813
7242
8093
6526
12004
866
2451
2383
2784
10937
7460
6396
6665
65
1328
1393
2879
11676
1598
5495
375
11106
4435
11665
6278
846
6300
7171
875
4205
3071
3277
11577
9665
10791
8066
1504
11108
11678
11654
8468
1872
9300
1985
905
1434
2855
675
9278
5590
2567
5071
2431
8607
2138
5277
9616
8015
6546
2508
11050
4634
10005
10802
2039
2106
7284
4524
10198
9396
8232
10963
9526
10099
2742
3590
10180
7039
3574
8752
10627
6037
11550
7508
9335
9063
7138
11955
9999
7431
5878
1294
4313
7742
8049
4982
4840
124
5900
10517
8148
10105
2284
7106
11608
9144
5574
1779
11077
9514
11845
9877
6182
7567
4021
3878
10856
1384
7855
11707
6569
6778
11883
3900
6800
870
277
6514
3362
572
5206
6877
7879
3777
9182
10291
259
4496
11874
6144
5436
2171
5509
4098
9800
4004
5038
900
11606
4199
4080
9778
9569
5139
6335
5362
7997
8128
6063
3206
5777
11985
8441
6999
8029
8211
10302
1296
9037
3436
2460
7784
7383
3509
7451
6004
4944
23
3038
8732
10647
10407
2242
3139
1878
10883
8432
6909
4561
352
7484
2760
7907
7751
3809
851
1676
3736
6836
11722
2308
8741
5477
5914
2231
340
3112
1489
9478
10057
2975
655
9500
9633
5809
8268
6585
10379
4796
9523
5736
26
3477
8675
3914
9076
6814
6413
172
6653
5112
602
10355
6500
7356
1644
6633
10043
358
9585
8659
6478
5295
4235
8987
5670
2687
6076
2103
9413
9814
4010
9653
1724
2959
6523
11595
1308
2251
9909
7260
7212
1782
3295
10164
7442
271
3670
7731
1003
11900
6010
8452
7808
1828
11422
9836
1658
3189
10768
10579
9323
2292
9724
3920
6450
11604
3088
4994
4726
1963
1830
5245
6613
3486
752
9703
9087
9430
2053
10172
8491
11361
6385
5189
853
5920
11819
1012
2301
4269
5088
3245
7718
5486
6194
7122
9819
10241
4361
8502
11161
2218
3022
7801
11712
3473
5981
5824
4658
3225
11082
7817
3719
9194
6819
1495
9613
4890
8976
2033
5022
5473
6724
6323
3824
7792
3981
9450
10555
1158
7556
7188
10867
4746
9385
5225
5719
2676
6703
6430
6087
7089
7367
1209
3830
9886
11876
11417
5419
6730
6369
4446
1128
7492
3954
4048
9750
5116
5773
5374
6424
6261
3165
4149
11865
5830
6949
3419
7947
11921
84
1301
10252
1965
11801
10317
2637
8937
4285
1673
6873
5954
7501
3374
3773
9929
3116
11570
9535
5165
11984
10093
10697
8121
7583
8802
11191
4223
11501
2663
10015
7016
9949
10607
5786
5934
5562
6535
8180
7418
8099
8963
10232
650
7927
8198
9873
5850
6929
11391
10066
7065
4129
8791
4111
11613
11717
6886
3786
3934
9369
4028
9730
3562
4426
6750
10468
3850
11854
11878
9424
9261
6827
9132
3727
777
7829
6748
190
11669
740
4372
3848
10470
6152
2893
9847
9811
11287
11393
4487
4030
9728
11611
1898
2254
8178
7420
5727
2389
8200
4952
8079
10161
1681
5848
10985
7986
6656
7734
7333
1027
7603
8782
11193
11503
8357
10923
10677
4564
2866
7481
7713
7353
7754
1545
1299
5828
11803
4932
8343
8744
9656
8055
5911
5747
2234
9748
4050
2815
9827
7973
8839
6132
1733
8906
3828
6728
1211
9152
3911
3747
7849
6847
6811
2696
6511
6683
1418
6917
548
8405
7919
9046
8645
7190
3447
10294
6428
11099
10709
6141
10349
7635
5992
6026
10636
2174
2316
4001
4888
8593
2945
9448
11780
8996
1973
6272
1398
8444
5447
10969
8214
2220
3992
7781
11615
265
7454
6001
4941
4117
11814
10853
4660
2365
1911
1662
642
3571
8482
11163
10833
9272
1057
8566
7434
5918
11514
4822
1770
5427
5090
2067
2281
7720
4787
8107
9428
8515
11257
2925
5571
9141
11363
2539
11234
9511
9683
9917
6046
1971
3918
4024
10770
10329
6448
2606
11480
9026
10599
8625
3427
807
3090
503
11158
3668
4912
4463
11505
6008
7810
2857
1198
5931
348
2565
7258
1518
8889
310
1396
3275
9667
11358
2516
5668
8926
4008
4114
8393
8794
6096
2083
798
3931
1416
6498
8605
5275
8017
168
6480
2626
10007
10549
9421
9264
11225
3497
8695
1989
9096
10529
2406
5259
362
2646
4776
10399
7936
10935
1736
9480
8315
3951
8009
557
7007
5371
6264
6421
2339
8946
10619
9498
11020
11356
8270
2995
12005
5497
4437
3259
2310
11624
2162
11292
11939
11805
2843
4207
6667
5951
3371
7504
745
7669
10903
1941
11156
8366
2758
8124
11186
7533
2458
3040
909
11496
249
9955
7403
7804
8865
5984
5821
8557
11798
8130
1508
11013
10282
11942
2589
7977
9191
7623
11262
2056
5797
6979
4737
11386
5040
4179
8816
4100
9798
6721
9780
4078
3821
3984
2905
1532
4476
10673
11649
230
6897
7899
4572
3797
9202
1206
11881
3880
9721
1204
6780
4991
3898
3942
6798
768
9897
4155
6202
8494
11388
5880
2304
5898
8543
4838
5002
10686
8150
11796
6955
7685
5942
6191
1594
7510
9979
10244
7140
1839
4364
4763
11498
11188
473
7553
2969
117
5117
1601
5660
1307
6788
5941
5001
11524
3888
6192
2853
9887
7124
10365
7366
10220
4447
8504
8669
9722
2294
3117
2709
11899
2349
8936
3660
7695
10696
4992
3941
5888
10945
9019
7946
1790
7270
6201
9118
1408
2636
216
10316
9009
7315
10174
457
10539
6722
5024
10925
7926
7794
7393
3822
6118
2599
11334
6019
1535
5787
2770
2329
10606
7605
9201
11263
7017
11357
4571
4427
8810
9788
4090
1743
603
3024
4918
291
5822
2833
11134
1623
10067
1853
10281
8258
9192
3787
7889
6887
11157
1611
7543
11187
2161
9086
11497
8685
3487
7150
3030
10254
9559
10389
6575
5952
8140
573
4848
3372
8553
654
2985
8510
4727
9488
11293
11387
1979
5487
2470
5030
11721
3952
746
7494
6073
6422
5372
10893
235
1205
11421
3932
10815
7816
11549
3564
8899
5050
9422
9073
8804
8403
4747
4911
6559
10866
7865
7557
4828
8533
2923
5932
11797
6086
2677
8977
8623
5564
10234
6488
9575
213
3050
7130
11162
8973
244
6837
7839
3737
5572
9142
739
9512
11963
9863
6184
11932
5476
8849
1574
5078
10905
7906
11286
5100
2673
9738
4040
5179
6375
11362
5737
8481
8713
4797
1425
8754
8353
3572
9271
1665
10458
11952
829
9077
3476
138
7343
7744
10056
7055
4984
4821
3078
9359
3013
112
3100
2282
10589
3179
7200
6271
7079
5763
5364
1746
6077
2686
9375
7178
8420
1455
10304
3155
8603
5838
1933
6359
3991
7782
4898
1626
4942
1856
7357
6002
8986
4880
1127
8333
8734
2244
11569
3364
3763
6512
11993
6863
9184
11288
11081
9837
6142
160
8829
5155
3838
5991
741
4002
11711
211
6738
93
10083
197
11325
6208
1406
7107
10516
6438
7515
4275
6131
1962
6109
6036
10626
11802
7625
47
2549
4668
3912
11258
9151
5114
3463
6812
10857
11125
10565
8434
7566
1157
7482
4931
8720
5912
1542
3114
9876
5008
5463
1210
96
7214
10843
753
4951
7444
10162
10310
11949
3776
1934
6876
2903
5207
10758
11515
8781
5437
8454
4497
331
11392
2399
1759
9438
1827
2935
9131
11256
1657
9109
2529
448
10406
8919
7405
9208
10646
8190
4371
7645
11929
10339
6151
1849
2619
5776
3207
11820
7996
12013
9812
10995
3437
8635
11502
9036
11192
7593
4259
8792
4112
1517
4736
5796
841
2057
7976
10975
9440
3561
8089
4809
643
8556
1058
2379
9262
9210
8188
8801
11479
11612
4914
4477
10760
3796
861
6896
2883
285
8817
5561
10231
1353
10308
1928
9896
2164
8718
10251
11779
1112
5010
3235
7502
57
11100
8122
11704
2009
1884
2355
4670
2043
1300
7491
6262
5235
6210
4295
1696
10687
6440
10103
10959
11877
11416
11045
3840
6740
1492
3313
1507
5021
8065
7791
11713
3982
9666
11083
11718
370
1908
1464
2856
129
9204
4574
8016
4900
150
5840
9615
651
5313
8583
4878
3021
7802
10006
2627
6545
5982
9395
8927
7198
2517
142
9939
2105
10284
7180
8418
7099
9525
6097
7963
6693
108
1799
7006
3080
2302
3199
9545
1323
1634
6615
5944
254
5004
3098
8947
2647
11974
2407
6525
10242
9097
9693
7121
3496
6395
10460
7937
4362
649
8501
6939
4777
11670
2291
1883
11074
5080
1028
4139
6666
5199
11716
8367
4509
4038
9740
3944
5098
4436
6204
5496
4206
8492
241
10171
11418
1840
9595
7211
7029
3149
4165
2252
1785
2317
6490
6027
10637
8997
3048
7128
4954
9325
5285
7441
12001
3446
7732
1960
1750
1295
9047
2093
6916
2697
8383
8784
4830
8451
6705
1332
6345
5149
9134
5048
3285
11076
472
89
8879
4116
4773
4374
5446
6154
11065
205
11706
20
6965
11423
4419
11708
744
5426
2066
6134
9965
11723
11054
2468
5028
11078
1693
11291
8567
9154
5129
8855
5111
11607
3223
656
10663
2015
8138
2607
6325
8431
4850
6595
4562
8039
3426
7752
8508
9027
9490
1551
11650
7148
3028
9705
4934
4786
8106
9345
6047
8742
3111
3129
9916
7049
2232
5223
6274
9846
5361
8442
11019
8212
8260
4486
10301
7452
3726
3994
5269
8808
9790
4088
6826
4920
4189
863
1103
8731
2241
325
7659
6989
3361
6120
11261
9181
7987
6657
2768
8356
2579
9643
10292
5726
2172
4245
3269
5994
11695
1564
843
10053
6643
10033
4719
7268
9989
9120
5746
6181
4225
9657
7675
10676
4022
4473
3658
502
2555
1197
2867
5890
1362
8484
8907
8751
9274
10218
6846
7432
3746
7741
5658
4981
4824
6790
3890
9826
11882
6774
194
6373
5072
5423
2432
1753
3874
8760
10801
44
3226
8308
5769
9290
5578
5330
1843
5600
11129
1153
4540
8231
4153
676
2741
11751
10817
8975
3072
3423
5874
6953
9577
2268
10792
5226
9386
4745
10188
3769
3578
3330
7867
182
9933
6869
7555
1975
10556
11329
3600
10089
1491
2675
1690
6577
1100
4219
7579
7768
5970
2987
363
5246
3710
4725
3350
11904
2659
9953
8959
8103
452
8687
3485
6386
6933
9869
7172
4133
1312
11
11519
8251
3970
9373
9774
10718
3246
5710
5350
7241
10122
1896
376
5485
11451
6290
81
2452
143
2752
9319
247
10583
3193
406
4861
366
6609
5785
4682
7607
7015
10016
7232
2049
9474
10418
9699
6536
8284
5614
2148
10927
11913
7066
10065
5193
3785
6885
4273
11677
4425
11107
9823
1444
11578
3614
7468
11554
146
9885
11576
10367
3704
4445
3469
5115
8171
4390
10492
11241
6823
11565
3166
3324
3723
10947
706
9609
2441
2128
1123
7317
1001
6319
5704
7252
5469
2029
2211
4644
11870
3115
10501
8460
4286
7697
8242
7093
6474
5723
2732
5324
5166
9536
6699
10879
6240
5205
3813
6462
3414
5435
4495
11574
3654
7291
6913
11906
11981
856
3205
1756
6336
701
10997
5414
5813
3435
8637
7302
5654
16
996
9629
1132
399
9519
10451
1870
2937
1846
10383
10784
6649
2121
6409
1403
1095
7407
11924
7647
11850
10508
7627
10039
6629
2802
10431
1578
10138
5524
8663
9336
401
9649
2963
9409
10742
2099
5634
994
2180
7105
10106
4071
699
7517
2198
6519
4277
2791
9462
544
4590
11908
9913
9240
11545
1922
3524
7856
10855
10567
3634
11583
9586
1749
3530
3378
8292
7043
9158
7355
114
10356
1647
10003
4236
3400
5296
9059
1727
4694
8053
1859
4309
6075
1629
11895
1008
9377
3620
2491
9762
3157
8301
5530
5378
10260
10212
669
5400
10442
35
4340
3296
7164
11771
6573
10731
1303
11600
2502
5620
9835
10808
5157
7883
8218
11471
1902
10751
10907
10484
1162
11112
11682
6835
5862
5513
5681
3735
4958
3064
9573
5143
671
4203
1552
5550
7003
2976
7057
6059
13
6586
6158
8033
6377
3862
3513
6762
3681
5735
4795
5064
7379
3143
9075
8676
3550
2645
2405
6527
1796
7529
9095
8696
11810
10936
6397
5692
7935
11699
3701
3548
4775
7399
2593
8174
8316
11009
9547
6983
2996
6617
7619
6160
3321
6312
8945
11748
4183
2444
11784
4960
5
220
1107
3692
5548
5701
4641
2214
10669
10504
1457
445
1612
11446
8220
11015
8365
7903
75
6471
5321
11473
1260
2482
803
2566
5618
11448
4864
11484
10810
5380
5528
3276
9471
11230
11773
10258
960
5611
8281
4338
5398
1427
8067
1927
11342
11746
9397
8925
2515
1193
2107
3618
498
9527
6095
8539
11510
4062
9983
3528
3380
8606
9617
5276
9160
9312
7549
3611
3398
2625
11142
6547
4759
1421
4459
3237
11581
11927
11069
4156
1638
8893
4588
468
11236
546
9238
858
1401
8389
2178
5237
4297
1430
8254
6956
7686
9771
10685
930
11947
2079
2200
7244
4412
10510
4652
1699
1597
1602
10553
2357
773
2782
838
10140
9956
6771
1230
879
5263
10533
3871
8866
1460
10804
10403
4632
7282
8013
4522
8234
2055
10623
2343
2744
10977
8815
3263
5871
11238
2839
1876
7673
4475
2005
2906
6238
10899
1907
7677
4612
11137
7923
8458
6679
10754
10353
2557
10481
10713
2865
1541
8589
2130
999
5684
3061
704
4227
8056
9655
2816
11243
11337
1793
539
4388
955
10973
3684
5061
8905
10849
279
11049
477
1255
10829
7470
257
440
4691
3642
11911
541
2494
8304
1850
4247
10420
1620
4322
2150
7161
2543
9679
1685
156
404
1740
10333
10734
4702
1327
5642
7985
6655
10986
10603
9967
7833
11466
6288
1357
10434
8565
8857
374
11453
5521
11768
2889
5631
10720
4074
3968
5348
11475
5708
2393
2794
100
9222
2926
9707
8516
9347
6045
1890
8083
3521
1202
2017
2605
153
6327
7329
7770
178
3631
6597
5968
507
3348
8626
1225
9025
4872
7599
3708
8646
10190
3580
3328
9045
8406
10919
2695
7349
3411
6222
3598
7709
3651
6707
7294
6347
9597
4167
2315
10635
6025
7636
8995
1970
12011
11620
5287
2270
9327
54
2946
8339
8310
5328
9288
5580
11024
8162
1568
674
11753
5411
4538
553
6967
5651
5598
8843
41
11766
7969
11775
10454
10781
8758
2366
11468
2124
3287
7853
2717
10841
9219
7070
11209
4953
437
9725
2901
2094
1072
7332
1886
6745
3845
8384
8783
7602
4869
10988
9133
812
11409
10020
4774
4373
8175
6540
2892
6153
1604
1287
323
7591
5845
11544
8159
5825
10267
10081
8058
6133
7972
8456
4290
11094
206
1180
1498
9540
2187
5170
3461
3224
11251
9153
3825
10922
10664
6725
7352
6219
11690
107
7712
4577
7217
4933
9745
4386
2818
3170
1537
5461
5224
1930
8342
1333
7638
6273
5761
410
4885
2948
10127
58
9445
10560
203
8648
3326
8601
9390
5230
8408
3993
11660
1863
1344
101
6425
11741
10852
8331
3596
11027
6861
4609
1452
6682
3761
634
9644
11064
1038
8756
2368
8592
11833
5326
9286
5993
1269
3230
10054
1614
1389
4536
5596
5915
52
8971
10034
6644
4319
9861
5346
3250
5706
3966
9682
40
462
4699
202
5639
4474
2671
6286
969
8483
8711
10832
8351
3915
1346
1322
174
6445
3346
8628
3706
5250
9273
710
5966
1185
10147
8518
4823
11441
9425
7341
2928
3639
326
2417
1081
6390
3011
8392
10256
7255
5526
3278
1667
876
11826
4336
3300
2082
845
5396
1769
3665
4409
8467
4649
6005
1423
9071
9277
5616
2568
1018
2779
221
6495
10360
4462
1351
3526
4913
8401
8608
5278
2137
9590
2884
2921
2507
1175
5300
8531
11916
1571
865
3396
4240
1313
5665
4005
8621
10197
1076
3616
8318
2163
7541
2980
1074
9495
286
2842
2998
6590
8551
122
8698
1342
8680
3546
10902
10938
906
482
1999
2755
2044
4629
6071
7279
6277
624
11828
4519
5546
11055
10891
1453
10104
6340
11085
3689
283
7391
3314
3957
1190
715
10672
2455
9958
9203
8868
4573
6236
2908
7532
5689
2831
8584
5314
5957
7402
10283
9795
11012
7307
1866
6694
7964
7622
4075
6309
1825
4586
1655
11840
1063
4158
5943
9236
5003
8542
4059
862
9694
7860
9309
2807
2851
7552
4377
428
3895
6795
4762
11032
2479
11535
1368
3943
9340
8767
11271
6203
2176
842
926
733
4835
415
5895
6958
7688
10110
3337
5875
6641
10031
8974
10209
11928
6183
2196
10439
9864
10108
6960
7690
8145
10506
7505
11273
11730
11367
4471
2499
10136
7135
9338
2674
11246
973
8714
5337
8354
8753
525
3875
4397
392
8289
6775
7858
4527
11948
1515
9062
4617
4983
4312
7344
7743
4160
11167
9759
2257
3014
5035
11310
1473
6062
5764
4095
5363
10303
692
9775
2910
3859
7757
4547
6759
8604
7382
2243
8733
8334
11284
9183
6864
11248
617
3035
9960
3764
3363
8870
9641
1407
6338
5859
8125
1909
1273
10051
1092
11430
4956
790
10084
2305
1266
7299
9632
6297
626
1410
8216
9522
631
6652
5113
3464
6412
3221
964
8700
1117
10882
8433
10661
11738
1505
6459
8678
10940
7457
9475
11436
1583
8320
2978
6156
3113
5221
5464
8265
6588
3000
9459
10844
7213
7443
11438
3587
10177
9156
2904
2091
887
10358
1929
8610
9588
5280
3376
118
11352
11736
6475
95
1349
4238
583
8381
5298
8453
966
10042
6632
2799
9297
7805
10806
4771
629
5587
2570
9652
1972
1631
9412
3280
10739
2102
1264
5376
11152
7594
6522
3298
8520
1079
2930
62
11443
914
6388
1137
7766
7123
10765
9691
2854
8503
5248
3085
8630
233
1787
9247
2749
2293
9322
971
11559
6612
4679
7229
2052
6227
619
9702
3248
5085
7715
10173
10716
48
9612
3228
8306
5576
80
11831
11172
6247
621
7793
7394
3311
6322
7249
2032
5023
1271
5472
636
2215
198
1554
8239
215
520
10
4655
2729
2370
9227
5387
6702
10558
11743
5228
9388
8410
7185
8650
10186
3576
11372
1548
2834
563
5311
8581
3023
3472
7640
10489
2950
7961
6691
2266
3387
1561
4045
3069
7544
1248
11147
2820
10789
3168
10253
1586
9167
5537
8554
3772
4597
6872
4327
11950
10092
1282
1936
2429
4288
5069
11253
11347
5168
9538
1083
2041
11266
3537
6074
2126
5772
608
7493
11275
11930
11039
8060
10894
10101
10416
4967
6538
7415
8195
1880
982
2146
10990
11268
10119
11589
3563
299
9074
10018
236
2449
4222
4347
8404
8803
137
4707
7582
2881
2924
948
10465
2662
8534
7466
8962
10233
5563
8624
7068
6167
1760
795
9872
4025
7169
2466
5026
6992
7662
1494
7924
7881
2582
10289
21
10354
10753
10714
5511
5683
2169
3272
1428
5917
155
5428
2068
1873
5141
9571
664
11763
4201
10145
7146
3026
4788
9090
9427
8108
7001
8439
9918
8209
8031
10974
2415
7449
3511
3683
3917
5272
8136
6447
3428
11089
4192
8506
3141
6918
7041
11414
10870
1215
3448
1632
11180
6427
6090
7429
817
10001
1292
11539
8051
4887
2493
10125
3046
7126
9447
4722
11214
5448
8303
1608
432
11380
7820
9992
2544
10334
10733
4019
6571
11463
1067
10604
4118
1458
5046
5152
8940
3656
7834
10678
2185
1240
8661
11493
10433
8882
11203
1317
10700
5827
7266
10265
2961
7950
5748
1874
10320
2640
4073
4422
5656
3152
7032
9747
9911
826
2249
2394
2793
8084
9828
11403
590
11297
3827
7370
7729
6727
467
3748
491
4575
6848
7215
10216
6828
3728
8806
489
4086
11059
6747
4559
6911
8042
7293
3847
3811
7749
2715
9848
8739
7052
3132
2229
4488
478
9727
8177
940
11793
1618
5728
11221
7930
1763
5811
5847
8844
10453
10381
783
1149
7854
10610
5132
2123
2766
8358
7570
2805
487
7799
4375
3897
6797
1405
5979
8716
8173
9898
2594
9942
11396
359
819
9880
7102
3721
6821
6984
11943
894
11788
2443
4184
4837
2213
5897
10520
3979
11486
10630
6040
1562
11196
10503
1220
5721
8765
1337
837
7091
7904
2457
10581
3191
6
763
4142
5202
10650
8186
4512
10410
11198
11488
8558
4863
8000
5780
11786
8489
76
7978
9040
4738
5798
3955
177
5191
2299
821
9797
11631
3202
7305
10306
4271
11398
4077
458
6880
9821
10239
3780
9984
6898
4359
1869
496
5955
6942
3798
3
3498
1283
3480
9951
8101
8894
10060
11405
7008
9497
73
3096
151
808
935
6931
258
4438
8253
5498
1426
4109
8789
11756
1645
4131
6275
1580
5480
988
1478
9371
684
4208
371
11458
6668
1725
11205
4812
7243
8092
513
2382
4036
5096
9259
2757
10554
7910
3667
240
10534
8465
6371
6007
384
5421
5264
2
2858
10404
10803
1766
1456
9275
11456
8014
11302
7257
595
6259
252
4151
10624
11758
9668
2743
2344
8233
10962
5667
2690
6951
4007
7196
10195
3264
3421
1961
8416
104
6497
1995
7674
8018
1235
2135
9931
7499
2505
8119
8990
10008
4876
723
1894
5836
8020
11035
4896
6477
612
6914
11279
3814
3413
8988
10010
3653
7479
33
2688
1087
5909
262
7176
3585
10175
697
6736
661
3836
9670
5814
5413
8841
5653
6112
11532
10384
10783
9295
2552
7807
7851
3909
2860
386
5585
6809
2402
6670
5076
7831
11890
9112
397
9736
8664
2532
5523
11122
7908
8922
15
210
5500
10342
248
4440
5633
2622
2964
686
9809
161
2307
1966
5478
6295
659
4210
4262
9477
134
3076
9914
2391
7010
10058
8081
11585
3523
423
8267
11322
10159
3500
3633
3478
1380
7455
10456
6878
7044
10756
7755
4545
494
3569
3778
1893
6900
1472
3800
10004
840
5037
11555
4693
1595
4097
8054
9362
11945
9777
2279
3182
11633
10592
7998
8127
7842
5569
9139
5778
7980
9509
2541
11216
5800
7163
1133
860
9038
4740
10331
8852
6574
3037
9436
1144
11860
10408
10601
9206
10648
11925
8560
5182
11966
6509
7507
7921
6038
10628
7884
7137
1122
1146
4666
36
10351
8832
6139
10711
10483
3335
5514
5877
3063
6206
3999
11218
349
9574
5144
1045
4204
10518
8147
6436
4615
7082
9900
330
7004
5006
9878
10971
8034
2255
169
5335
3514
6362
7779
7568
3877
5063
4395
4939
6777
5999
4525
3144
10531
3873
1375
6374
6773
6116
5261
5424
10608
10401
1558
1151
8360
8011
11223
3949
4965
11317
7417
6419
5730
5369
7928
8197
4154
10621
2341
11791
1113
6954
5873
11626
9850
3261
3424
6165
9562
8256
4490
4027
10392
5949
6830
11117
7671
4345
1544
9786
9934
4705
3730
3369
10467
4916
6562
5535
9165
7368
4595
11564
4325
9954
3750
5929
6850
11527
8104
4047
8891
1687
1439
290
11401
1589
9830
11628
824
3886
6786
6934
3535
7948
4134
5750
9374
9773
9116
2638
3929
10318
8938
11491
8902
11201
10680
1142
5886
10698
9419
10551
2217
9719
3194
10584
2712
379
2352
4120
4989
4657
11461
5385
9225
1860
9473
9022
681
5450
7818
9012
6245
1572
5613
8283
388
6486
2972
1050
977
5194
4274
3385
6189
6920
9824
9981
7187
3450
10868
6088
3613
4826
8672
11594
4846
10767
1168
9486
3703
1277
3430
3087
5819
9088
4790
8110
11044
2591
533
9189
145
3724
3323
924
9920
7892
6824
6981
10542
666
6225
4181
11761
5703
6719
4643
11640
5430
2070
5087
679
7717
365
3819
2602
9245
688
6022
6473
381
5323
2332
5724
7094
7901
1374
10541
4182
63
3097
8948
3693
9496
2408
1042
11316
11060
2648
2601
850
5740
4800
9098
2331
6021
7938
4569
4778
7902
9080
9199
3545
665
1392
782
11935
11627
11664
8368
311
2756
5097
4037
5693
11116
11528
6840
3740
10279
9944
2592
7891
6313
7104
1449
6982
5545
2971
5525
7256
3204
10255
5395
4063
4335
11526
11118
4999
1664
5939
9313
6006
9982
3666
5615
9840
1318
6944
8671
344
3525
5204
2351
1051
2711
2483
4144
6496
7360
4877
3395
164
4514
1813
11318
2628
3939
1575
8928
7197
9021
4006
6080
5666
2518
6199
1013
9011
8417
3615
1376
6098
231
11540
1363
4585
380
8717
9235
11179
10860
4653
8901
8094
4413
4814
6796
2384
2783
1651
3896
728
10552
1821
6561
4909
11835
1068
433
11379
8892
923
1239
2175
7110
10688
871
5896
4836
3262
66
3210
2159
3440
9561
1150
10391
132
2058
901
2456
7672
11222
11694
297
939
8187
4478
10532
139
5210
5262
6235
5440
10402
4633
4500
11090
680
1803
4523
9796
8012
8818
7283
2342
4076
10622
10964
10307
7081
11685
6269
1219
7267
5826
10972
873
9658
5274
3989
6361
3120
3657
8455
4194
2868
6726
7664
6994
9890
8908
7922
4613
3826
10217
2584
10712
8831
4450
10352
191
5989
3274
5120
4385
9746
5657
1534
4323
4724
10070
7841
2542
9726
9994
737
3790
1816
6890
5643
4430
8807
8851
4087
10332
4703
1372
11632
10602
3846
5181
660
6746
512
903
7988
316
6658
8479
5790
2767
9269
7020
3643
4819
8176
11844
1709
9361
5846
3181
92
10591
1592
987
1607
7034
3154
5916
9223
2392
3965
4949
11123
8082
5705
5345
685
762
5490
2467
5027
4873
6285
8779
8568
1022
8137
6446
2608
1046
2401
5154
9111
9129
3916
313
7832
11976
5965
11217
2531
11323
4730
8507
9028
4369
3705
8884
3345
8921
2621
6149
10341
9426
1145
7147
3490
3027
6048
1381
4261
4424
4886
8980
10638
6028
1033
2318
8163
1938
9446
3047
8998
7127
6111
6129
1955
8842
1806
9048
4750
3325
2551
2698
7560
3595
9149
7852
6426
1044
2680
5134
335
8044
8755
5047
1338
594
11301
6223
9285
5325
4929
11533
5595
1719
385
4535
11655
1617
3134
7054
8305
5575
6952
1903
3073
3422
558
9564
10249
10394
10793
11531
1557
596
11397
9932
2216
11303
820
4656
10185
3575
7186
4748
9050
7558
5073
5422
2433
2700
6372
1924
4827
2678
7489
8978
11487
11197
2320
6487
10640
6030
9000
2265
4152
10961
1379
3488
4132
1688
6050
884
1642
9372
3559
11321
2610
10766
7765
10123
8904
4811
4847
8091
2453
1722
11787
2381
3086
4728
9030
9487
587
6564
8799
5488
1784
8570
305
9952
11859
5559
11121
8102
10229
7173
10715
7716
1888
5086
6932
5192
1904
2974
7416
10415
3201
943
2145
4272
1236
8196
6117
11889
7119
7990
9822
6660
5788
7018
8674
6941
934
8499
10582
3192
2289
4428
9787
2354
2753
5201
1923
4141
11757
2714
1526
7465
10466
4917
4683
4511
11734
10068
9024
7233
10169
3788
9014
422
8257
4026
495
6888
5118
1088
225
11434
1479
10544
4046
5019
6787
7253
3887
7789
11457
722
2604
9888
8910
2334
2733
5722
6024
7092
11280
8243
1565
4448
613
3118
936
3019
5887
2870
1243
10493
2125
9941
1234
7894
88
7101
11314
3722
9117
1221
9660
6822
8820
4096
5036
1710
9776
7303
6114
5812
532
1167
10382
4480
11425
2554
10757
5208
4498
5438
1278
5109
5131
9437
3036
11792
8429
941
8041
11989
6912
9207
3812
11305
6463
8126
3208
1252
1216
3438
11639
2060
7051
3131
3109
11959
9912
3151
7031
7209
6207
5876
1214
9463
8146
10690
6437
128
11202
7108
11492
1241
2195
7439
952
7506
10505
8449
4667
7136
10135
10858
6776
5151
2404
2803
3876
9114
825
2534
8662
109
11402
8881
8924
2624
10344
10743
185
1511
978
2962
11725
4421
4264
5007
4721
8930
10213
2520
6078
1523
7844
7177
1700
9991
6100
6179
10443
3375
4897
8854
5837
354
7358
917
1395
9155
6572
11953
5184
2630
1049
2503
6476
8293
7042
341
8749
9838
11296
1635
10805
10002
7806
589
5375
11462
7739
3837
8052
4979
6737
1415
578
9763
9364
11933
10594
11962
3184
5359
2306
6838
7084
4955
490
7002
3738
8032
270
10299
5271
11298
567
6364
6763
3512
591
5077
3863
11992
8215
8370
8729
11762
4191
9737
2239
3142
3359
2650
6991
7661
2410
4798
7882
9100
9179
5738
7940
10457
2581
8834
9078
4780
3271
5512
3077
5863
9476
1501
8266
4202
8950
5142
9572
6155
4221
4464
7581
463
2940
2882
7410
2661
7650
868
8185
1668
1431
8961
1400
11000
3956
8640
10978
1713
9871
8394
8793
4113
521
8249
758
2084
10305
7306
7239
6237
620
1420
5956
9263
796
11957
2806
11659
10570
3238
10799
4376
2042
787
5771
6263
4587
11987
8715
8229
10102
9237
2739
519
11252
4298
898
2177
5238
2844
7520
1179
1879
4280
7503
3771
7630
6871
10091
1461
10904
8123
2358
1037
8766
1915
11146
8466
7534
1270
5983
9276
5617
7404
7803
3471
5312
8582
11173
5160
1520
5527
11938
10257
11014
635
8169
7962
6692
5397
4337
1703
8068
7624
10196
2439
7195
9611
9398
11742
11346
2108
3983
9380
9528
8415
3617
2209
2031
11267
5471
3160
6321
3312
11373
10499
9618
2136
10674
3527
4875
3397
11689
6701
6548
2506
6528
6380
1968
983
9321
4859
6611
6398
1417
11442
3547
2051
7060
9701
9548
11348
6618
11384
508
3095
11210
8493
970
6276
2303
1397
1721
8544
1481
1288
5547
9692
813
10243
10910
11148
1641
7554
11184
4764
4363
5095
11410
4035
7870
3327
10041
6631
3597
4772
10429
1809
517
11375
6348
6708
4168
9411
9598
11839
9651
263
11366
992
2101
2894
9328
5288
9580
4069
3045
7125
10126
11247
11353
6521
732
2789
9287
5327
11940
2253
5597
6968
4537
11175
1882
10820
2092
11166
7334
7733
3288
8757
5045
7604
11153
1716
8382
1367
1497
10924
10881
9968
1502
10662
2465
5025
7714
11168
625
6287
7354
7753
4563
7289
8858
2233
5222
3967
294
5707
8743
8344
5347
1538
9348
7145
3025
9708
8690
10146
11368
2416
7974
282
9631
8135
6580
6328
2018
10449
9521
2990
5967
3222
6411
2119
6598
6651
8505
3707
3347
789
8805
4085
6684
1819
10749
10293
9642
8594
31
2716
5679
2173
778
10052
965
8443
4248
834
6061
1937
8213
10930
714
1189
11437
7381
483
7453
3679
2765
897
7610
1706
10854
1945
1512
7678
10834
414
3655
8457
7700
7433
1017
2558
2186
9061
10950
11272
10266
7265
4311
266
347
7320
11737
4228
2489
11031
8299
526
4387
10032
6642
5655
630
167
9684
4023
4472
1265
10729
10370
10215
7216
4576
791
767
4596
10368
11864
5536
9166
9723
9324
11827
6614
582
4993
4326
2054
1684
9704
1469
357
9469
11033
6785
8279
5609
524
3885
1887
10948
2127
3536
7318
1822
9115
4230
8541
1174
1652
7680
2852
6193
2560
1788
3609
7698
7551
4761
5885
416
6115
1075
7531
2832
5823
1191
3474
7401
3699
7608
4250
1176
10417
4966
716
11011
2147
3319
10928
7621
9193
9614
1529
179
7392
3823
8255
4639
5474
2034
5699
6166
6723
6324
4706
9785
10671
4346
1547
1118
7467
4915
6704
5319
6469
2020
11635
6769
6330
6578
3869
7767
4845
6600
2988
9485
5774
5373
6072
11309
6423
9710
8688
9350
3953
1932
10892
693
1974
6226
5869
7542
10717
2841
11429
1163
9970
3774
3373
8552
528
9246
5953
6874
10094
10901
727
8860
4224
4461
11729
7584
11151
8402
9226
5386
5933
2922
3290
8532
2664
8307
427
5577
8964
8622
6970
70
10818
6246
9874
9600
8391
4170
1350
6485
11351
3386
5290
2267
9330
278
9578
9769
3933
2081
10187
3577
7868
1899
393
11894
9423
9072
4825
6710
6350
8352
3573
10831
11590
8712
5075
8217
418
10908
9735
9064
4689
4957
7342
4314
6296
2283
3012
9143
5573
7058
3075
9550
8972
7159
9862
6620
9513
9681
11885
6157
6378
6530
2672
10455
7456
6400
947
1080
3377
4895
5835
9620
6862
6513
6681
3762
9157
6143
10479
6550
4003
9400
8591
1247
3059
2110
11371
11644
3586
10176
7175
9530
9378
918
3158
5377
3835
537
5762
6735
6064
852
11040
8070
718
6003
9296
4943
7384
7783
5059
11171
8602
11832
5586
320
1172
1810
5158
8332
10807
10851
10921
10884
7628
10507
409
11996
2360
3649
7483
7711
3409
4665
7351
1186
10137
711
6205
855
5240
1181
4300
3336
5462
6435
7518
1345
4278
8341
2197
5913
11026
10082
4616
5649
5409
2256
7971
5005
9634
10568
4396
10779
3240
5336
9524
6813
3462
6414
562
6654
4526
3913
4546
794
1138
7756
10755
10044
6634
1591
1442
5519
25
9414
9813
9654
11855
5629
2104
2891
7592
11028
6524
10842
10998
10163
8638
3519
709
10980
9435
2902
1184
3629
2938
7331
411
1800
9205
7601
7648
11560
7408
7762
1694
6379
7377
1208
4552
1129
4860
1837
10653
10814
10413
5783
5384
7059
8003
6057
7158
9043
9355
3175
10585
7586
4688
11709
7835
10836
11800
1798
8845
3783
3384
11571
11235
2896
9164
6883
11079
10909
469
5175
11500
7573
5058
11190
471
5159
8825
11822
570
3342
8170
4391
5456
547
6164
9883
7075
10076
4622
2440
3058
4964
4307
11390
10523
9379
3159
2262
2210
10633
6043
4402
10500
5342
6355
8224
8461
314
10478
4532
3456
755
9057
3756
10778
10569
6856
11483
8761
910
1931
1402
10800
5331
9291
11774
5601
11445
5648
11360
11016
4541
8230
5408
3592
10182
2740
9407
5756
9647
2693
2097
7519
4279
600
6105
1422
6517
7629
3331
8596
2545
1196
6627
10037
9302
3648
8326
3601
3408
501
11160
8993
5592
1636
11995
2395
8346
2939
3628
9105
9517
499
8706
6407
5971
2525
6647
1194
3711
3483
7649
3351
8915
7409
10063
2615
7336
10335
10999
3006
8639
3518
4255
9627
6302
8966
11783
5628
11018
8250
3971
1563
5483
5711
5351
9856
2204
11745
10877
7240
10514
1159
7913
6291
7462
2666
5518
10144
11474
10873
3531
750
8396
2345
2705
8526
7474
3401
7699
3608
9232
5392
6697
6093
2916
8616
9607
10949
9015
9005
6252
7319
3621
2027
2490
5467
6317
8300
11023
895
2965
5531
11778
10424
10261
11754
9468
2154
11465
5401
4341
5608
8278
7823
3392
575
11817
11476
1762
10369
10730
5621
8665
3467
9066
11765
346
10750
11478
5318
11454
267
6468
2134
39
5680
6066
10886
11776
7885
1309
4638
5698
5551
2047
7536
10535
6232
9697
9093
2006
3318
10929
9252
1201
2595
3680
8546
166
11901
9317
6607
2325
6015
32
506
3551
7609
3698
476
343
3584
10194
281
11551
6241
538
2826
7290
11419
4972
5868
2010
2274
1633
5584
8314
8957
8689
6172
9555
10385
7386
7933
9867
4217
6579
6768
3868
4712
10450
1525
7577
4352
163
2120
2989
2657
10613
3767
4602
7869
6555
5542
9172
8943
6867
10087
10430
10703
4332
652
1566
7953
605
2181
10724
64
10323
9768
4070
9579
2643
1581
892
11244
2790
5767
3542
4591
10819
9241
2846
7373
7774
8895
11719
5145
6853
3289
5974
2192
11289
11568
3714
3354
3753
8875
10272
2788
742
11667
6969
9833
7967
4415
1025
4169
707
10026
9599
6636
3145
7025
11978
3974
9770
4068
9329
5289
8337
1002
5714
2201
5753
5354
10917
4466
10683
10511
1126
7707
4582
7347
10428
6294
7222
6349
10141
6709
6329
6770
1573
2019
11880
10448
7327
3870
407
8035
9636
6599
2118
1124
8363
8764
353
7597
2722
9294
5733
5334
9349
9709
5604
4544
300
10046
7045
3125
1815
9853
11914
5870
2887
4493
11575
11566
3334
3733
9969
6833
474
3604
11553
7288
8859
5125
10656
6985
7655
504
3678
1199
2575
3700
11903
3433
356
3265
4249
4793
4394
8113
5216
9677
9923
6161
11097
3320
10152
1311
4961
5678
1959
5700
1997
2422
5433
2073
4640
5265
10827
377
8221
8464
1154
4185
10748
6470
3216
5320
79
10728
1156
4766
4123
10847
10811
5381
640
5453
8298
9470
11652
5610
8280
11021
9
1805
1055
677
10132
4715
8587
9985
2488
4229
3381
7679
3453
6677
9161
11259
6923
2086
28
3610
8376
2559
7238
6673
10897
668
857
1161
1758
5520
11923
8248
5503
5630
2184
4443
1304
10721
2837
11781
4213
1848
1854
7013
1624
4594
6282
9244
10979
3520
1744
3503
7771
9686
11896
4805
8085
869
3630
2375
1881
1385
10191
3581
8023
8472
6244
10013
11898
3410
3650
5306
2359
8576
9282
8387
1440
4299
1487
5239
1980
2271
10955
7956
6686
899
2077
1030
8311
5581
1576
1306
10202
11672
8228
5410
3306
5650
9673
2738
4457
11481
2142
3239
10780
2512
10798
2863
9619
10498
2812
2036
4382
10480
7547
4757
6549
2438
9399
9935
2131
11980
2109
3060
7095
9529
10096
11610
2208
8537
398
5554
1060
9903
8168
11647
1976
645
8069
1437
5060
11905
11548
11584
3554
8772
11546
3534
275
10667
5195
4135
3803
3404
7471
4505
11573
2876
6903
4690
1777
1298
3624
3962
11102
5534
10421
10264
3195
9549
11007
5803
5404
2151
6619
7312
4344
4743
7160
7983
7617
6529
1131
1861
698
7527
4858
6399
993
8563
5624
5962
6935
7397
2617
2983
6996
10337
2160
2312
3209
7151
3031
3439
6593
11998
4257
8026
9625
5014
11602
3108
8141
2397
8428
9107
9515
3506
6405
2527
1326
6645
3136
8683
8511
8917
10875
7876
131
1969
1010
11073
2471
5031
5209
4499
4674
5439
11415
5108
11046
9482
6214
11867
5506
542
4196
6444
5136
9566
8272
296
1387
11715
239
3303
11714
10859
11084
9444
6566
11048
5051
6482
67
9214
1698
4910
9593
10764
10363
2547
1324
6625
10035
7036
5303
8448
7812
4243
11680
9996
232
9405
8046
9645
1794
7208
1475
11110
648
2095
1639
7109
3051
7131
6107
6515
7438
1737
5882
7738
293
9906
3084
4978
5661
1111
5940
8152
5000
360
7863
8748
11469
7512
1354
10464
10221
9839
7142
8827
11703
3882
6357
7359
5084
6782
3661
9343
9744
3940
8656
9055
7077
2956
7271
6200
4305
6079
10113
1390
6178
3844
6744
6343
312
4102
5042
6055
9357
5806
264
3177
10587
9782
338
3358
1435
10376
4799
7375
5739
9178
2771
9200
9079
4570
8811
8847
4091
4904
5844
1356
3042
8728
3806
6906
2238
5177
5358
8132
6839
7837
10280
3739
7184
11852
10298
11769
11973
7488
8979
4052
454
1569
6130
844
3765
6557
4749
7559
4293
6865
7086
10085
11696
9150
9543
5173
2679
5716
1361
11449
4854
8897
9494
864
5765
4930
8721
11521
1104
6816
10248
3716
3173
5558
7073
1862
7422
5186
6494
10228
4950
11872
8202
11131
1106
4266
11749
10311
9816
8798
5489
1570
8780
4834
1005
4215
3558
10576
3186
7575
9130
11698
11331
10472
2655
10023
8191
4370
4729
11597
6150
8955
6543
3489
9557
10387
9865
4032
10069
4126
11847
11075
10168
3789
7887
9366
9124
11239
6889
1991
3253
10772
4429
91
2288
11724
11053
11705
3092
1895
5894
5101
11066
4041
657
2597
7118
8480
9315
6605
9270
2327
5789
6017
9946
7019
8498
5253
2045
10537
9695
8096
4820
6926
5092
12000
6794
6393
3101
7722
3894
7201
9605
3416
6270
1993
9017
6946
9007
8264
8421
2025
5465
6315
3119
9926
3990
9794
9393
2222
5233
10563
2347
2707
4924
3018
4881
6695
1331
192
4662
5416
6366
11068
6124
7192
9889
8667
3465
4449
5119
3233
2967
5990
5018
1098
11424
7788
317
4146
5988
3841
6741
4892
8836
11909
5020
9452
7790
8909
6432
2373
2774
7846
10845
4094
8814
8413
3988
4901
8653
402
5841
6675
1329
3020
1715
2869
4717
6268
8585
7643
7181
9987
9659
2953
3267
2933
5922
2386
4818
3081
5664
8523
997
702
9675
8076
555
6987
7657
6659
7989
7120
8478
10224
10461
2577
9268
188
8500
8633
125
11622
3922
11294
2290
5267
7826
10825
5081
6452
3664
4187
9741
11051
9432
747
7274
10170
770
6148
800
6049
1630
9732
2536
1409
7047
3127
2609
11975
9441
11227
3560
11333
10993
9128
7325
10326
6752
8037
5054
4368
10596
9029
7595
9211
11264
3852
8800
890
10761
11507
8569
8778
5127
1705
8182
11133
5560
10230
2885
672
4948
7134
3054
5852
11807
2823
5832
4928
3034
7154
10250
7965
10966
4417
11523
5011
8144
5147
289
1949
1359
8514
8877
9049
7916
10915
3832
6732
2699
5034
2474
7705
10706
9148
7345
4671
10346
9752
7490
3147
7027
10639
6029
6211
2319
6441
8999
8335
456
6128
8063
7204
3256
775
5360
1875
10278
11126
11518
8424
8261
915
10300
928
7666
10665
2462
9791
2913
5197
1919
4137
4921
4884
4507
8730
8369
2240
11936
11617
5256
2409
2649
3360
6121
9963
11964
9180
7525
10526
9099
11326
7939
4779
10396
6937
4568
550
7395
9198
8873
3197
8006
11005
9802
451
4082
8949
2336
7615
10616
308
8929
1844
9937
449
6198
2519
7097
6963
11255
9121
342
7693
11994
8535
6180
6099
1754
11328
3902
11701
7545
10546
5891
4755
350
5104
2629
3938
6802
4044
329
8750
1582
170
1748
4163
7740
1109
11516
11128
4980
8886
1228
5902
4842
1628
6791
3104
4998
3891
1858
5938
7210
7262
8385
1258
6491
1761
443
10689
7440
10957
10314
2075
8613
5283
3672
4908
9976
6012
8450
4831
4455
1677
6502
738
1579
2573
8194
3283
5672
2002
4012
11285
11812
4176
8819
11140
209
2835
9502
85
4479
11579
11512
921
10895
7896
11071
5110
8703
8430
4807
4851
8087
11340
2377
10943
228
958
11232
2762
9491
912
2586
8323
8724
919
2158
3003
1560
6976
805
3110
2059
5948
4852
11164
3368
4560
11127
2761
9492
7750
6065
11513
4127
1399
8740
1513
11616
1009
9367
2230
7886
10885
4054
3948
8097
8693
10536
6418
7535
5368
11364
7929
11233
9501
11770
11327
549
6927
11601
8545
6583
2596
1419
10609
9947
806
6016
2993
2326
2706
6501
8939
2346
11470
8395
450
7873
9927
2915
9418
10699
8525
10474
5671
551
6947
7949
9016
4011
284
3417
8615
9583
4034
2639
3928
9006
10319
11618
2250
7424
7261
2966
6492
4147
8204
10823
3671
7730
7369
6011
6367
11517
5417
9065
4832
11813
8666
5928
1640
6188
1585
6556
10869
6089
5717
7703
7430
7087
10953
11804
1720
6792
4841
5094
1503
5901
3892
7724
7323
11109
9122
7819
3717
6817
2011
8896
9718
4020
10373
10774
2845
255
1212
4988
3901
3094
11679
6801
5892
6122
11851
9817
776
7194
10290
2825
2170
5187
9801
6718
11394
4267
4081
3818
543
9089
2013
22
8440
8262
10933
9188
8210
1521
7385
10386
9556
9792
2224
2461
10577
3187
7450
7613
4922
11194
4664
11504
5818
771
3831
10573
6731
4672
11522
3908
8826
11385
6808
9484
9751
9907
6212
6260
5455
6442
8274
1905
5831
2689
2957
2314
10075
7076
1
5908
4283
11495
5012
11185
1097
7523
7500
6356
7633
173
1516
251
455
8657
3455
158
8989
8120
7478
1599
372
2943
11795
10377
1702
1697
10762
7814
7413
3479
1834
7653
204
8181
11003
11332
10059
832
7585
3176
10586
5851
9356
5807
11240
8643
10158
10835
7836
140
1738
8790
4110
9808
5479
920
1203
9731
2895
9442
152
11132
11871
8846
6484
5176
6751
6907
7909
3851
3807
769
9212
9260
3507
799
8705
9106
3884
8345
3921
6784
11926
6383
1998
2396
5082
6451
8916
10409
10649
3137
2526
9742
11226
9431
7999
556
6997
10336
7335
5779
5568
9138
2616
7063
8490
4256
9508
8027
11750
3005
9039
5507
5921
5884
835
11946
8965
2300
11623
3082
9855
11506
2278
9567
5137
8154
4197
6879
7514
7877
10240
3779
3568
7144
1925
4360
1506
10462
2665
10913
11808
5842
77
6855
11806
7569
7778
4902
3044
6567
4938
3755
5998
1712
7800
5163
880
5980
11155
8134
11508
9879
7
7182
3842
5044
8047
3998
4891
324
5755
4104
6742
6106
3163
9784
9383
3980
9451
11228
10519
7037
11355
6508
2546
11450
8595
10629
6039
11965
6431
176
801
9997
6138
8325
6510
9977
9623
7191
6553
5305
8575
6140
11598
2113
1484
9804
9403
1470
4000
1330
11697
7955
6685
10956
3978
4084
9533
1983
9899
1006
7202
8073
8422
3305
2221
2464
7780
6000
1105
4940
4882
7798
4661
5978
10238
3570
6899
4358
7897
269
3799
1954
11052
37
2298
4177
4844
5091
5904
2280
1004
11621
3102
7721
673
9553
1627
1729
2587
9140
5570
1857
8488
9510
7979
4739
554
6977
1981
5799
6623
4806
8086
10771
9685
11596
1649
1747
6533
3904
3091
4042
6804
6403
8559
2376
5102
4136
6504
6669
5196
7667
11846
2875
4506
9258
11873
8192
10471
5674
4439
998
5499
8788
9810
1774
4108
4014
3257
4031
11067
4209
703
8007
11918
7264
7421
3196
7009
10617
8201
1865
2337
10983
10312
10160
10527
3674
3499
6014
5257
162
1678
10397
6936
1293
234
8019
368
7498
8118
10547
7480
2363
2764
10009
1476
2035
1953
5243
4303
9936
1826
8722
1656
5910
11910
10095
7096
4051
8887
6258
1360
1467
9504
9669
110
1474
148
11605
3243
261
403
2859
11884
11848
3910
6810
10327
7448
1811
8812
11580
4092
3041
3429
10597
5820
9635
8036
11139
11920
8131
8109
4789
4253
8438
7046
3126
9919
10045
2537
9190
8208
2168
5041
4894
4101
11614
2069
5429
6720
11047
3820
9781
11875
9454
11339
11866
2772
5126
6434
957
10288
11853
774
9720
4018
3881
3924
6781
3662
5146
6454
8876
4990
11868
1110
4119
9434
1257
5449
7272
10967
4416
442
5924
5881
3146
7026
10025
6635
5662
11702
1325
18
4233
1302
8151
6919
6190
7683
7511
3449
4465
7917
7141
10222
245
7428
10347
2563
10707
7728
11811
1801
3749
7811
7847
4765
3293
6849
5930
8184
2248
854
11983
3052
7132
9829
1355
5854
6973
8837
9603
4173
4716
5749
9986
1227
3930
9734
5293
9333
2085
1590
10679
5052
6713
6481
1445
6754
6353
8375
3854
9420
3834
804
6986
7656
2472
10655
2023
5032
927
6734
6333
11603
6603
8359
2576
9481
9713
11231
3950
9754
9353
5370
2387
5729
6420
3266
8077
2004
5215
8271
5834
11072
7152
3032
1011
9849
2311
11511
8738
2228
4489
6829
8142
1823
5950
3370
3729
9973
7827
1653
5266
8863
4558
3215
7748
8512
4186
7228
5185
4320
10422
10073
3249
6893
7311
4265
2152
11572
3394
3793
2748
4433
5640
9815
4700
2827
1305
4678
5961
7576
10575
3185
11103
4216
5249
7023
7472
2656
51
5394
9234
5793
103
8956
3640
11897
1130
9866
7387
201
1450
6254
6389
3961
754
74
10488
6234
11359
1986
6866
10559
9254
9389
5229
3123
3766
5715
8771
10086
4
7085
9893
4610
327
1061
2811
2847
4453
646
4381
8238
11159
2728
11821
3229
5766
2132
5123
102
3715
6815
7248
8160
8312
6945
5582
8983
10201
3415
8617
9606
6174
6316
2026
5466
11189
7563
5068
1093
2428
4289
8397
4354
4753
11499
4714
9925
2141
2917
1031
9539
5169
6696
2511
2683
8527
8471
10192
3582
11673
1593
6365
5415
9067
11646
6220
3466
9281
11389
3068
4974
2272
4145
3169
10788
1990
6067
3544
9220
11547
6281
4125
1447
7069
11114
207
1160
9365
7168
10887
5493
1207
11648
11684
7772
4870
9174
5544
1650
9316
4604
8547
10118
1820
4733
4334
10019
9945
11080
6606
2448
8095
9696
6539
3493
11710
106
7537
2046
10722
11970
11799
6925
11675
9758
4060
6857
574
11653
3382
8288
9310
1838
9162
6565
3757
7859
11666
653
11105
9843
7035
6626
10036
7363
7764
2480
1024
8597
4554
2498
9339
10812
9995
12012
11720
8327
2096
6083
5382
1797
10208
9646
8045
9406
5757
1802
10438
1734
6516
10109
10131
4624
10151
6339
5858
6995
12009
7337
1102
4962
11420
1125
9626
11902
8025
3690
2264
11968
2421
3007
3505
5344
5743
9516
8707
4404
4803
8347
8222
9083
4534
3135
6646
1026
6406
3858
6758
1310
11668
7875
10876
2667
5690
5505
3743
3344
11567
8967
6843
9857
6310
5135
9565
6162
1509
4195
3213
6056
1596
2979
7587
5805
3443
6589
7376
10375
9304
1465
847
6458
8679
11096
5594
2897
5213
1056
55
6905
4630
3805
5443
641
4503
2721
10837
7280
1812
1155
4520
867
12003
7298
11552
121
10184
3594
9905
10738
5457
2202
3299
4650
10512
639
4410
287
2798
10863
4581
10142
2780
1054
7464
7221
11098
10359
9589
2191
9056
8655
3457
4239
604
5299
222
4306
9458
10271
2955
10077
6304
7113
1519
749
3541
9460
6284
4592
1847
8536
10693
10097
9242
1659
1223
606
1412
1757
5279
8609
11915
1829
4756
10545
7546
2037
11260
1944
9171
5541
4408
4601
4648
830
2800
4331
2778
2569
1424
8885
11477
11816
2182
10740
3279
7278
8823
3255
10204
475
1454
4518
6171
7300
885
1488
11818
10666
7665
4351
2144
4483
4711
2877
11777
2514
1522
4628
8474
10525
7526
8699
5255
6242
45
6460
7396
10395
9284
10939
8319
11006
8005
4971
218
2063
10615
195
7616
2335
2999
751
953
4175
6231
11335
2836
6308
3860
9251
2909
11879
6760
5688
8373
8774
3552
7895
10896
1726
9103
9687
1943
2653
9959
2413
2814
8869
4783
4384
11135
7943
5860
2585
882
1200
1646
3688
505
8953
5552
6975
5532
2523
8386
10210
8933
10262
2076
4342
7314
6103
10440
7957
6687
1778
5402
7689
6959
3391
743
2478
9975
2633
5622
1765
2500
5307
8577
11290
5964
3532
438
11022
8290
1674
4456
9308
576
3402
11651
1253
5391
9231
4159
3622
6251
319
3307
3964
9760
4058
1297
2385
8075
5217
9676
3972
5352
1510
6053
5712
10120
10989
10657
2613
6292
4584
9033
2450
7461
7224
10826
11782
7825
2194
5972
3217
3352
8573
571
4868
3712
9218
10274
447
1262
470
6301
7170
3070
2819
237
10790
11482
11609
8835
962
3332
569
9301
10846
7845
6218
11671
3602
11344
4767
69
5591
1029
2087
5070
2430
1913
6676
2703
9053
8762
8377
9292
2323
2724
5332
8158
6033
10643
1711
8586
8059
4542
5602
11144
136
9003
3591
10181
1723
4621
10154
11823
10965
7966
1500
2261
2424
7250
5341
4608
644
4401
8913
8462
1643
8240
11017
4531
2369
1059
2730
8649
10916
8409
4467
7915
2873
10345
7346
932
10705
599
7706
3341
7639
6637
10027
10490
4392
9663
8336
2949
756
11961
133
8519
1232
500
3638
2929
1195
10047
2535
34
10325
7326
7993
6663
601
11991
8629
7596
10595
9637
11101
2750
7761
1914
4698
180
4551
5638
61
4680
1701
2886
7230
98
4318
10134
115
1164
8652
10727
8412
6216
3470
10848
5161
4254
426
8297
1786
5985
7642
367
4389
2952
246
529
6265
8588
9610
1956
4893
8156
147
683
11087
9381
9453
11636
2030
5470
2487
989
3161
6320
3985
514
8459
6678
11893
6700
2372
6433
383
6381
1978
6453
8475
3677
11537
3923
9320
9265
6610
11638
1340
2050
7061
9700
4815
1217
9433
9678
8522
531
5677
9216
5923
2932
1672
1964
1065
4234
10828
7684
430
2564
8632
10911
10747
726
4866
1166
38
4220
1173
10447
7580
7328
2941
9125
2117
1192
5969
12
3294
7411
2660
3349
7651
4365
7598
3709
82
3636
8960
6145
8183
717
11001
8641
6974
5853
1315
9870
1468
9604
1587
4316
94
4174
2888
1689
4945
9733
5294
9334
3969
5349
5709
4696
10992
5636
3853
6289
8775
6714
11299
6753
6354
7287
592
2024
6733
6334
4606
3833
11863
764
10571
8759
6604
9289
5329
5770
2787
1524
4925
11057
9714
9753
9354
8062
11034
4539
5599
181
243
7968
60
2014
11630
2822
5833
7521
4067
8338
6125
4281
9974
3329
3770
7631
10918
6870
7348
10090
10427
7708
3599
9145
8864
417
10668
9624
11858
9962
8872
4626
435
6554
11025
1466
9803
9404
4516
1070
10275
2114
7276
9534
4083
5549
214
11008
6060
408
7618
8074
10931
1335
1783
2912
7528
7380
2463
11542
4857
9195
7611
3549
4565
7398
708
373
3529
10497
7548
7701
3399
3935
9060
4758
10951
2437
6195
1182
11092
4162
4310
3619
7321
11919
4843
1183
2207
8538
5903
5529
8167
1695
9554
10259
4339
6624
5399
6962
5935
11220
7692
12007
4995
1831
1148
6534
4406
4646
784
10371
2776
5619
6404
6803
11856
3903
4905
7871
11886
6503
2476
6630
10040
839
2572
937
4013
9410
8388
9650
1992
2179
5673
2100
11643
3282
663
9581
2078
6520
536
859
4589
7263
11922
8227
419
4056
11062
1967
10984
2737
10821
9239
6013
4458
17
9306
3673
8612
5282
1171
721
10797
7237
10880
719
8702
11181
6239
2763
11967
2364
10898
5686
10942
8322
5244
421
8247
4304
6306
2838
3002
1320
11381
2155
1441
1237
8691
9503
3686
9630
6581
3244
9520
2991
6410
6650
878
11888
2021
6331
9518
1404
1085
3627
8425
10574
6648
6601
11345
6408
11460
511
986
9711
9483
5856
9351
11277
8273
610
11383
9628
3105
3517
1984
2313
2982
5627
11145
2840
7524
6592
4284
9971
6756
7634
10878
3856
1666
10900
11183
8682
5105
8861
5517
1432
8286
4460
1625
10362
1169
1855
9592
10777
2944
3291
7813
7414
4242
5302
7654
11174
1680
11004
1745
1462
6971
8644
9756
5407
5647
534
10206
9648
9601
7205
9408
8390
4171
11760
2098
1533
9331
5291
10436
2199
6518
7435
984
2080
11641
3302
11374
509
10509
6628
10038
3407
3647
8445
6483
6711
10139
2496
6351
2796
2008
6783
6384
759
120
8745
3883
5057
1867
9342
10809
786
7735
10736
7064
5379
4975
10112
11790
175
831
4308
9456
1280
5883
3057
8153
4231
6175
8540
1771
7513
7681
3379
9159
7862
2561
10914
10477
7550
4760
9058
7143
3043
3355
9175
7378
7530
6456
7400
1047
980
5164
4251
11400
6058
11010
8133
7157
6159
823
7620
5043
4687
6342
4103
5355
4959
9384
9783
3164
10295
7296
11200
518
10670
8219
11490
761
8725
797
2235
10920
493
11319
3579
10189
3768
200
6868
42
2361
7710
7350
10088
8
1377
253
833
7485
50
10486
78
5241
1718
4301
9767
1663
2269
3172
8340
11119
5579
8309
5768
527
4053
8694
7246
10245
788
7970
29
6584
4292
3241
779
2994
9542
5172
1814
2726
11861
766
8236
8795
7874
2746
1536
781
4676
10473
10022
5555
6542
7226
10225
5867
2890
4033
9584
10719
11529
8958
615
7072
11282
7423
8203
9868
10981
10824
6767
4218
3555
3867
7769
7330
7578
1090
1921
7600
2658
11176
2285
724
10830
7704
5252
1443
7469
6467
5317
10954
896
1708
11941
11165
10165
7324
7723
7166
5697
6392
4637
5093
11376
2048
9551
9698
10419
2001
3252
6621
2149
9680
3317
975
6531
9318
1732
10116
10773
10374
7115
1804
11365
6401
6608
2446
8495
3697
3093
11891
7193
9621
6680
5066
2426
3607
3015
516
6551
6698
9401
8590
256
9608
3232
991
2111
2129
1275
9531
6318
11378
1901
2028
5468
11354
2003
9467
3066
5607
157
8277
424
5015
8071
10934
10786
7785
10562
9392
2223
5232
4663
11178
1950
7614
11154
10850
3468
2785
11433
4927
5752
6054
485
4418
1660
5148
10861
2614
10682
8900
4016
135
5049
11207
7223
1772
8878
9034
4583
6560
8574
3752
10425
7426
1285
944
9147
2193
6852
3148
7028
933
810
10273
14
7129
3049
7111
11313
9832
11407
4065
1222
1246
6127
11841
6147
8436
1244
3029
7149
3211
9852
3441
9560
7048
10390
3128
4492
8206
1946
6832
8139
3732
10445
7446
9127
946
113
2115
8038
1233
4367
8509
1686
9054
5211
5029
2469
2704
11270
5441
8777
4501
11733
5128
1369
8362
10286
7285
734
2166
5732
2324
2723
10644
6034
4947
9004
10540
292
3268
10153
4817
1987
5432
2423
2072
1528
6988
7658
2600
8477
3675
5741
412
8914
4801
9267
2578
2330
2769
1019
6020
116
1482
9081
217
586
4089
5268
8809
7746
10745
3432
4188
559
2874
4556
6841
4792
8112
11029
5675
3741
9922
7890
2226
8736
9664
460
8295
5987
2970
5659
2246
6922
7726
597
10725
1789
3452
11304
561
6664
7994
9841
10219
8670
3987
1187
3659
2350
2710
7361
4122
623
6267
9020
4718
6081
5452
7269
10133
9010
9988
712
2485
883
11295
2296
6283
588
1731
7012
8245
10694
10309
46
7235
10236
566
3502
11661
1795
5491
579
339
196
11740
4356
6672
2400
9110
4808
8088
97
1039
2530
2378
4731
8189
633
925
8920
2620
4442
332
10340
5502
1268
2157
3491
4260
8486
4212
1177
8824
8981
1683
10203
11412
922
815
9672
3976
6110
10958
881
4907
4751
4484
2143
2550
1290
7561
2862
968
2513
2681
8022
8473
11212
581
9283
5976
10795
10012
7796
480
8719
11440
8225
2064
2735
1530
7080
9902
2435
11306
7199
6197
9938
8419
7098
1242
2205
951
7496
1916
6360
238
3121
10495
11934
364
8374
8773
8116
212
4879
3937
144
2654
2414
2813
9104
9891
1463
7944
11728
8830
4451
4383
4784
6256
5121
8165
11954
11426
916
5937
8954
4997
465
8786
4106
10071
8934
2524
11428
10277
7840
3791
7982
6104
7313
260
4742
6891
5802
43
4431
8850
11726
111
4138
5198
11250
4508
9256
5963
5180
4039
8562
2634
5099
193
942
6902
5791
1213
4855
9197
4567
6938
3802
11691
7021
3198
1251
9360
3963
3180
10590
11308
3099
1249
250
11836
53
11369
3200
3079
9358
7155
1391
10156
3178
10588
6882
0
3357
828
9177
242
7991
6661
11693
3782
10459
9844
6940
208
4553
8848
5200
1845
11169
4140
5079
1780
7763
11917
7364
10412
8727
4510
10652
1364
5178
2237
9739
729
390
4685
9806
5357
8002
7838
6084
5782
1755
10297
229
9042
7737
3839
4623
11562
6739
4977
2263
11972
1910
731
10522
1366
5343
5744
8747
8911
10632
6042
5055
4804
4403
690
6806
141
4533
9084
3906
8828
5839
6358
4899
7572
949
7476
10475
154
2871
7078
6844
3343
3744
9940
3055
7100
9882
7179
6177
5906
1140
9661
11838
1078
2692
3214
3444
5405
5645
5009
1448
792
4936
9303
5996
309
10775
7776
5593
8992
11115
9051
5214
1052
2701
2548
6506
1016
5444
3405
4669
3645
4504
6136
8447
1373
1115
7207
3996
2321
11969
6209
328
10641
6031
9001
11592
6439
3593
10183
11315
7437
10960
6108
56
10338
9136
2618
5566
6051
5482
11830
3107
3515
4258
9506
2398
1041
10864
9439
2611
11042
3625
4810
9108
8427
8090
7463
1014
2528
2380
7912
8918
1671
9209
9031
11525
3566
10759
8571
564
3482
11663
5107
5515
10062
5625
2276
6303
7114
1767
1669
1135
9018
4720
10074
8931
2521
288
9119
3926
9008
7822
9990
3393
3794
6101
6894
4434
2708
1036
2348
3605
9416
3017
2631
5889
695
10872
6092
5926
5794
9233
5393
11658
8668
7024
2968
9465
11534
6789
5605
8275
5017
11557
3889
6253
7787
1446
9092
6233
8259
1714
10167
11124
7888
5695
4635
522
395
9789
5270
2287
11656
3366
3124
5946
9253
8371
4190
584
4919
6465
1348
5315
1021
2598
6119
2651
6990
7660
2411
9101
1818
9894
7117
7941
6018
11324
2580
2328
1034
8497
4454
3695
4781
10538
3270
6416
5124
5366
1043
3946
1382
3315
8951
8821
8984
5557
10227
5865
7932
3816
736
6716
1539
6173
1940
189
4754
4353
8797
11731
4713
4481
11149
1371
105
7564
10612
2684
5130
6765
3557
4849
3865
8040
11037
5816
11686
9489
11349
4973
11843
9558
9186
2061
10388
7050
3130
874
11311
3150
7487
7030
3543
6489
1832
11587
10691
9765
1704
1120
11688
6558
7372
6186
904
5494
4829
8942
5150
9716
9173
5543
8898
1808
4603
10702
4734
4333
8880
4986
7952
3494
10247
11431
4420
2642
10322
6674
8941
6499
1134
1553
7497
11215
1121
8660
3936
10548
8117
10701
5504
304
4444
2183
6196
5669
2960
4009
7951
1143
10321
4214
2641
272
4593
7259
9910
8888
7014
6257
622
4996
9243
5936
10692
713
27
1835
484
4645
7371
3504
3669
4405
1188
1480
6009
11556
1691
2775
6243
413
11558
8024
7668
1490
6910
3810
735
10014
4625
2759
9257
7275
10276
11657
171
1370
3258
4515
8787
1436
4107
11634
1477
2062
8008
8822
351
11030
273
1035
2338
9674
9499
10618
7931
5810
4482
10528
10380
5258
10398
4566
10611
9196
2864
1136
11842
2412
2652
10237
7880
9102
396
4357
7942
5685
4782
7898
11997
5510
4178
687
9799
2297
5553
9570
5140
4079
6305
8952
4200
2156
9904
9091
1471
7000
276
1020
2588
1912
11036
3685
8487
8030
6978
11687
3510
2459
11588
8372
224
3553
3140
908
11269
7040
2475
10871
11586
9978
3533
4906
6904
6091
3804
3403
10000
11038
8050
5899
4839
3977
3623
696
8932
10263
5533
2522
7984
159
7821
5804
5403
4055
4744
4343
6102
658
6570
9305
7797
3899
387
5977
2632
5623
8564
6799
11837
8476
3713
3481
9950
3353
3754
184
8572
5973
6854
11249
9266
8100
11043
4816
8179
10061
2388
1040
9834
8078
6930
5849
11982
1556
9215
667
4130
691
6052
5481
5713
8737
5754
5353
378
9729
2227
9370
1365
3973
11662
2612
389
730
10684
7828
4557
6749
9032
4865
6293
3849
7747
7911
9052
3829
7727
678
6370
6729
2702
5420
7848
6215
8364
8763
391
2247
9749
10642
6032
5986
9293
5333
5734
2322
4150
9002
11211
689
8838
5603
4543
2691
6950
5829
8155
9854
3420
6266
1942
1289
4494
6834
3986
814
9930
3734
3333
11411
3603
8991
11593
4017
464
7571
4605
11563
1549
11625
3434
967
2872
8114
4794
4393
4926
1527
10968
9881
3720
9924
6820
9662
11439
4889
6126
2074
2007
5434
10521
9449
1114
8463
6041
10631
8912
7918
6429
1141
5720
10708
9146
7427
7090
10348
9126
3919
10580
10328
7447
3190
6449
11739
4124
10651
4366
10598
10411
1152
1116
1842
8001
11224
11692
9429
6146
8437
3635
5781
5454
2538
1015
8207
11979
1752
9041
5919
2167
5190
4315
1267
1438
1584
1178
4270
355
4946
6881
6924
5635
7992
6662
9820
3781
3454
4695
1885
10287
632
8776
2745
10874
8796
9818
5792
6901
6094
7022
3801
7473
4675
481
165
5188
10226
7225
5556
5089
4268
580
11829
6717
7719
3817
10423
10072
11794
345
891
3792
7981
7824
9187
2540
5801
2153
6892
4741
10330
10578
3188
10769
4432
3556
3089
10600
5817
8561
1250
1139
6187
7189
9892
7920
793
1958
5718
11494
1935
11204
7088
10350
1606
4452
10710
5122
2133
10485
7486
950
1077
1947
9901
827
9094
1996
3718
488
10970
11404
10246
6818
7245
3122
479
9717
2219
4987
466
8235
11561
2725
1817
4659
5065
11307
2425
11413
10193
3583
9928
11591
8021
3016
816
10011
9417
6948
1291
3418
2000
2273
3927
3065
8982
11213
4049
8313
5583
1429
7786
9671
10785
4148
90
7934
5016
8840
19
4752
7562
1499
5418
11464
6368
7850
10614
11427
2861
2682
5927
8944
6671
5947
7830
3367
2286
10469
1616
1459
4732
10704
5501
11370
11727
4441
3492
4128
565
7954
10723
10324
7165
10166
11764
2644
4211
4029
9368
7419
8098
3947
5367
2390
7011
6417
8080
11041
8199
6928
7116
3501
7374
10115
7773
11170
5492
9948
8496
2445
1792
1807
7777
3879
7362
5997
8285
6779
4937
6568
4121
10654
11755
1741
10813
10414
1383
11944
8004
836
369
5784
5383
6082
5451
694
11206
1851
130
9044
1621
9755
5879
3997
8048
149
7206
10205
1284
945
7436
10435
8149
6507
7038
6884
9163
6921
11956
3784
3383
9980
809
3451
7509
11406
9842
2495
7139
6137
8446
9998
1245
8426
7574
3508
11150
11408
3039
3431
811
3138
4791
8111
6842
8129
5855
1286
2590
9137
5567
6998
3742
8028
9507
9884
3106
9921
6163
11986
6980
11455
4963
11350
5508
4099
11208
585
4180
5039
5431
1977
2071
10524
4198
1603
9568
5138
2277
9779
394
3855
8223
7878
4802
10634
6044
1540
3567
6755
5742
1485
5106
9082
7900
10530
10378
9176
3356
5260
5212
1347
4502
10400
6455
5442
8361
8010
9479
5731
893
1917
10620
523
268
2340
11195
10157
11485
5808
8269
334
2694
2309
9851
9807
5356
3212
3260
7295
361
560
10296
3442
4491
11732
6831
818
7670
3731
2236
6908
11395
8726
497
8994
461
3808
8746
459
11432
2795
486
3484
7809
3907
3751
6851
6807
1864
4976
9908
8890
10064
10735
7736
9831
7112
9455
1768
2958
5484
2203
5751
5907
6176
1613
1775
10862
1119
11785
10681
10513
8658
6479
10143
10550
7477
11312
7914
7203
5760
911
7958
6688
3975
515
8072
8423
2914
10561
990
2477
8600
5231
9391
4883
11435
5308
8769
8578
8330
6860
9622
2809
9307
9964
3760
7795
10796
4379
8874
6552
5975
963
9402
2112
11629
780
3231
2736
9532
8226
4057
3308
8246
8970
9552
628
2295
9860
6622
1791
7309
3251
627
6307
7694
6964
6532
10235
7236
1263
4355
5103
4043
6402
2670
5687
5959
1735
9688
8710
8350
1543
593
5251
11300
1339
7340
4164
11735
83
1600
3103
3687
8485
3959
6391
3010
1218
7277
10840
11177
7071
4517
8785
4105
6279
10313
10982
187
2900
5284
8614
382
2878
4627
9255
1394
11283
616
11377
1276
10021
8193
322
4856
2574
2012
6541
974
11245
3284
86
7590
1091
1414
2436
10199
10080
2206
10098
976
4291
2139
10496
7495
11274
3242
2509
9541
5171
1274
3460
2038
8115
8704
4647
8469
1433
4407
2362
10944
2777
9279
8166
8723
8324
4302
6255
5242
3171
765
1610
5460
886
682
3004
6341
10149
11265
8435
126
3637
11541
1084
8205
981
10048
7390
11931
72
2419
7445
10446
609
1952
11276
2374
2773
9638
2116
5637
8813
8414
4093
4697
8654
7286
10285
2830
1069
11951
1238
7644
4252
2165
4317
434
2954
227
8524
5663
1546
2934
2786
785
662
4232
4015
7682
4607
7861
2850
938
8634
2562
10223
1281
3663
4468
11254
611
301
11278
9341
11091
985
7425
10426
7273
510
6638
10028
1086
4066
10129
10111
4172
2245
9602
8296
760
5292
9332
3301
1272
637
10994
10726
7725
11061
307
4579
4768
9070
6217
618
7219
6352
5053
6712
10361
2088
11744
8400
9591
1147
3292
24
2920
1622
2189
5301
8530
8378
1852
4241
10269
8157
8620
913
1588
2486
11219
6972
1742
3053
7133
7153
3033
7540
123
2824
1871
2981
5218
11444
6591
3676
8550
9972
8143
10658
8513
8681
11382
1319
8862
6332
2473
2022
5033
972
1559
4555
3218
6602
4867
10746
7745
6070
9217
5676
2719
9352
9712
8735
8064
11182
1994
2225
10890
6068
8692
11399
1388
4636
822
1619
5696
6169
7167
10888
1717
4294
6582
5945
4709
3365
4349
5316
1048
5174
9544
337
6466
3220
2992
11489
8701
10117
8548
4853
10660
11199
1321
99
1957
3696
9493
1334
2447
10941
4969
8321
3945
5365
1343
6415
7538
3174
3316
5220
1948
1082
3001
3539
6493
7074
8618
11789
10822
3925
11642
2090
5067
1336
2427
8611
5281
8398
2918
8528
8380
9415
3606
4833
7872
4599
9169
5539
535
10024
4329
4770
9068
11063
5925
2571
3067
1496
1982
6544
11834
9466
3281
10787
9582
1170
11857
5606
8276
11887
10030
6640
10487
68
1609
3254
1451
1707
3389
1692
6961
7691
9123
9766
11093
888
6185
10372
4470
1279
5893
11977
9715
2848
4985
420
8237
5254
7702
5389
9229
2727
10952
11759
4161
6249
280
3893
7322
6793
6394
7247
5866
720
7227
6229
6715
3815
436
8263
10932
2747
2911
9249
10564
1071
9394
9793
5234
2828
11459
4923
4677
7612
3866
6123
9961
6766
8871
5815
9640
979
3234
7388
10050
9185
11543
11862
1165
10737
2821
2984
5458
7522
431
5013
4282
12002
6594
5056
7632
1066
1550
9299
2797
8684
3905
530
5589
849
6805
10572
295
877
318
3458
11086
10476
7475
2040
11637
4673
6213
3056
9457
10078
11538
5905
8061
6443
10179
3589
10100
1089
11536
7588
10155
3304
7156
907
1493
10991
9443
11088
9213
11281
1891
614
6457
7459
10364
10763
2898
2942
9594
1064
1751
2880
7652
5304
4244
7412
10838
11002
9805
429
4686
7297
1841
8642
6299
3083
5857
1675
8521
9135
5565
2931
7338
9505
3516
11530
3008
1868
8348
3626
9690
8708
7864
1341
10912
8631
10463
1314
5083
3857
219
7759
6382
1988
3565
4549
6757
11825
2668
5516
9743
9344
11058
5626
7062
8968
1386
9858
1764
725
2275
10114
6743
6344
4619
3843
1378
9382
3310
5646
3162
2259
9757
5406
7775
4399
10776
6858
5339
12008
3758
5995
425
8287
492
11056
11320
4935
4529
2371
6505
1316
1352
4903
8411
8598
5843
8651
1073
2497
6135
5162
5310
3646
8580
8328
3406
7641
3339
11999
3995
5758
12006
11120
10207
2951
1918
10437
7960
6690
7183
11892
