85
113
84
113
90
113
81
113
96
112
11
34
12
34
13
34
14
34
93
122
72
74
95
74
40
45
35
45
16
3
22
67
111
97
58
56
84
128
127
128
101
128
102
128
79
85
106
125
107
125
15
32
30
122
92
91
111
45
46
49
46
23
123
74
75
108
75
78
75
20
93
15
6
7
54
109
106
98
106
125
130
114
130
116
130
81
130
20
33
25
4
1
10
1
7
1
5
1
19
1
59
51
9
28
22
17
76
84
111
117
121
117
123
115
31
27
6
62
57
53
34
41
5
94
44
47
43
47
92
82
66
82
120
82
94
110
97
77
121
77
120
77
34
44
35
44
18
17
9
87
126
104
126
3
11
6
11
9
11
8
11
76
83
88
72
70
72
105
87
36
42
43
42
15
4
5
58
57
58
75
114
112
95
106
73
107
73
76
73
23
7
127
54
52
59
52
41
36
37
36
28
26
33
26
112
108
72
108
39
49
35
49
3
60
62
60
72
109
96
109
32
33
8
33
70
121
9
65
115
89
58
59
10
59
93
88
66
88
16
2
12
40
38
18
10
78
116
85
129
126
129
83
129
103
129
60
61
8
61
110
107
109
107
69
80
28
24
26
24
35
37
54
50
52
50
17
7
73
103
87
101
104
101
73
102
122
71
121
71
66
71
67
90
89
90
6
31
29
31
78
79
69
79
114
124
103
124
101
124
86
124
22
13
23
13
21
13
0
13
37
39
40
39
19
29
91
66
117
78
82
78
77
78
71
78
16
5
19
55
4
96
1
14
94
104
109
104
105
104
41
40
79
86
125
118
126
118
127
118
119
118
3
32
31
32
75
119
83
100
116
100
80
100
102
100
34
48
37
48
11
35
12
35
13
35
14
35
21
91
67
70
123
70
10
105
69
81
65
63
61
63
80
99
90
99
86
99
119
99
18
8
20
19
20
19
22
19
23
19
21
19
70
120
117
69
77
69
68
69
21
110
98
20
0
4
0
10
0
7
0
5
0
65
64
74
76
82
76
108
76
71
76
67
68
115
68
3
2
6
2
9
2
8
2
19
2
4
57
55
57
39
43
