113
85
113
84
113
90
113
81
112
96
34
11
34
12
34
13
34
14
122
93
74
72
74
95
45
40
45
35
3
16
67
22
97
111
56
58
128
84
128
127
128
101
128
102
85
79
125
106
125
107
15
30
32
92
122
111
91
46
45
46
49
123
23
75
74
75
108
75
78
93
20
6
15
54
7
106
109
106
98
130
125
130
114
130
116
130
81
20
25
33
1
4
1
10
1
7
1
5
1
19
51
59
28
9
22
17
84
76
117
111
117
121
115
123
27
31
62
6
53
57
41
34
94
5
47
44
47
43
82
92
82
66
82
120
110
94
77
97
77
121
77
120
44
34
44
35
18
9
17
126
87
126
104
11
3
11
6
11
9
11
8
83
76
72
88
72
70
87
105
42
36
42
43
4
15
58
5
58
57
114
75
95
112
73
106
73
107
73
76
23
127
7
52
54
52
59
36
41
36
37
26
28
26
33
108
112
108
72
49
39
49
35
60
3
60
62
109
72
109
96
33
32
33
8
121
70
65
9
89
115
59
58
59
10
88
93
88
66
16
12
2
38
40
10
18
116
78
129
85
129
126
129
83
129
103
61
60
61
8
107
110
107
109
80
69
24
28
24
26
37
35
50
54
50
52
7
17
103
73
101
87
101
104
102
73
71
122
71
121
71
66
90
67
90
89
31
6
31
29
79
78
79
69
124
114
124
103
124
101
124
86
13
22
13
23
13
21
13
0
39
37
39
40
29
19
66
91
78
117
78
82
78
77
78
71
5
16
55
19
96
4
14
1
104
94
104
109
104
105
40
41
86
79
118
125
118
126
118
127
118
119
32
3
32
31
119
75
100
83
100
116
100
80
100
102
48
34
48
37
35
11
35
12
35
13
35
14
91
21
70
67
70
123
105
10
81
69
63
65
63
61
99
80
99
90
99
86
99
119
8
18
19
20
19
20
19
22
19
23
19
21
120
70
69
117
69
77
69
68
21
98
110
0
20
0
4
0
10
0
7
0
5
64
65
76
74
76
82
76
108
76
71
68
67
68
115
2
3
2
6
2
9
2
8
2
19
57
4
57
55
43
39
