63
62
30
62
38
62
48
62
19
36
12
19
13
19
13
58
9
55
22
54
56
51
24
51
56
65
35
65
31
52
27
52
29
52
48
52
2
4
9
31
22
63
57
32
19
56
20
56
16
39
58
34
46
35
39
61
27
61
18
61
47
61
25
30
54
53
31
53
49
53
64
53
8
21
27
0
1
1
6
7
3
16
38
17
60
26
60
29
60
23
60
11
17
11
18
51
50
32
50
3
0
0
19
33
45
33
55
47
8
47
33
15
14
15
44
15
43
15
56
42
46
42
6
58
14
12
14
39
66
30
66
26
66
64
66
51
41
57
41
20
45
34
44
12
44
9
12
8
12
8
11
14
11
44
11
10
11
21
26
25
29
50
25
41
25
21
25
24
1
5
2
5
50
49
41
49
24
46
65
22
15
22
42
22
15
16
11
16
7
64
40
64
65
21
33
21
42
21
43
21
13
7
48
40
48
54
37
38
37
17
37
47
37
36
43
45
43
20
28
57
15
23
51
40
6
40
28
40
2
28
63
59
18
59
49
59
23
59
55
10
