62
63
62
30
62
38
62
48
36
19
19
12
19
13
58
13
55
9
54
22
51
56
51
24
65
56
65
35
52
31
52
27
52
29
52
48
4
2
9
31
63
22
32
57
56
19
56
20
39
16
34
58
35
46
61
39
61
27
61
18
61
47
30
25
53
54
53
31
53
49
53
64
8
27
21
1
0
1
7
6
3
38
16
60
17
60
26
60
29
60
23
17
11
18
11
50
51
50
32
0
3
0
33
19
33
45
47
55
47
8
15
33
15
14
15
44
15
43
42
56
42
46
6
14
58
14
12
66
39
66
30
66
26
66
64
41
51
41
57
45
20
44
34
44
12
12
9
12
8
11
8
11
14
11
44
11
10
26
21
29
25
25
50
25
41
25
21
24
5
1
5
2
49
50
49
41
46
24
22
65
22
15
22
42
16
15
16
11
64
7
64
40
21
65
21
33
21
42
21
43
13
48
7
48
40
37
54
37
38
37
17
37
47
43
36
43
45
20
57
28
23
15
40
51
40
6
40
28
2
28
59
63
59
18
59
49
59
23
10
55
