409
1034
1999
1796
3909
1796
3070
1967
638
645
2875
501
1134
501
3780
501
500
501
3769
1900
3146
3145
3943
3145
1983
2631
3777
2361
2211
3853
2230
2627
2789
2627
3086
790
2740
1090
3238
906
1467
906
3598
3550
3858
2192
2597
2562
2392
2562
1921
2562
2135
2562
2602
2562
2155
2562
3797
2424
3305
2424
1334
2424
452
2624
1043
2624
2216
2624
3088
2624
207
297
2102
2089
3156
2427
3157
2427
2196
2427
904
3125
1972
2431
2218
2431
1953
2431
82
2565
3096
3678
3096
2105
3096
411
3953
444
1021
446
2295
96
95
800
1037
2443
445
3886
445
3903
445
3907
445
1970
1964
3877
1964
2037
688
2501
688
2450
2899
2803
2899
461
2346
1549
1547
2260
1547
3974
396
1723
2552
510
887
3077
3146
3947
3146
715
917
1891
2351
2363
2351
3240
3113
2249
3113
645
3387
3096
3387
824
3387
3073
3387
956
3387
1166
3387
916
3387
883
3387
3657
3387
3658
3387
1162
3387
952
3387
829
3387
1159
1390
1678
1390
1006
3936
2133
2124
3879
1957
1781
1957
2905
1957
2706
2942
3259
2589
2165
2589
3568
3451
1228
3451
843
3451
827
2389
3743
2389
828
2389
3955
2005
2114
3303
1243
3303
965
3303
3753
2131
536
3095
457
3448
447
3448
2343
3448
1559
1954
2226
1954
2754
2127
667
1590
96
2301
3362
1938
884
2849
1845
862
1845
914
3126
1424
3126
785
3126
1865
3126
2852
3126
1198
3126
3127
3126
1870
3126
469
3126
3602
3126
2075
3126
3449
3126
2849
3126
1435
3126
1460
3126
1381
3126
2851
3126
1432
3126
3410
3126
783
3126
878
3126
2323
3126
1323
3126
458
3126
778
3126
3625
3126
3626
3126
862
3126
1868
3126
1462
3126
930
3126
2056
3126
2066
3126
899
3126
3271
3126
3185
3158
3891
1544
1785
1544
1550
596
797
914
1744
3052
3222
3161
1616
3161
2654
2900
1602
2796
2883
2967
3715
2034
3516
568
2705
568
1567
1562
2115
1424
2577
1424
1682
1192
2571
1192
691
3753
1535
1627
953
1361
3686
1361
3439
2090
3438
2090
1624
1631
1356
1631
1622
1631
1867
1631
1862
1631
1668
1631
2847
1631
3580
1631
2328
1631
3327
1631
838
1631
1603
1631
533
1631
953
1631
2312
1631
2047
1631
1873
1631
1459
1631
1866
1631
959
1631
881
1631
1573
1631
1193
1631
3533
1631
3689
1631
3686
1631
1871
1631
3488
1631
2848
1631
3594
1631
3534
1631
955
1631
2311
1631
1665
1631
2307
1631
477
1431
3514
1427
3518
1427
518
789
2740
1089
2593
3274
712
1624
3542
1899
3969
3235
105
2873
2964
682
2037
569
2021
130
3963
934
1295
3582
1295
2762
1351
853
1552
842
1552
1696
1346
3827
3677
2414
3677
1937
3677
3676
2547
1958
1942
1989
3172
3173
3172
3891
3172
537
1589
2125
525
2767
525
1470
525
1713
525
180
184
309
184
3401
3368
3422
3368
3075
3368
1675
2957
1694
1124
3738
1124
112
482
1357
824
2681
512
558
3371
3529
3371
3382
3371
3262
2390
3262
2390
2539
1127
2549
1127
2352
2954
1675
2954
828
827
828
827
80
106
2140
2590
2137
2590
3719
2590
1742
831
765
1131
2322
1131
1955
3199
870
3199
1599
3199
9
3236
235
203
231
203
3967
1005
1867
1389
3327
1389
3117
2544
3278
2544
2729
2544
514
2845
2156
3183
2323
1341
2066
1341
1783
912
3589
3547
2344
3547
1878
1280
1221
1280
3494
3331
528
3331
3293
3331
1521
3331
2285
3331
3301
925
371
925
2984
2373
1563
3132
1742
1542
3322
3328
657
1356
3855
1310
2579
2557
1745
882
3641
2829
2054
2829
370
1952
3301
1952
373
1952
515
3637
1656
3637
1624
2947
1356
2947
1622
2947
1867
2947
1668
2947
3580
2947
2328
2947
838
2947
1603
2947
533
2947
953
2947
2312
2947
2047
2947
3360
2947
1873
2947
1459
2947
1866
2947
959
2947
881
2947
1573
2947
1193
2947
3686
2947
1871
2947
2848
2947
955
2947
2311
2947
1665
2947
2221
2219
874
1728
629
2944
535
2085
1461
2122
2749
2122
3056
2122
1585
1136
929
1136
3675
836
3651
836
3112
2115
2310
1220
2709
1220
3631
2279
2112
3276
2119
3276
1140
3276
2881
2554
2381
2554
477
3527
24
188
3666
2309
1889
2309
3681
1830
896
1830
3673
2855
2355
2855
3862
2791
3862
2791
3064
630
1027
630
538
968
3852
1962
3194
1962
3203
1962
3263
723
2536
723
1745
2615
1758
2197
2202
2197
1873
1636
3579
2567
2944
1366
1857
1366
3715
2500
1476
2585
2898
2585
2793
2622
3217
2622
2383
2564
1746
2422
2435
2422
3005
2422
1691
2865
3831
2385
3690
2385
116
3967
3180
2194
3037
2194
1551
2194
1956
2194
2895
2194
1399
2194
1501
1499
2567
1436
689
3275
1754
2415
2291
2026
3479
3234
426
430
427
430
782
1032
2122
3497
2376
3497
2093
3497
2732
2310
3236
1557
3564
2356
1654
1829
3195
1829
806
1373
805
1373
3665
2542
2707
2280
2506
2280
3961
391
585
2341
2707
3279
3366
3279
3290
665
2132
665
3724
2728
378
3222
779
3222
785
517
2852
517
877
3881
2085
1219
1443
1219
3933
1947
3031
1947
604
2952
2972
487
920
514
505
514
3408
1115
913
1115
3896
815
3205
2136
2902
2220
1299
2220
801
3920
3926
3920
2320
1122
908
1122
1577
3094
863
3094
860
3094
937
3094
1308
3094
1527
3094
1553
822
1751
484
483
484
1752
484
1613
484
812
1944
1505
1944
774
1944
462
465
3249
465
384
3242
1681
785
469
1085
2056
1085
3855
1309
1676
3649
3072
3649
625
3649
2505
1855
911
1855
2940
2830
2699
2830
3695
591
2569
591
1095
591
2973
591
2965
1554
2869
1554
2966
1554
1222
1279
2551
1279
503
506
1088
506
2731
2962
3119
2962
2556
2962
424
429
654
655
1596
655
1553
1791
1469
1622
1448
3144
811
3144
1501
1500
509
1585
93
901
2982
3192
260
212
232
212
314
237
2585
2366
3314
1567
2437
1567
2792
1567
2094
1197
3260
1197
3843
2636
3860
2636
2106
1615
1068
1615
2968
1615
2262
3310
3309
3310
2975
1415
2236
2436
2657
2436
2844
2499
387
2499
481
1865
2060
1194
3176
1194
1159
1385
865
1385
3971
3957
1478
1564
1561
1564
2251
3124
1996
3124
2672
3124
836
1422
787
1422
2958
2032
80
3101
3100
3844
455
3248
629
626
629
830
629
5
1026
920
515
505
515
2085
3171
1382
3171
3384
3171
1875
3171
1878
3171
3495
3171
903
3171
3494
3171
1443
3171
1143
3171
528
3171
1869
3171
3490
3171
3520
3171
909
3171
2092
3171
1521
3171
866
3171
810
3171
1146
3171
851
3171
849
3171
934
3171
832
3171
837
3171
3560
3171
3582
3171
2083
3171
1170
3171
3502
3171
1167
3171
2332
3171
1221
3171
962
3171
944
3171
3036
814
779
814
2670
814
1431
1114
2101
1114
666
667
1591
667
1977
3168
3169
3168
2214
3168
2389
600
2387
600
2872
600
3696
600
2362
600
2739
600
484
485
2972
485
2624
464
3249
464
66
3794
1945
3444
1084
2289
3372
1650
3372
3397
3372
1662
3372
1317
522
3186
522
520
522
516
522
3642
784
3679
1854
2300
1854
90
91
1960
1555
557
2530
2180
1606
1025
1606
1981
3209
1070
2842
3747
1406
628
1857
3094
1529
3957
3937
3948
3937
1807
3937
3958
3937
3729
664
659
664
1969
817
2212
817
1465
817
1815
1002
1865
1117
1323
1117
2260
400
866
1251
2083
1251
479
1087
2359
1087
2024
1246
1667
1246
531
787
462
467
1479
3797
2802
2799
2660
2799
3849
2799
2777
2771
1941
1414
926
1587
2355
1587
3286
1587
1979
3847
3410
1864
3030
1617
1978
1617
3786
1743
3097
1384
1162
1384
1701
1195
1942
1565
3771
1565
2175
1565
2658
3180
2663
3180
1725
1698
2394
1698
1904
1698
1006
1039
65
3844
454
1707
454
3777
454
1304
454
1692
657
3251
657
1104
657
1591
657
446
457
3129
2040
1486
2040
2703
2040
3623
2040
1485
2040
1444
2040
2506
2040
3128
1292
939
1292
1491
1981
880
1981
1911
806
1108
1106
601
890
571
1491
571
1491
3652
654
1109
654
3325
1261
451
2011
131
1800
3060
1417
1923
1417
3740
1417
2978
1584
344
285
171
285
301
285
1934
3827
879
1387
3683
1387
1450
1614
3499
1614
658
1867
2988
1896
72
19
770
2945
2329
2945
2058
2945
2351
2084
1124
2084
1585
2084
457
2084
2555
2084
447
2084
472
2084
2358
2084
3270
2084
1042
2084
2104
2084
3405
2084
1326
2084
45
1065
2987
2817
399
3954
399
3628
2114
1565
536
2601
536
2992
536
3735
536
3137
536
2399
536
2356
3313
951
3313
974
3313
2618
2606
1847
3346
3373
3346
453
931
2554
1530
1195
2555
2871
2555
22
186
3522
2854
2989
927
1920
927
5
275
3623
3361
3364
3361
713
3048
35
2560
2857
3597
3358
2836
3358
1590
3051
968
3051
1530
3051
986
3051
1209
3051
662
3051
1633
3051
3385
3051
1358
3051
879
3051
3555
3051
3323
3051
635
3051
3067
3051
639
3051
748
3051
1377
3051
1623
3051
643
3051
671
3051
3620
3051
1618
3051
3683
3051
695
3051
3423
3051
606
3051
1600
3051
844
3051
3751
924
798
2529
2722
2529
1442
3326
313
305
1050
2406
3167
2406
635
1842
633
1842
3153
3162
3848
3162
870
3162
3809
3162
1599
3162
3837
3162
848
3667
904
3667
2395
3697
1104
3697
816
3697
1402
3697
2147
3697
2743
3452
471
3452
2575
599
2128
599
3763
599
3722
599
3146
3295
56
3579
2087
3579
2087
1996
2246
1797
2246
1997
2246
1807
2251
1998
2251
842
2251
3104
3103
301
242
313
207
907
2117
3950
2002
3509
2565
2879
2864
1972
2195
2218
2195
1953
2195
1578
2617
2584
2743
2379
2743
2747
2743
3776
2384
2396
2384
1932
3747
3259
3747
2165
3747
3716
2414
1846
3345
2595
2587
1780
1771
386
1799
3275
3264
2717
3264
3516
3264
3506
3264
2511
3264
1666
3264
2521
3264
1626
3264
1670
3264
3590
3264
1863
3264
2948
3264
2705
3264
2716
3264
1664
3264
1667
3264
2512
3264
499
3264
195
215
702
889
1106
642
3727
642
1107
642
3708
642
707
2039
2560
2698
46
991
2261
1561
2261
119
118
1696
1011
3373
2491
3363
2491
1580
981
99
442
1065
2106
1016
1040
3033
1040
53
55
3295
3296
2794
3296
373
3296
887
2292
2845
2292
3557
2292
2052
2292
3285
2292
2308
2292
2046
2292
3366
2292
1091
2292
2638
2614
2434
2614
3326
3325
2098
3325
3312
3325
987
2387
1763
2896
2121
2867
2395
3727
1402
3727
1588
3727
1400
3727
2147
3727
2187
2417
2887
2584
2656
2800
2801
2800
36
1475
1612
811
3110
1018
1776
3906
1776
2790
3191
2427
2753
3209
1582
3321
1582
2282
3344
1193
3344
484
489
1715
489
1313
489
1906
489
1738
1625
1519
3188
1951
3188
3808
3188
506
3265
2367
770
2749
770
3057
770
3729
652
1105
652
113
3966
2874
2965
510
2049
825
1294
943
1294
3670
2101
3542
2101
1679
986
3572
1297
871
1297
2955
2496
2953
2496
1974
452
2443
452
3886
452
2901
452
1971
3300
1661
2035
3856
1050
417
1016
3404
2266
2246
3324
1480
3324
2952
1425
873
1425
3633
868
652
1168
3649
1862
1156
1382
3613
1382
1226
1382
785
1412
862
1412
3016
2891
3145
3221
3945
3221
2169
1930
2957
2955
2861
2955
3706
531
984
531
1877
1209
910
1209
2884
527
2859
2059
276
300
105
10
90
10
103
10
27
10
25
10
20
10
30
10
18
10
17
10
117
10
29
10
12
10
86
10
83
10
24
10
38
10
108
10
79
10
33
10
23
10
44
10
78
10
114
10
39
10
2589
3266
527
3266
1713
3266
3861
3218
535
1668
652
662
2511
1179
1670
1179
3966
1004
1714
3079
2135
3079
489
2320
2401
3553
3604
3553
3567
3553
973
936
497
2545
1950
3850
3014
3850
2202
3850
2404
2601
756
2763
475
3921
1305
3921
2954
2844
2850
2844
2163
2401
2463
3880
2463
3880
2818
1319
3919
1319
2535
2847
3732
1852
885
1273
3273
1273
452
462
1043
462
2142
462
3088
462
3648
2929
896
2929
3132
1468
1471
1468
2659
1468
470
1082
466
1082
2511
524
1664
524
413
782
957
3294
2468
2256
1805
2256
995
2256
2646
2210
2650
2210
2258
3238
3915
3238
719
825
1952
1060
3296
1060
2539
1125
2548
1125
2449
812
2896
1007
3727
1112
1913
1112
2981
1112
1061
1112
3036
2241
2003
3241
1024
2180
1943
2180
977
2625
977
2625
3827
2582
2414
2582
2999
2582
1937
2582
62
134
3065
1753
2651
1753
2644
1753
268
138
1737
2612
304
233
980
2776
1753
1049
430
2294
1557
3939
423
3956
666
683
115
444
1973
1965
1980
1965
645
647
956
647
1417
713
1710
713
833
713
2118
713
1530
2050
3578
2016
432
447
407
1035
2072
1266
3171
2297
3108
1496
1447
1496
1102
1101
1306
801
860
801
1917
769
1015
1986
2245
1986
1336
644
643
644
3758
1891
875
2412
482
490
2197
2168
3859
2168
1963
2168
2183
2168
2645
2168
3303
2862
2599
2382
2448
2425
2780
2425
2452
2425
3310
2668
2467
2668
3975
2004
2191
2179
3024
2209
3200
2209
2647
2209
1060
1059
1060
1059
2639
1955
2938
2930
3963
3942
389
3942
585
885
1767
1763
1980
1763
2612
1601
3317
1601
820
1601
2154
1601
1482
1601
2088
1844
3405
1844
2337
3128
936
3332
972
3332
3760
922
3669
922
830
922
2893
3750
1760
3750
1546
1545
2440
3131
626
915
2346
1320
1042
1320
509
2852
1586
1847
3083
1847
2157
1401
368
3944
1764
3944
3276
2319
2698
1180
2049
1180
416
2007
3651
2112
3510
1241
970
1241
3272
1210
967
1210
3533
1256
1665
1256
2589
2125
797
2060
443
2468
3315
1929
2423
1929
856
3933
2797
3933
1036
3933
3429
2273
2120
2082
3027
3060
2191
3060
3764
3060
3821
3060
2429
3060
308
332
906
933
1498
3350
2490
3350
502
3732
1056
2766
1035
1975
408
1975
1015
1975
3873
1975
90
1789
2648
1460
1276
899
1276
3935
2253
1990
2448
2897
3794
3975
759
547
3580
3721
2872
2626
2158
1624
735
3594
735
3240
3885
2249
3885
3871
2658
2110
2328
2372
2328
947
2328
633
1069
216
227
2677
3916
3246
3916
1987
1773
1014
1773
3125
2756
2345
2710
2998
1918
935
1918
2413
1918
3177
2741
1037
2680
2013
2680
445
3844
3895
3844
2766
2148
1608
2148
3864
3824
1740
3824
1307
3824
3684
3562
2051
3562
103
3645
3609
3647
3609
1718
1709
2389
1679
784
1679
3696
1679
3114
1679
2372
1679
2739
1679
748
749
3620
749
342
321
292
321
268
321
2584
3503
2379
3503
2747
3503
1454
983
1501
2808
2783
3800
547
2070
2862
2493
3936
1013
1039
1013
2248
1013
3906
1013
3819
2778
1812
2263
2010
2263
3881
2458
928
2458
1786
2458
1500
1766
2808
1766
1988
1766
2371
608
845
608
2294
3832
424
3832
1424
578
878
578
805
1648
1172
1648
808
1648
1525
1648
3109
1648
3972
760
3704
2975
705
707
1409
707
277
353
354
353
2166
2984
3000
2984
2760
2984
1449
1448
166
214
2074
1253
1162
1253
2604
3694
3701
3664
3515
2276
1147
2276
903
3389
2332
3389
69
127
2131
704
3734
704
3791
704
2596
704
377
378
1573
3470
2848
3470
704
1158
3680
1872
1325
858
222
322
292
322
140
322
407
408
3274
2069
1895
2069
603
2069
3639
3568
1166
686
883
686
3755
1328
3755
1328
1872
3267
1874
3267
3576
3267
3067
750
748
750
1618
716
3423
716
662
672
671
672
495
3571
1660
3571
205
331
307
331
3649
1658
848
1680
530
1680
3162
3744
1570
1741
2977
3439
3510
2918
1494
2918
1717
1710
906
1756
912
1756
2224
1756
2431
2773
2263
2679
412
2679
3313
3419
1452
3419
114
113
512
3033
1398
3033
2345
2709
790
3897
1799
3897
3034
3897
3653
1148
2776
848
1328
848
3755
848
1735
848
1409
3724
901
1778
490
2013
509
1458
1356
1263
1665
1263
465
472
1803
1493
1604
1070
3044
1070
631
1070
1311
1070
3064
3700
1718
3700
1034
1808
1035
1808
2008
1808
2244
1983
2242
1983
1472
1983
3379
2518
720
711
2593
711
1711
711
2400
2986
498
3641
1860
681
2501
681
3059
740
3574
740
3695
3638
1095
3638
1350
3638
2180
3745
1748
3745
2092
3531
1521
3531
483
1751
483
1751
3356
3347
1750
1746
139
342
2557
3528
3110
3327
1449
3327
3111
3327
2045
1138
780
1138
614
838
3762
1893
2398
3725
2409
3725
1354
3725
52
28
3717
3696
2373
3666
1495
3666
2374
3666
1993
3893
3924
3893
1014
3893
3911
3893
2151
3618
2149
3618
3101
3618
3669
3073
1063
3073
830
3073
1716
1103
804
803
804
803
1882
3621
1
38
218
2433
2575
2604
2874
3653
2874
3061
3746
3261
3746
217
159
156
159
1765
1761
2757
3713
717
1603
1405
1638
2321
1638
214
167
260
167
335
167
2809
3872
888
3872
3768
2985
3402
2271
1709
1695
3064
1695
1723
1438
3294
1243
1915
3695
1736
3665
676
3297
32
250
3588
3430
2317
3430
1929
2877
823
1403
766
1403
2974
1198
3123
1198
3781
3726
2991
3726
3754
3726
1924
3726
2712
3588
2156
3758
1470
3761
2124
3591
3725
3591
2572
3591
2573
3591
1157
3591
2130
3591
1940
2998
1653
677
1860
677
1619
3463
3646
3463
238
149
348
149
27
2783
3001
2030
1518
1848
1518
2998
474
935
474
2413
474
3267
3402
2712
3402
2673
3904
2401
2746
2755
2746
3567
2746
2603
2751
2235
3153
3497
3479
3048
3479
885
3479
3572
3479
946
3479
3273
3479
1441
3479
1110
3479
641
3479
1150
3479
781
3479
1169
3479
854
3479
3577
3479
3272
3479
967
3479
636
3479
1766
3845
1925
2138
310
260
3804
2893
803
3825
804
3825
2204
3825
3917
3902
1503
3902
2648
3012
3214
3012
2444
3012
3189
739
3059
739
2
1103
674
1687
674
786
674
1909
674
3711
674
1335
674
708
3411
2582
477
1715
477
1313
477
1906
477
3123
2103
1899
3408
1697
3408
1506
3408
2999
3796
75
25
2763
2603
3840
2603
2416
2603
3024
2603
3200
2603
2647
2603
2158
2761
3817
2761
1047
2761
2765
2761
2186
3813
3295
3846
372
3846
3301
3846
86
92
3576
1874
3576
1874
713
3510
1955
1575
870
1575
3809
1575
2215
3772
841
702
2596
702
342
341
248
341
3742
2638
2870
533
74
26
3124
2243
3063
2243
1961
2438
2327
2695
2840
2695
3829
3795
2813
3899
1305
3899
3159
1271
2067
1271
3879
3861
3062
3861
1310
3826
1309
3826
2446
3826
1773
3858
3893
3858
3616
1877
3021
2198
3289
2198
2445
2198
3840
2403
2619
2403
2416
2403
3215
2403
2181
2403
1096
2403
1615
1633
3047
1633
522
3710
291
288
1706
2878
73
641
1363
960
1363
3052
1720
2189
1720
1151
1720
3739
1720
1732
1720
1493
2908
3085
2908
3952
2908
1601
675
1102
675
187
223
2077
3572
3041
3039
1854
726
1655
726
1792
3019
3151
3019
1224
3433
2086
3433
2298
2023
1857
1818
2839
1818
860
475
1488
3917
1001
3917
2675
3917
2912
3917
204
172
338
172
263
172
2746
2719
192
336
3292
1228
1703
1433
1905
1433
1721
1433
12
314
2492
2694
2999
2972
1613
2972
712
3679
986
618
606
618
3009
3831
2967
3384
3403
3384
2578
3384
408
1577
3239
1577
410
1577
2390
2376
3707
2376
3262
2376
3188
1353
3850
3828
1741
2989
3778
2989
3078
2989
2405
2989
2605
2989
712
1875
417
418
1631
1574
2026
1574
2059
2697
2980
833
2351
1133
1124
1133
993
3070
1780
369
1876
3513
2726
3513
1154
3513
237
200
356
200
1917
1908
3626
3546
899
3546
2089
2720
2862
2720
2333
2720
2338
2720
2959
2720
2860
2720
2532
2720
3563
2720
2958
2720
2078
2720
2681
3925
412
3925
1489
3925
1495
538
535
538
2374
538
2979
2363
3250
3810
1779
2633
868
1878
840
1878
1890
1878
2877
3599
3682
3599
1733
3599
2378
3599
2161
503
2150
503
1048
503
3774
503
880
948
2256
3896
992
3896
454
3636
2296
3636
1609
732
813
732
3934
2818
3210
2818
2095
3495
2566
3495
1683
3495
262
185
27
9
2073
1023
674
3561
2632
2433
2634
2433
2629
2433
2802
2228
3093
2228
3049
1719
3445
3277
3591
3526
2337
3558
63
2806
370
3247
1972
1533
1972
790
958
775
958
1702
1694
3507
3460
1595
3460
2606
3635
2407
3635
2608
3635
2574
2353
2581
2353
2788
3728
53
1543
1376
1406
3674
1703
3674
1708
3674
2390
2577
3707
2577
3262
2577
180
308
3077
3150
275
299
1905
3731
28
278
2441
3779
3624
3545
3176
3545
3147
3525
1207
3525
997
3525
2588
2574
3768
2875
3768
2875
217
216
210
216
2398
2133
2409
2133
1354
2133
43
233
324
329
324
3710
3496
2072
3496
523
3496
3670
1697
1958
3771
150
163
356
163
2158
3768
1047
3768
2765
3768
1510
2298
2583
2977
1601
3634
691
705
2378
705
2969
2343
1685
2343
2348
2343
3140
1572
3884
1572
3875
1572
3079
558
3579
558
3957
393
530
3675
3552
1371
3127
3544
3626
3544
3882
3862
3084
3862
2100
3524
217
326
225
326
2042
593
1657
593
214
232
1962
3803
3503
2692
470
2692
2421
2974
3004
2974
1144
2974
2542
3500
2736
3500
2081
3500
3441
3401
1150
3401
3311
3353
2854
3398
3511
3398
546
548
2123
548
2113
548
1145
548
2565
903
3678
903
2105
903
1996
3063
2254
3063
2872
3676
2362
3676
3121
3676
129
1793
360
161
152
161
56
31
800
938
3210
1478
3842
3002
3007
3002
206
180
195
180
1782
1988
2252
1508
1509
1508
392
1508
3589
3412
1487
3412
3050
3494
1632
3494
3058
3494
20
2037
3237
2944
3237
1855
3237
2499
3237
1854
3237
2842
3237
1857
3237
654
3237
2039
3237
2496
3237
1658
3237
767
3237
3559
3237
1653
3237
961
3237
2939
3237
1859
3237
1849
3237
1860
3237
1850
3237
2839
3237
2042
3237
2841
3237
1659
3237
1856
3237
850
3237
1605
3237
2043
3237
1657
3237
1596
3237
2501
3237
2487
3237
1655
3237
1617
3008
3017
3008
1543
3583
2440
3011
1769
1977
2656
3868
2493
1298
2525
1298
3894
3871
3297
3385
553
3385
632
3385
637
3385
1336
3385
633
3385
1071
3385
3054
3385
827
2371
3757
2371
588
2371
1916
2371
1520
2371
31
316
1666
1343
2936
1343
245
151
2591
2572
3150
3030
536
3592
1926
3762
704
3097
1778
1974
1594
1974
2995
1692
1704
3703
66
129
2721
3532
1964
3249
3307
3249
2426
3249
3025
3249
1043
3249
272
293
343
293
3635
3147
2039
3386
850
3386
813
721
1525
721
3532
2508
989
988
3311
988
1722
3642
1916
3642
3712
3642
3622
737
1511
737
1494
2478
3207
2793
60
32
1859
734
1655
734
208
334
600
3622
1478
3913
590
3127
1878
3473
962
3473
81
433
1074
448
1074
3815
1598
368
1598
366
1598
70
419
757
3306
1687
2253
2671
2001
2671
2259
2671
2903
3857
2234
3857
3782
1643
3060
1717
3585
3475
2052
3475
1698
1684
2867
1443
1152
1443
3280
1443
917
1238
3518
1238
941
2471
1921
1714
3800
3778
3001
3778
455
1077
931
1077
3526
754
3593
754
1324
3434
1647
3434
1944
3706
2893
3706
2200
3706
3773
3706
2205
3706
2145
3706
2436
3781
2184
3781
2193
3781
1529
1398
1060
3729
1059
3729
2132
3729
3737
3729
1192
1203
2530
1203
2353
2523
625
1706
3179
3117
3550
3383
1584
3383
798
3383
765
3612
1558
3612
2037
767
2944
767
1855
767
2499
767
1854
767
2842
767
1857
767
654
767
2039
767
2496
767
1658
767
3559
767
1653
767
961
767
2939
767
1859
767
1849
767
1860
767
1850
767
2839
767
2042
767
2841
767
1659
767
1856
767
850
767
1605
767
2943
767
2043
767
2838
767
1657
767
1596
767
2501
767
1655
767
3136
3559
3661
700
3407
700
532
1143
3292
843
2767
764
3596
1888
2771
3705
3795
3705
772
3705
2164
3705
1975
3307
1097
2171
3808
2171
2784
2171
1668
3601
3689
3601
2855
3476
3575
3476
224
164
354
164
1745
1098
2868
798
2151
3598
2880
3598
3813
2991
2521
742
2524
742
2392
2988
2602
2988
1355
2074
359
228
3006
2598
3718
528
3066
3065
3322
2643
614
2717
2172
3757
3406
3392
2046
3392
3599
3514
1227
1671
3637
3355
429
3355
3832
3355
3571
3355
3402
3355
3636
3355
3434
3355
1663
3355
3782
3355
556
3355
480
3355
450
3355
473
3355
534
3355
569
3355
3445
3355
3404
3355
2833
3355
3631
3355
508
3355
575
3355
529
3355
491
3355
1041
3355
425
3355
496
3355
1444
3355
544
3355
3231
3355
552
3355
3275
2687
3656
3585
2725
2714
3115
1471
3116
1471
2458
2238
1772
2443
1794
2443
3293
2684
3348
2684
249
346
347
346
60
374
2203
2406
2398
3843
3829
3835
3829
3865
3829
1755
3806
2127
3681
2748
3681
2750
3681
3705
2077
957
2077
2971
3678
2544
2706
3956
1523
3368
3356
1971
3021
2590
3673
1968
3018
771
3066
2655
3066
46
50
3048
3422
3442
3422
871
3422
3504
3422
946
3422
3273
3422
1110
3422
3508
3422
3640
3422
1169
3422
967
3422
1450
3442
3499
3442
1100
3442
1564
3900
402
3900
406
3900
1806
3900
792
871
940
871
791
871
769
699
1908
699
1409
699
3288
699
1172
1171
3814
2143
1939
2143
2610
2143
1536
3805
3087
2888
2908
3038
1539
3038
3204
3038
1688
2098
40
3257
3586
1723
3586
3970
3041
229
199
221
199
2562
3516
2173
3187
3584
3543
3597
3543
52
1957
3840
30
251
2732
2333
1791
2663
1000
2663
2568
2701
1445
2869
2382
3633
21
2768
1923
539
762
122
1768
54
30
42
625
3248
242
179
344
179
290
179
950
1176
908
1176
1567
876
3793
876
3750
2153
3750
2153
3175
3804
2454
3804
1059
3251
1630
3251
2802
2783
3093
2783
3849
2783
3664
1008
1548
1008
2099
1008
3971
2258
3238
2463
1467
2463
3221
3820
2940
2488
2699
2488
2467
2813
1610
3523
1460
978
1381
978
1712
1870
3751
1870
2856
752
2286
752
1169
670
854
670
877
928
1569
1676
1569
1676
1317
1712
3186
1712
520
1712
814
2653
818
2653
1026
3064
1606
3064
3596
1682
2562
3515
1329
1725
889
3354
1846
3354
493
3354
2061
3354
3134
3354
3135
3354
1680
3584
246
224
1815
2248
385
2453
895
3869
1762
3869
62
2622
1476
3218
1476
2625
1476
977
1476
1739
1476
2193
3790
2188
3790
3818
3790
142
344
1736
2163
464
470
428
1072
433
1072
1434
3493
3566
3493
1552
3908
393
3908
2816
3908
395
3908
642
1869
797
1701
421
1663
2423
1333
2179
3740
2198
3740
218
217
194
217
261
168
335
168
347
168
2891
2768
2428
2768
861
2768
62
22
2331
2923
3688
2923
3963
375
1947
3009
1970
3009
3015
3009
3877
3009
576
1153
846
853
3527
3436
3578
3436
478
3436
1582
3704
2603
3704
3779
3704
2632
3704
1855
3399
768
3399
1943
2176
3592
3482
3517
3482
1944
2870
1406
2870
1703
2870
1708
2870
3773
2870
2145
2870
1003
1813
1793
1978
1352
3720
2762
3720
3094
1488
3925
1488
3163
1783
2667
1783
468
2008
2238
1463
3029
1463
1464
1463
1771
3945
1770
3945
3490
1258
909
1258
249
261
3095
583
1621
583
464
469
3329
2980
3287
2980
3554
747
1441
747
3504
613
3577
613
1415
2725
1416
2725
1677
2725
42
3973
3588
2682
2507
2682
72
652
1653
2678
2676
2912
2676
848
2712
530
2712
1648
2476
2317
3474
780
3474
590
1453
1598
3769
3807
3769
3798
3769
2152
3769
866
1248
944
1248
275
205
345
205
1357
2072
94
413
3495
3435
3520
3435
3067
744
606
744
134
383
824
669
2064
669
3223
1163
938
863
966
863
3714
3690
3714
3690
789
3660
3265
3660
133
377
3142
898
1382
3418
837
3418
1686
553
349
303
3516
3466
3506
3466
189
273
3384
2689
1143
2689
487
3421
1554
3421
467
3421
2945
3421
2743
3421
2698
3421
2049
3421
2701
3421
3589
3421
2502
3421
434
3421
1224
3421
479
3421
449
3421
459
3421
2080
3421
1466
3421
2086
3421
456
3421
2344
3421
2509
3421
3617
3421
2541
3421
3519
3421
471
3421
3684
3421
3511
3421
2053
3421
2051
3421
2531
3421
431
3421
2302
3421
1487
3421
2248
3901
2664
3901
2457
3901
1567
1513
3150
3022
1978
3022
3151
3022
863
1993
1911
2570
87
93
1938
1483
3157
3156
3157
3156
3221
3815
126
1788
36
3975
792
943
3565
943
791
943
1913
1569
2981
1569
1061
1569
3954
3042
1067
3569
3297
696
695
696
3326
3490
2098
3490
3312
3490
683
3441
3569
3441
960
3441
1113
3441
3632
3441
627
3441
636
3441
1795
374
188
166
353
166
1902
3438
1909
1690
817
3793
803
3816
804
3816
2204
3816
2261
3155
3932
3155
1897
2731
922
3388
1158
3388
3442
3388
871
3388
3569
3388
3504
3388
3554
3388
1206
3388
3447
3388
3508
3388
3640
3388
869
3388
3443
3388
867
3388
2516
2303
3865
3843
3865
3843
3738
2727
1870
3540
3625
3540
2324
3391
3489
3391
3137
2992
3137
2992
1800
388
2390
3630
2143
3630
1854
745
3559
745
2360
2338
1621
3465
3099
3465
807
563
1531
563
872
588
1929
3682
82
100
608
3504
2719
2724
2100
3520
2219
3823
2217
3823
3020
3823
3685
3611
3646
3611
2140
1689
2137
1689
3719
1689
2885
2983
1622
3608
959
3608
188
235
2373
576
976
576
1461
576
2367
576
2374
576
3056
576
65
128
45
3976
2636
2788
3329
2788
942
2788
2424
3317
3503
2483
3408
2483
500
3715
2571
971
3830
1570
1471
993
2659
993
1563
993
2544
2513
3656
3602
3162
2569
2992
2569
3735
2569
3634
3076
921
2690
891
2690
1227
3663
1712
3693
2085
3107
1382
3107
3384
3107
1875
3107
1878
3107
3495
3107
903
3107
3494
3107
1443
3107
1143
3107
528
3107
3490
3107
3520
3107
909
3107
2092
3107
1521
3107
866
3107
810
3107
1146
3107
851
3107
849
3107
934
3107
832
3107
837
3107
3560
3107
3582
3107
2083
3107
1170
3107
3502
3107
1167
3107
2332
3107
1221
3107
962
3107
944
3107
1520
3743
1606
1727
1032
1303
2011
1303
1030
1303
2176
1731
364
1731
3018
3716
2199
3716
1946
3716
332
283
299
283
345
283
1865
1338
2323
1338
223
201
230
201
184
222
111
110
2295
3782
435
3782
3497
3075
885
3075
922
3075
1158
3075
3572
3075
3554
3075
1441
3075
1206
3075
641
3075
781
3075
869
3075
854
3075
867
3075
3577
3075
3272
3075
382
3034
1088
3723
1738
1724
2724
3380
3208
3380
3156
1736
1949
1736
2189
1736
1744
1736
2725
2715
930
2685
3271
2685
1584
2722
3598
2722
1626
1348
1664
1348
23
249
3048
730
3572
730
270
279
170
279
296
279
3113
3859
205
309
343
309
141
309
239
298
2341
623
2534
623
118
423
303
226
204
226
599
3074
1680
2075
1017
3035
3209
828
777
828
3321
828
2545
1128
2549
1128
350
160
154
160
78
112
308
181
205
181
3899
1970
1775
1970
2246
571
1480
571
196
351
3972
2913
371
372
3050
1358
1632
1358
3058
1358
3353
1628
3299
1628
2756
2883
2758
2883
2144
2883
0
1855
3409
1657
3409
2112
3557
2119
3557
1140
3557
3249
3714
1562
976
817
976
1513
976
877
3888
639
1823
3054
1823
386
3036
3869
2999
3009
2999
1307
2999
552
2018
778
1233
3524
3478
1457
3478
3659
2969
2385
1428
73
18
1453
3481
3517
3481
717
3154
872
1722
3690
3670
3714
3670
3308
3670
3921
963
2467
963
3659
1685
70
15
246
352
354
352
3825
1715
2753
2736
2618
2736
1229
755
3160
755
1476
3759
532
3589
3170
2348
1459
3464
2848
3464
449
1075
456
1075
65
16
1624
729
1603
729
75
2568
3505
103
102
2603
2128
2182
2128
2785
2128
2430
2128
3070
2628
497
765
71
17
3403
1883
2578
1883
2486
543
3102
543
3677
2358
2887
2358
3766
1913
2593
2970
308
289
307
289
250
213
1969
3814
2212
3814
1465
3814
711
3619
1111
953
228
259
213
259
2761
498
794
498
3197
498
1046
498
758
3639
437
1018
71
124
3795
691
3212
691
1052
691
2777
691
2640
691
3569
2823
1113
2823
2864
3529
3046
3529
1337
3529
3586
3506
76
237
150
3132
1969
2659
1969
3191
2428
1986
2233
434
3252
3617
3252
431
3252
518
2511
2076
2282
1417
718
2364
718
1477
991
406
991
2303
973
2865
2325
640
2312
3148
2481
2033
2481
1371
2540
3709
2540
3675
2119
3275
2950
2720
2950
2717
2950
3516
2950
3506
2950
2511
2950
1666
2950
2521
2950
1626
2950
1670
2950
1863
2950
2705
2950
2716
2950
1664
2950
1667
2950
2512
2950
499
2950
760
2916
1954
1935
1627
1935
3749
1935
1938
2594
3112
2397
3188
2886
1504
2215
1505
2215
2649
2215
2040
3230
2292
3230
2153
2597
2402
2597
2519
1236
1863
1236
1431
1120
2548
1120
3745
1065
3752
1065
2169
820
1429
820
3847
1949
2229
1949
2442
1949
2162
2394
1948
2185
25
142
2901
2222
1473
909
529
1826
1473
879
2833
2832
390
1539
2243
2907
3086
775
3178
2368
2383
2368
3134
3359
3135
3359
1005
1029
3745
626
1731
626
3752
626
3226
626
2564
2960
2561
2960
2963
2960
3811
3049
3801
3049
1538
3049
2616
1733
2775
1733
1332
1733
3959
1301
2431
2419
3320
2419
3266
2097
3887
1620
690
1620
1488
1502
3922
1502
81
101
2319
1420
2025
1420
1557
3941
759
3941
760
3941
795
3941
826
3941
3970
3941
3955
3941
3954
3941
756
2619
1701
2094
3923
426
1730
426
2375
426
3914
426
388
2904
793
2904
3192
3507
3266
3507
526
3507
3002
1055
2038
2030
1172
2030
1525
2030
1977
1959
3169
1959
2214
1959
990
941
3421
1540
1592
1540
2489
1540
428
1312
1041
1312
2456
880
1533
880
1992
3140
1013
1481
2213
3314
3902
1991
3810
1325
3805
1325
3816
1325
2187
1325
2177
1325
2376
3555
2093
3555
1155
3555
602
1511
1112
956
1704
910
3128
1282
916
1282
1727
1397
363
1397
3255
1886
3750
546
2153
546
3205
546
2586
546
2697
2935
2704
2935
872
1916
1758
1950
1790
1594
1554
551
3440
551
487
1119
2053
1119
3665
819
3281
819
1557
3919
405
3919
1568
3919
2356
1222
951
1222
974
1222
3908
3104
2465
3104
1870
1185
783
1185
2952
1394
2055
1394
2324
2949
3885
2236
3304
1597
2498
1597
3585
1215
2283
1215
1625
2120
1724
2120
2139
2120
3061
2120
3261
2120
2770
2120
2397
2065
1673
2065
3318
2065
1327
2539
496
1832
3221
3120
3944
3120
2550
2826
1149
2826
117
1146
561
849
561
190
266
2238
1960
1516
1960
2239
1960
1515
1960
1858
2029
1143
1368
2092
1368
1028
362
53
29
3599
3263
3653
1907
3044
632
1311
632
596
2502
586
2502
587
2502
2617
797
894
797
2779
797
984
797
490
966
2795
1097
2547
3556
2583
3556
1748
2620
2316
2301
2680
3924
863
3924
2864
1419
1337
1419
2737
2733
1564
3202
3913
3202
2000
3202
1926
794
1936
1094
1977
3169
1977
3169
868
1619
840
1619
1890
1619
2007
3922
2679
3922
2006
3922
2915
3922
3762
495
1045
495
3254
495
111
3883
3037
2786
2420
2786
2420
1887
2959
485
3208
3895
432
427
432
3956
1030
3633
2055
1700
2055
300
234
1623
3211
3620
3211
2162
1904
2633
3090
2894
3090
1774
3090
963
2902
3911
2902
1485
566
2506
566
3328
3316
3027
3316
3834
3316
2870
2092
1847
3343
1005
1507
1510
2306
2800
1560
343
264
699
961
808
1190
1531
1190
312
238
148
238
3037
1504
1551
1504
1488
1805
2588
2559
599
3323
3746
2189
3942
3077
985
3077
3726
2045
82
11
96
11
80
11
19
11
28
11
26
11
31
11
32
11
81
11
21
11
22
11
15
11
16
11
76
11
111
11
119
11
84
11
87
11
14
11
77
11
13
11
34
11
37
11
3107
3106
476
895
1019
895
330
287
243
287
3674
3129
1347
3129
2339
3129
2366
951
3168
2535
2587
2535
2757
2535
1144
2535
2128
1550
1090
2317
1089
2317
1684
2317
3878
1516
2662
1516
853
1996
394
1996
2713
2834
2965
1486
2966
1486
1445
1486
2788
3315
2089
2287
746
3554
601
946
2412
3717
1353
3717
2886
3717
1783
2224
502
510
3802
510
3586
556
2992
1911
2404
1911
3698
1911
3137
1911
3227
1911
2155
2392
2155
2392
2624
1940
2120
541
1331
541
784
605
3704
605
2110
605
947
605
2873
1881
1324
480
2005
405
2916
405
2820
405
1055
3105
3291
3105
1986
2231
3885
2227
640
2939
2595
2592
3106
3293
2509
2837
2531
2837
495
2549
1689
2314
3561
2821
1678
693
1165
693
2333
2284
1850
621
1856
621
1768
367
3697
3652
628
637
3520
3467
1221
3467
2583
1902
430
434
2210
2190
3938
3928
2127
2560
1699
2560
2646
3157
3789
3157
3836
3157
531
2507
1813
1306
1036
1306
468
3239
3654
792
1959
1092
2060
1189
808
1189
2800
1559
2793
3219
2809
2805
888
2805
3662
2504
3700
634
1695
634
1604
634
631
634
1024
364
1571
3081
1583
3081
492
1045
492
1045
63
12
107
437
2710
3282
2512
3282
1556
3078
420
421
2876
421
47
3971
3853
3817
2192
3817
2217
3817
2208
3817
2221
3817
3154
1287
2071
1287
2557
2486
460
1834
2440
996
2346
2516
2341
2516
2084
2516
2343
2516
3592
2516
3523
2516
3515
2516
1453
2516
3208
2516
3517
2516
2534
2516
3260
2516
859
2516
3687
2516
921
2516
2088
2516
3581
2516
2721
2516
891
2516
929
2516
1147
2516
3256
1317
2579
2550
1761
1535
3845
1535
2225
1535
884
2881
1542
2881
3162
2881
2594
2881
2305
2940
3940
2911
3929
2911
149
206
344
206
274
206
145
206
885
1392
3577
1392
2585
573
1705
573
2514
1224
3679
3189
1885
3189
2582
479
1468
1939
3314
1939
2437
1939
2986
1592
2580
1592
2882
1592
34
277
502
509
3802
509
2764
1227
845
1227
180
307
890
1231
2069
1231
2062
1284
3141
1284
1931
1314
3618
3270
2126
3270
922
1821
960
1821
14
187
2322
1837
2321
1837
2818
1549
3759
1673
2962
1859
2504
1859
2309
1379
1587
1379
353
165
235
165
1939
2610
2461
2656
3091
2656
1547
3198
1995
3198
71
2238
2804
1566
2804
3797
1409
691
1409
3071
1409
1334
1409
2244
2641
2242
2641
1472
2641
2663
3854
2570
2505
3324
3201
2810
3201
3692
2580
3125
2758
3892
3884
634
635
1302
365
3824
1044
86
435
449
1874
3437
3680
3437
2939
649
1596
649
2598
3290
3756
3290
2134
3290
3783
3290
1056
3290
1912
3290
3314
2166
3833
2166
1576
2052
2230
3212
3193
2201
3852
2201
3138
2201
3895
435
427
435
3823
1047
3242
3882
3897
3882
1985
3882
3643
2860
3100
2380
2151
2380
2149
2380
2077
1609
2898
2441
2788
2410
1508
2456
484
492
3383
3369
2063
3369
1198
1268
3449
1268
1612
1473
1607
1473
2393
1473
658
1473
440
2807
3145
1579
453
459
3313
2932
2055
2932
467
1079
459
1079
775
779
43
85
3853
1926
2192
1926
3805
1926
2208
1926
2177
1926
3723
2748
645
809
3096
809
917
809
3095
809
824
809
3128
809
3073
809
3513
809
3526
809
558
809
3097
809
3529
809
956
809
1166
809
1262
809
916
809
3098
809
1621
809
939
809
3593
809
883
809
3657
809
1418
809
3518
809
3658
809
3382
809
1162
809
3099
809
829
809
1111
1109
3074
1285
1534
1285
827
3114
3743
3114
828
3114
469
1322
1868
1322
2553
2336
3264
1537
1858
1537
1931
1315
2491
3340
675
1849
1945
920
2168
920
3828
920
1928
920
306
290
146
290
2668
2666
2813
2666
3962
3948
1346
1521
1012
1521
1010
1521
2631
2786
3868
2786
2801
2786
410
2466
251
360
196
360
1749
3320
1749
3320
8
2850
2257
2816
1781
3879
1781
3879
1424
1835
3127
1835
608
1534
1413
1212
1208
1212
2964
2062
1881
2062
2558
2062
452
2141
494
2080
2337
873
3290
659
2132
659
2312
1173
2852
1182
783
1182
3362
3304
2219
2156
2417
2156
2217
2156
3020
2156
3250
2156
2167
2156
3642
2110
349
208
2065
1225
2067
1225
1945
3754
3850
3754
2186
3754
2449
1505
3187
3186
2095
3517
2566
3517
1683
3517
369
1580
1579
1580
855
1580
357
280
221
280
3770
2409
826
1804
1888
3449
1682
3449
971
3449
3434
1641
522
1656
1094
1610
1920
1610
1093
1610
3166
1610
16
310
541
2859
1529
2673
513
2673
3677
2379
2599
586
718
2044
572
3159
3142
894
1040
1758
3910
1758
990
3940
3158
772
882
772
2615
772
3843
772
3835
772
3865
772
149
192
169
192
2312
650
1871
650
1380
616
1492
616
2847
1201
955
1201
415
416
705
2047
435
450
1620
1052
135
386
3876
897
1512
897
702
866
676
1166
1003
2473
2032
2268
3506
2268
927
2579
1810
1807
2554
3273
809
1456
2545
1410
2533
1410
299
236
3814
2609
1884
1441
664
1860
3170
1380
3659
1380
61
2469
404
1806
404
1351
2109
1719
2109
1352
2109
1170
660
3502
660
1025
1748
3529
2926
3790
1932
3159
607
3141
607
1886
2079
2877
708
2731
708
3682
708
2730
708
3118
708
2391
708
58
3958
503
1666
2090
2521
2547
2521
2552
2315
51
1676
1336
1569
1336
3072
1336
1880
2537
1891
2849
2363
2849
2340
2849
2635
3185
810
678
1167
678
3758
2322
2363
2322
2340
2322
3293
2285
546
919
605
2534
3532
2835
605
1850
637
1816
3054
1816
1796
1786
1347
1466
3606
1466
1357
810
799
856
2745
1156
1111
1110
1766
2225
2227
2173
2892
2173
2447
2173
2186
2173
901
407
2209
2182
41
454
460
931
1080
466
1080
525
780
2575
604
3704
604
3763
604
3722
604
1756
2212
924
1141
3693
1141
1407
1141
2627
841
2775
841
624
841
1588
1062
3323
1395
1377
1395
1769
1738
1634
999
1141
1184
923
1184
3590
2921
1209
1214
844
1214
3697
2064
2857
2937
2509
2937
2357
1532
1615
2839
3047
2839
3185
3184
3767
3756
2783
1331
1570
1331
1556
1331
2405
1331
3747
1703
1926
1327
488
1327
85
3969
210
225
1371
1661
3553
2526
3164
1461
3908
1781
2465
1781
2842
1840
2496
1840
416
1811
3690
1324
3714
1324
1314
1324
1044
1324
1315
1324
3308
1324
311
271
3927
846
847
846
3260
1187
921
1187
1882
1146
2004
2000
3820
3807
368
3807
2889
3807
2386
2067
1892
2067
3699
2067
2942
2934
2705
2934
1668
1217
1459
1217
515
519
1090
1595
1089
1595
1684
1595
3746
1151
926
851
2355
851
3286
851
2895
3755
3812
3755
1009
3755
3744
1095
3974
795
1325
494
3254
494
1131
3357
3372
3357
3612
3357
460
3357
519
3357
3429
3357
506
1651
1883
1646
8
137
3136
3067
1381
611
1462
611
494
2054
2717
1289
2521
1289
8
1725
3651
2394
3651
1914
3651
3781
1905
1932
1905
2623
1905
1924
1905
1316
1905
2165
1905
819
581
3587
581
501
3648
1900
640
1106
640
1676
640
1569
640
1107
640
3708
640
439
440
2368
3278
267
295
340
295
665
2057
2728
1161
1408
1161
1672
1161
2336
3082
3016
861
454
1042
2670
381
1431
2290
1589
2290
836
2290
787
2290
2545
2290
2539
2290
3189
2290
1534
2290
1141
2290
1595
2290
1149
2290
3102
2290
2551
2290
923
2290
3059
2290
2548
2290
3574
2290
2533
2290
2736
3281
97
411
2105
1206
2971
1206
2837
3233
508
3233
3183
497
2761
497
1046
497
1572
2802
2554
1446
1911
3587
917
1451
1261
1451
3128
1451
3526
1451
558
1451
3514
1451
1008
1451
3529
1451
1649
1451
3098
1451
1621
1451
3518
1451
316
359
360
359
758
602
2600
602
1463
2214
3716
1937
2987
1064
3667
3260
6
1954
1921
1627
1921
3749
1921
3256
520
2001
1999
2003
1999
3013
2184
2769
2395
2985
2738
1398
2661
2247
2661
985
1526
1720
2327
2073
2703
193
204
2910
3115
397
3115
994
3115
2450
3856
2223
3856
1517
2331
2499
1839
2496
1839
2865
2532
504
2811
5
2553
2324
289
183
236
183
345
183
2523
2840
3902
2461
2791
2781
3862
2781
2630
2781
2660
3093
2614
2151
3009
1934
3700
1067
1695
1067
1397
1067
3225
1067
1625
2595
3130
2595
1927
2595
3857
2217
2143
3707
999
1000
3043
1000
624
3305
2408
2146
2408
2146
2913
402
1751
2187
483
2187
1752
2187
2799
2646
250
358
359
358
2774
3905
3912
3905
3244
3905
3872
2651
2215
3143
396
3116
2910
3116
3901
3855
1481
3855
2577
2095
119
3867
777
3062
2905
2206
1054
1877
2289
438
439
497
892
1504
774
3316
3329
141
272
3649
639
796
2206
900
2206
1475
3306
2393
3306
1474
3306
2514
2042
3817
2161
2328
1290
838
1290
7
1058
1057
1058
1057
2587
3123
3713
3123
2592
3123
2236
2451
2805
2446
846
1802
3196
1802
2855
3477
3500
3477
83
1546
1982
1462
609
20
89
3558
1291
3556
1291
1769
2160
2338
2025
2974
2107
1939
579
2610
579
2609
579
3215
579
2181
579
1096
579
418
2012
3325
1262
465
473
614
1492
1309
2897
3066
2897
2651
2897
2446
2897
3726
2866
3699
2386
3699
2386
628
1649
2076
3360
1301
2450
3298
2450
3951
2450
1961
2416
2562
1435
211
194
3650
3050
3073
1365
829
1365
829
1635
2627
2616
1545
2650
1982
2650
3080
2650
2665
2894
365
2772
59
3960
3753
1449
3765
1449
176
178
328
178
1761
3205
1560
3205
1559
3205
2225
3205
3206
3205
2402
2586
312
270
378
379
514
859
689
1159
1356
673
3686
673
918
409
924
2104
3693
2104
1407
2104
2654
2780
3921
2460
3726
2068
1671
2841
2342
2841
3078
2604
2405
2604
2605
2604
2194
1329
2243
2810
2543
2856
2427
2407
271
147
596
1659
586
1659
587
1659
638
1873
909
1252
2083
1252
3969
1001
853
3915
3664
2086
1548
2086
2099
2086
1529
2247
2677
2247
2712
534
2291
2919
3351
2919
2161
2150
2161
2150
545
835
3655
2116
2666
3886
1794
3886
3026
3886
1458
1135
886
1135
443
2678
2669
2244
3950
3938
3951
3938
3959
3938
3952
3938
3187
521
1317
521
516
521
1743
1920
2210
1920
949
1920
2613
1920
1750
1920
3005
1920
487
2708
1554
2708
467
2708
2857
2708
3505
2708
1592
2708
2080
2708
2086
2708
456
2708
2344
2708
3617
2708
2541
2708
3519
2708
3684
2708
3511
2708
2858
2708
2531
2708
1487
2708
1896
849
1693
849
2370
849
541
1149
876
537
907
537
2137
537
1851
3229
2497
3229
2041
3229
1782
1779
1501
1779
2420
2607
2786
2607
3785
2607
537
1459
2226
3206
2866
2330
2612
1355
2741
1355
3317
1355
2994
1355
1099
1355
1482
1355
3156
2404
3157
2404
2196
2404
2014
1809
2117
926
3694
3552
1148
3552
1907
3552
3198
2660
2662
2660
2301
2492
2498
2492
291
157
446
456
409
410
1882
807
1904
1012
1329
1012
1914
1012
1108
1107
1527
2262
2914
2262
2947
2291
2847
2291
3327
2291
3533
2291
3689
2291
3488
2291
3594
2291
3534
2291
3347
3284
377
380
2473
860
856
860
1
1025
2111
1160
104
441
3729
982
1105
982
2201
2435
2116
1450
2975
1416
2449
2649
195
169
1355
1866
1710
1897
2980
1897
714
1897
961
1386
2043
1386
3527
1586
2309
1586
2320
1586
1458
1586
3437
1586
3082
1586
892
1586
2068
1586
1494
1586
802
1586
886
1586
950
1586
1434
1586
3573
1586
970
1586
3489
1586
3578
1586
908
1586
3566
1586
478
1586
3644
1586
3645
1586
3646
1586
3647
1586
2658
2449
3854
2449
1318
2449
958
1616
779
1616
379
1616
3709
1650
2643
2635
2653
2635
918
1772
3960
3950
539
1894
1719
758
3720
758
987
758
1975
3089
2231
3089
2130
2365
1112
641
895
804
1762
804
2995
1104
806
580
2696
580
2744
3170
1945
505
3828
505
3768
505
1910
505
1928
505
2378
3654
2621
2159
2174
2159
2890
2159
3502
656
832
610
837
610
3751
1407
2744
2873
1471
2659
3630
2329
48
1810
1679
1856
2842
1841
1605
1841
3629
1068
630
1604
362
1604
124
1780
276
343
2969
1460
1685
1460
2348
1460
2597
2135
2597
2135
3251
816
708
850
2101
1116
1083
1116
3595
1150
2711
1150
3627
1150
3740
3139
66
24
2412
1919
1353
1919
979
1919
2420
3257
3090
3257
2621
3257
2174
3257
2787
3257
462
466
1478
2001
404
2001
934
1247
944
1247
487
1086
479
1086
1716
786
3085
2252
3174
2252
2614
2149
2148
666
3756
666
2134
666
1716
666
1912
666
1721
1708
1866
2920
2311
2920
3728
3119
1333
3119
2410
3119
3941
3927
3144
1244
865
1244
1101
1678
3655
1678
746
748
498
1660
1724
3178
2139
3178
1927
3178
2117
2355
1962
1330
3035
2809
2661
2809
2459
2809
472
1404
2358
1404
1555
3181
3741
1607
3142
2779
1398
2459
1498
3333
3195
3333
476
932
3245
932
1020
932
1067
3047
2633
2402
2894
2402
1774
2402
3134
1846
3135
1846
3731
1851
1965
1519
2218
1519
1446
595
2318
595
2382
840
3651
1140
3673
3286
1691
781
467
1081
471
1081
1002
2006
2680
2006
1808
2006
1303
2006
1306
2006
3940
2006
3931
2006
2361
461
2624
461
1707
461
1304
461
3533
1257
2311
1257
2250
2242
1401
1111
1062
1111
1105
1111
1400
1111
3111
811
68
3130
2139
2309
3373
1587
3373
1458
3373
3411
3373
3510
3373
2949
3373
1619
3373
3437
3373
892
3373
2068
3373
950
3373
970
3373
3489
3373
2048
3373
2313
3373
1593
3373
478
3373
3706
532
984
532
1110
661
1169
661
781
703
3640
703
1261
1254
2074
1254
1736
3656
2611
3656
3000
3656
2760
3656
2911
3923
1022
3923
2470
3923
3556
738
2313
738
3957
395
2100
2345
2607
2602
3643
2520
2653
3027
3129
1267
3285
1267
3654
2102
940
2102
445
446
432
446
3557
2017
3129
2017
19
312
461
2296
2297
1497
2285
1497
181
282
264
282
272
282
1993
1987
963
1987
3192
3285
2097
3285
526
3285
444
451
1195
1200
3446
1200
542
3687
608
1381
910
1861
3019
1440
3243
1440
2796
2639
993
2639
2652
2639
2451
2892
1879
1411
2533
1411
1747
2774
211
291
516
3751
1770
2439
674
1611
2343
1640
3205
3748
604
1581
713
905
2791
2777
2642
2777
3131
3130
996
3130
1948
3130
1110
651
641
651
2962
1494
3662
1494
1814
2014
171
256
265
256
128
1795
824
1264
883
1264
1601
3655
3820
2997
3815
2997
2170
2997
3307
2199
2233
2199
1301
1984
3204
1984
1300
1984
645
646
3073
646
3303
2519
357
229
719
934
213
281
359
281
3136
2851
3041
3163
795
3163
2910
3163
17
311
1864
2846
1403
1402
1622
3607
1573
3607
3147
3102
1207
3102
997
3102
905
1242
3530
1242
1039
3931
1029
3931
1038
3931
184
292
1908
2111
2752
2111
77
115
2908
3298
1810
2257
3665
2081
51
58
3527
3453
2320
3453
437
1006
3146
3301
876
2140
3962
2254
2982
526
1466
3269
2344
3269
3727
839
2068
1139
1593
1139
1097
1520
1951
1520
2784
1520
388
3190
1433
921
3936
937
1507
937
414
937
1989
1602
3173
1602
3891
1602
2596
3111
277
246
887
1345
1558
1345
3076
3312
2046
3108
3815
3787
367
3787
295
174
147
174
170
174
3804
2200
3300
987
3289
987
3811
987
3055
987
2445
987
2866
2497
1603
1296
881
1296
3904
3240
2909
3240
556
2267
547
802
117
116
2612
1102
1055
1102
2996
1102
2994
1102
3788
1102
438
1017
46
38
13
349
450
1639
2665
1774
1935
2411
1935
2411
2751
1892
3845
2440
2225
2440
1765
2440
1542
2381
1483
2381
2594
2381
2898
2381
84
2352
2861
1509
1777
1803
1777
1524
2581
1620
2640
2235
3848
3655
1439
2166
2611
3174
3204
3952
3204
2815
3204
1602
3851
40
48
2103
1199
2107
1199
2108
1199
2776
984
2425
984
1328
984
3755
984
3773
984
351
198
153
198
3953
3220
2007
3220
3916
3220
1811
3220
1491
2795
948
2795
571
2795
3966
1014
3231
2264
2843
2494
2522
2494
3953
2255
946
1230
1441
1230
2053
1126
2302
1126
3973
826
3105
1909
3767
1909
3125
539
3257
539
2144
539
1084
3339
474
3339
3619
3339
3304
3339
2598
2132
1057
2132
1755
2132
3783
2132
1056
2132
505
1879
3786
949
1633
1820
635
1820
1879
1344
923
1344
265
143
7
248
573
2551
2855
3133
889
3133
3500
3133
3681
3133
943
3133
2055
3133
2045
3133
2317
3133
1208
3133
2063
3133
2061
3133
896
3133
1940
935
2453
3887
1985
3887
2455
3887
1029
2819
1507
2819
2911
2819
7
2352
1959
3182
2096
1347
3381
2546
1979
2229
1522
1973
223
220
355
220
2121
2956
1152
2956
3280
2956
399
2910
2818
2910
1027
1718
2451
3319
2305
2941
3100
2880
838
1426
3534
1426
573
959
1031
2432
757
420
49
3970
3086
985
3946
985
350
196
209
196
3967
1022
1985
3084
384
3084
463
1015
370
2794
2050
2036
3637
2265
3563
2495
390
3951
3154
733
1609
733
215
306
149
306
2
276
2161
502
2150
502
1048
502
3774
502
3383
3370
2507
3370
2841
620
1856
620
3968
2797
2874
2966
3721
2362
2899
3289
2441
2632
441
1775
63
132
2383
2561
525
1626
1050
2191
834
2191
1051
2191
892
1132
950
1132
2964
832
1881
832
2558
832
3525
3487
3647
3487
1967
3216
1706
2879
2648
3243
1787
3243
192
171
339
171
415
2909
340
338
193
338
3905
3895
1729
3895
3903
3895
3907
3895
2904
2230
3890
2230
2287
1255
1669
1255
1438
2126
393
394
1490
394
3667
2344
1808
3926
1577
3926
759
2820
2042
597
1659
597
1547
1546
1995
1546
572
2347
2171
1352
501
886
396
397
3575
3548
1452
3548
2839
1819
1605
1819
815
1551
3621
3551
3570
3551
2341
594
3581
594
494
950
2975
916
852
916
3825
481
1314
481
1315
481
1906
481
1901
481
527
1880
2125
1880
3761
1880
764
1880
2990
1880
1713
1880
297
286
336
286
266
286
1720
540
1957
1941
2438
1941
2550
2718
2897
1910
707
3223
1759
1956
504
511
3744
2973
746
1229
1433
1432
715
3160
3089
2426
2194
904
3772
904
2641
904
3143
904
986
619
3323
619
976
1495
55
3961
360
258
244
258
799
1036
251
153
2813
1794
1166
2015
1262
2015
2039
3450
961
3450
1590
1265
671
1265
3152
3215
3264
2022
1799
1985
775
1985
381
1985
2220
1966
932
1966
3948
1797
102
419
3449
1191
1435
1191
638
960
1310
2626
1309
2626
2805
2626
3210
1561
1568
1561
3650
1632
2781
2775
3730
907
1726
907
3736
907
874
907
3224
3193
2064
1362
952
1362
1768
368
2213
2437
3748
2421
1037
1299
938
1299
1020
1299
2441
2634
1711
1895
3060
2364
3329
2364
3287
2364
942
2364
1060
1105
1059
1105
2769
1105
2147
1105
3737
1105
87
576
805
109
504
1787
3214
782
1031
2
1027
503
507
3833
2792
331
318
293
318
4
1024
3153
1961
1528
1961
244
152
1146
560
2332
560
2631
2434
3868
2434
2801
2434
1885
2300
3164
2367
3742
2621
2239
1566
358
254
245
254
1646
1196
3488
1196
3224
3852
2641
2637
1903
2121
1560
3101
1559
3101
3206
3101
76
98
1728
2137
2082
3098
3595
3098
2988
1693
2325
1245
2503
1245
148
267
2353
3302
2673
3053
1811
3053
2255
3053
521
2509
3618
2354
489
1405
3299
989
1486
2479
1485
2479
1586
3363
3083
3363
2569
911
2403
2357
579
2357
3831
3308
1960
1556
2368
1510
3179
1510
1562
3112
2625
3112
1513
3112
3793
3112
977
3112
1739
3112
1666
1342
1670
1342
2591
2573
440
3930
2811
3930
2010
3930
815
1990
3037
1990
1399
1990
2251
1480
1994
1480
3451
3311
1192
3311
789
3311
3144
3311
2530
3311
3265
3311
2518
3311
3561
3311
3524
3311
3584
3311
2540
3311
819
3311
3263
3311
1380
3311
2537
3311
1446
3311
3587
3311
1492
3311
1159
3311
1678
3311
1199
3311
540
3311
1229
3311
3160
3311
507
3311
1367
3311
788
3311
3702
3311
2318
3311
2536
3311
1457
3311
3597
3311
2515
3311
1165
3311
865
3311
304
284
329
284
3294
881
3628
881
634
1605
3103
1541
3863
1541
3565
940
3767
2134
2168
516
3802
516
903
550
1443
550
2795
1951
1964
1946
2563
3617
2350
3617
2972
486
488
486
956
1364
952
1364
442
1634
1759
2895
836
1421
1595
1421
699
2299
192
176
306
176
1438
1437
207
328
266
328
2078
2027
1592
559
2541
559
2036
2031
3148
2031
1802
3085
353
231
3509
2105
702
2961
67
130
2532
2024
1793
1792
2711
902
3627
902
4
274
2026
3330
2291
3330
3372
1637
2180
3752
2620
3752
2574
3397
2559
3397
1661
3397
1861
3397
2581
3397
2946
3397
1949
2196
1347
1367
3606
1367
2339
1367
2577
2566
2542
1621
3281
1621
2081
1621
1089
1434
1698
1434
3951
1300
61
135
137
304
408
2245
1790
2245
2695
2693
2834
549
2527
549
634
3447
1124
1137
929
1137
3568
837
1228
837
843
837
3928
3086
1802
3086
3011
821
2185
821
996
821
1405
1121
913
1121
108
3555
592
1600
592
3439
939
3676
939
3438
939
2623
3259
3212
1479
1052
1479
2640
1479
3770
1354
1785
1989
3775
2405
3085
1509
1888
2541
1682
2541
971
2541
151
162
358
162
2281
2480
3775
2605
56
136
1881
2342
2109
2342
590
1573
419
990
3960
392
1897
2556
1692
1357
1104
1357
816
1357
1591
1357
2059
2510
2709
2510
2714
2510
2513
2510
2526
2510
2702
2510
2713
2510
3616
2946
316
244
3587
3427
1457
3427
3730
535
1726
535
3736
535
874
535
822
3883
1000
3883
1571
3173
1583
3173
2523
2951
2985
1134
3222
834
1616
834
1153
1374
1532
1374
676
3560
3880
3863
2463
3863
3897
690
3032
690
548
569
1
239
548
3445
902
3445
3595
3445
1049
3802
2897
3802
2418
3802
2183
3802
3718
1696
2989
2971
512
513
2012
513
3120
1943
1302
1943
35
3974
1049
1088
2418
1088
3774
1088
2183
1088
3663
788
2745
788
3515
3425
3270
3425
2220
483
932
483
1206
3396
1150
3396
2795
3808
1502
1553
1805
1553
999
1553
2377
1898
44
94
1550
1377
587
1377
2986
2576
2882
2576
2195
3811
278
350
216
350
3955
3935
3270
3446
3519
3413
1487
3413
1743
3087
2190
3087
964
3087
717
3582
2997
1588
3787
1588
3077
3151
3124
3062
3063
3062
3163
1563
2667
1563
787
3395
762
3395
3149
3148
3387
3352
1456
3352
1451
3352
3367
3352
3739
3730
1050
1745
3167
1745
1051
1745
1867
1388
1866
1388
1436
1193
2087
1193
3498
1193
3819
3003
2070
3426
3098
3426
3497
3458
867
3458
1530
3461
1600
3461
602
3593
2419
3763
2984
2374
522
3702
3302
2696
3497
3484
3508
3484
3
2104
3615
891
3615
303
263
2844
2943
387
2943
481
2088
3621
570
919
570
3838
1971
1612
689
769
689
1908
689
1607
689
1474
689
3288
689
2148
3711
1918
2377
1094
1576
1920
1576
1093
1576
3166
1576
3733
3708
1896
2553
1693
2553
2370
2553
3861
2898
2907
2898
2810
2898
3217
2898
3874
2898
532
3623
3380
3068
2094
3068
3446
3068
3305
3071
3097
724
3514
724
968
3472
3555
3472
1720
2588
3013
2193
2600
2745
3193
3830
3194
3830
3138
3830
3182
2388
2737
2563
674
3533
64
14
1686
3616
1623
731
3423
731
269
140
3189
727
498
3643
943
3486
3223
3486
3207
3217
2517
1828
2050
2033
3523
3432
3687
3432
2668
3031
3926
3031
1305
3031
2368
2729
2085
1218
851
1218
819
1423
540
1423
1019
3028
2799
3789
2415
1730
1734
1730
2606
2755
2407
2755
2608
2755
2077
1623
1002
1308
3929
1308
3594
736
3534
736
3731
3573
2330
3573
771
3870
2655
3870
2328
1278
959
1278
3178
2963
332
255
298
255
424
428
369
823
1579
823
1579
823
3208
1123
2088
1123
2715
1275
2495
1275
3172
3839
3495
3485
851
3485
3549
2691
859
3614
2104
3614
3879
1976
1781
1976
2905
1976
1771
3819
2439
3819
855
3819
762
2498
2044
2498
2290
2498
2304
2498
2861
2953
1675
2953
37
211
1549
1571
398
1571
1798
1571
711
970
3823
2765
2106
628
626
628
3629
628
1589
1372
1153
1372
3591
2543
3920
3911
3310
3911
2240
3911
3079
3498
1034
1033
410
1033
315
245
922
2828
627
2828
2401
3501
3604
3501
1325
2979
2791
2423
3862
2423
2630
2423
1972
2218
1972
2218
1747
1729
3244
1729
2658
2623
3854
2623
1318
2623
64
131
458
3512
778
3512
1868
3512
1526
3890
3190
3890
793
3890
3096
3394
3098
3394
927
3689
2128
3659
1952
1755
3296
1755
1897
2730
3889
1963
2057
685
1611
685
2891
3770
861
3770
2790
3770
473
2278
3144
722
3263
722
3725
715
833
715
2365
715
714
715
2118
715
1157
715
455
2308
931
2308
3503
2308
3408
2308
3585
2308
470
2308
1663
2308
765
2308
2322
2308
466
2308
1405
2308
428
2308
913
2308
433
2308
1558
2308
2707
2308
448
2308
2321
2308
1041
2308
139
269
72
123
1968
3010
1054
969
1454
969
624
969
2131
1691
3317
1691
3734
1691
3765
1691
3177
1691
1099
1691
1428
3444
1898
3444
2742
3444
3800
3739
1741
3739
3001
3739
480
2275
2129
2123
914
1498
1424
1498
785
1498
1865
1498
2852
1498
1198
1498
3127
1498
1870
1498
469
1498
3602
1498
2075
1498
3449
1498
2849
1498
1435
1498
1460
1498
1381
1498
2846
1498
1432
1498
783
1498
878
1498
2323
1498
1323
1498
458
1498
778
1498
3625
1498
3626
1498
862
1498
1868
1498
1462
1498
930
1498
2056
1498
2066
1498
899
1498
3271
1498
1728
3719
1965
1953
630
2976
2701
3424
3511
3424
79
3642
2372
907
1543
659
883
1796
1765
3881
1765
3888
1765
3437
3400
3489
3400
1935
2571
2411
2571
3122
2571
481
913
3508
3471
967
3471
298
241
3558
3468
1581
3468
1397
3629
3225
3629
3965
398
3674
3606
2914
1754
2908
3898
683
684
869
684
442
443
422
2293
1717
714
2075
3539
1432
3539
1900
3072
3090
3785
557
3519
3560
687
1167
687
2347
2528
1417
717
2364
717
642
643
1530
598
1377
598
856
1757
1918
2742
1960
3786
579
3701
3964
2003
1565
3698
26
190
1804
1798
491
2277
3641
3605
3648
3605
2459
888
1017
888
121
1764
3500
1843
1208
1843
2945
2699
2049
2699
3589
2699
434
2699
1224
2699
479
2699
449
2699
459
2699
1466
2699
2509
2699
471
2699
2053
2699
2051
2699
431
2699
2302
2699
2746
2871
806
2038
890
2038
1168
2038
2060
2038
2069
2038
3710
2038
2072
2038
3154
2038
2065
2038
1609
2038
2062
2038
3159
2038
2067
2038
2057
2038
1161
2038
2327
2038
807
2038
1611
2038
805
2038
2951
2038
523
2038
813
2038
808
2038
3624
2038
3688
2038
3661
2038
2071
2038
3176
2038
1531
2038
3141
2038
3407
2038
1484
2038
1517
2038
2126
3489
2354
3489
1437
3489
346
195
166
195
1522
1767
3757
3712
588
1700
1722
1700
3712
1700
2666
3873
1033
3873
3571
2274
3117
3570
3278
3570
2729
3570
1161
706
3661
706
915
3046
2733
3581
2563
3581
2369
3581
920
2754
3859
3013
1963
3013
2645
3013
719
3578
2636
3287
464
471
2357
3685
939
1293
3593
1293
3806
2995
1057
2995
1058
2995
3880
1528
3104
1528
657
671
585
3657
3524
3462
1446
3462
3218
1742
3219
1742
3217
1742
3153
3152
3848
3152
3837
3152
2297
3348
2228
2757
3261
2757
2770
2757
2228
3061
2883
3403
1772
3026
1631
3351
839
3058
2804
2798
3029
2798
3074
1277
2551
1277
3120
3798
365
3798
3968
1003
982
3686
2417
3254
3810
3254
3817
3254
2167
3254
2195
3801
1004
1038
1112
1871
2748
1699
2750
1699
3191
2764
2891
2764
875
2764
975
2764
979
2764
630
3045
1028
3045
2513
2843
887
2700
2845
2700
455
2700
931
2700
3503
2700
3408
2700
3585
2700
470
2700
1663
2700
3557
2700
765
2700
3129
2700
1486
2700
2052
2700
2322
2700
466
2700
3285
2700
1405
2700
3623
2700
428
2700
913
2700
433
2700
1558
2700
2707
2700
448
2700
1485
2700
2321
2700
1041
2700
3364
2700
1444
2700
2506
2700
1091
2700
2233
3025
3180
3812
3754
2767
61
33
166
335
1380
1274
2318
1274
518
523
3002
2996
77
1944
3773
3550
3410
2868
3410
3832
2272
89
3965
3724
2083
2111
2083
982
1170
933
870
2224
870
2237
870
2136
2113
488
3255
3826
1048
2331
2853
3302
2853
3045
3044
361
3044
1889
1876
310
347
1061
3733
1455
3733
1976
3024
2517
768
2902
1762
3028
1762
476
1762
514
923
2471
2375
1022
2375
3842
2169
3007
2169
2422
3000
2256
2669
992
2669
3652
2863
3776
2383
1933
2383
2396
2383
2773
2744
3779
2744
3320
2744
2634
2744
1749
2744
2629
2744
1941
2178
3882
3860
3084
3860
3858
2208
2347
3563
3253
2413
925
1058
3846
1058
2173
1470
1894
3379
33
315
2168
3256
1681
3684
963
476
1109
3502
2863
3502
3173
3891
3173
3891
820
2994
1923
712
3139
712
720
712
2759
712
1687
676
1690
676
3290
676
1158
725
871
725
1687
682
1690
682
666
682
1335
682
572
2318
1376
3508
3583
3508
2314
3508
29
209
506
1670
893
1752
2201
2613
2887
2747
512
3910
1016
3910
2247
3910
776
3910
2574
3511
2559
3511
1524
3511
3949
2469
3794
1928
2146
2583
1919
2583
2106
1113
1064
1113
1068
1113
3599
813
367
2170
2284
1272
2528
1272
3964
3955
98
463
3723
783
2754
783
3444
1083
718
3620
3816
488
1613
488
2177
488
1536
488
757
2876
2755
3604
1428
1853
2377
1853
2742
1853
3527
2048
2320
2048
3558
2048
3525
2048
3556
2048
1581
2048
1494
2048
802
2048
886
2048
1434
2048
3573
2048
3578
2048
3685
2048
908
2048
3566
2048
3644
2048
3645
2048
3646
2048
3647
2048
2065
1375
805
1375
3591
3530
2171
2762
1468
3833
1473
3640
654
663
1653
663
982
1169
1849
701
2043
701
665
869
295
175
337
175
2471
2470
2455
3032
385
3032
2874
1413
2869
1413
1903
1208
3691
1208
3630
2058
3769
3760
675
3590
715
1863
2961
1669
2054
1178
2061
1178
1158
1383
781
1383
2646
1744
3789
1744
3836
1744
3248
3669
3559
3428
2841
3428
3844
453
2141
453
1707
453
2945
3431
2086
3431
2439
3784
3822
3784
3871
1318
138
325
342
325
222
325
1358
653
643
653
1453
2928
3581
2928
2881
1469
2381
1469
1319
1583
401
1583
3103
3207
3880
3207
2463
3207
186
356
357
356
413
1747
803
1613
1966
1613
3864
1613
1740
1613
1307
1613
380
2670
969
2752
430
433
334
317
273
317
204
317
1930
1475
1430
1475
1429
1475
2241
818
958
818
2670
818
382
818
1323
1118
2056
1118
3045
1675
2885
1675
1892
2732
3699
2732
2735
2732
74
1967
3799
3851
3799
2652
3799
1732
1726
2961
2503
2310
2948
2319
2948
2710
2948
2706
2948
2715
2948
2325
2948
2315
2948
2856
2948
2520
2948
2519
2948
2528
2948
1669
2948
2704
2948
2522
2948
2326
2948
2524
2948
2527
2948
2525
2948
2650
3836
1026
363
1431
2538
787
2538
2101
2538
474
2538
3619
2538
3507
2538
919
2538
1879
2538
2548
2538
3644
3610
3645
3610
15
189
1070
633
2615
720
2179
720
1098
720
3184
720
3764
720
2429
720
1648
2028
835
1369
2063
1369
3619
1833
1884
3059
2492
3349
968
574
844
574
1224
1223
2070
1418
2074
1418
3514
1418
1008
1418
2064
1418
952
1418
2896
875
3841
875
864
875
2944
1175
1658
1175
1448
1618
2335
1618
239
345
2392
3579
2607
3579
2155
3579
1587
577
3525
577
3324
3874
248
268
2552
2958
3860
3835
832
1283
962
1283
2384
2370
3796
1313
1021
3903
2432
3903
3244
3903
3705
719
2364
719
3522
3440
1434
3491
3573
3491
1872
3488
1874
3488
3576
3488
3682
3565
2391
3565
1717
2118
2937
2475
6
141
64
3870
3014
3739
3736
1040
3889
3910
3889
3586
3404
1652
3404
2676
1503
3922
1503
1001
1503
3140
1948
3884
1948
3875
1948
2403
3699
3666
2726
2468
2675
3803
1732
1330
1732
3839
1732
350
327
247
327
3255
908
857
908
3442
3420
3640
3420
69
23
537
878
3055
1538
421
2833
591
3521
2381
2369
2037
697
1849
697
6
1028
2114
3518
1243
3518
965
3518
3667
3566
773
2175
2197
2418
44
2199
3253
1946
3253
3010
3253
1984
2223
78
3220
3894
3053
3894
375
376
3065
3774
1047
3774
2651
3774
2626
3774
2644
3774
3705
3628
3048
3469
3554
3469
1999
3892
3909
3892
1942
2618
773
2618
2034
3631
2500
3631
1852
3631
1651
3631
1884
2313
2847
3538
3580
3538
54
1864
1370
1435
1370
3227
3735
3108
2283
1206
3390
3272
3390
3172
1958
1962
1958
2028
3337
1611
694
3407
694
802
3541
3644
3541
973
972
3069
972
1805
3043
3023
3016
3841
3016
39
210
3213
3792
515
1593
1850
1393
1659
1393
3131
3775
3011
3775
2185
3775
3507
1188
1141
1188
2540
3377
1199
3377
1681
1558
2585
572
1705
572
1788
371
2845
3671
1091
3671
1414
1705
2182
1705
3792
1705
945
1705
2207
1705
3753
3734
1674
3406
465
3429
1853
3429
789
3668
3702
3668
897
3023
699
3683
3759
3564
3318
3564
1771
3822
1579
3822
2570
2734
3899
3015
2797
3015
1757
3015
2582
478
1899
3405
1697
3405
1506
3405
2625
1938
1541
1938
1936
1093
985
793
2034
508
2500
508
1852
508
2103
2721
2107
2721
2108
2721
2881
2737
374
3842
2444
3842
2160
3776
445
2993
1922
1903
3701
1548
3490
692
3560
692
3564
974
834
3167
3657
3603
3658
3603
2764
2593
957
3662
2070
3457
558
3457
1092
3692
3181
3692
3182
3692
3694
3509
1148
3509
1907
3509
68
126
3912
3907
2782
3907
2109
2558
3761
2982
764
2982
2990
2982
3013
2188
3741
2393
3892
3875
270
337
348
337
3161
3834
1756
977
1465
977
548
2705
1894
3381
3580
3378
1193
3378
1608
3783
1008
3480
3658
3480
110
3968
423
1734
2433
3722
983
1737
1054
1737
1053
1737
2900
3742
2448
3742
3175
3742
2194
1721
2941
2938
2699
2938
2376
2093
2376
2093
1018
2903
2457
2903
485
2548
3038
3876
70
125
3706
3680
3273
1270
867
1270
1544
2213
2229
2213
2232
2213
1754
3914
1734
3914
3918
3914
2419
2408
3722
2408
3760
1063
2182
2172
2785
2172
2430
2172
2359
2858
2771
2378
3795
2378
772
2378
2164
2378
1753
2183
1576
3522
1947
3864
3015
3864
2956
2704
73
122
2227
1759
3319
1759
2447
1759
1942
3137
3771
3137
2175
3137
2384
2707
2988
2707
3188
975
486
2323
2422
2760
3824
3542
1314
3542
2346
3069
2351
3069
1124
3069
2341
3069
1585
3069
457
3069
447
3069
472
3069
2343
3069
3592
3069
2508
3069
3523
3069
3515
3069
1453
3069
2358
3069
3517
3069
2534
3069
1042
3069
3260
3069
859
3069
2104
3069
3687
3069
921
3069
2088
3069
3068
3069
3581
3069
3405
3069
3459
3069
891
3069
929
3069
1147
3069
1326
3069
290
191
143
191
171
191
1466
2269
2531
2269
2420
1933
2786
1933
3785
1933
2380
2578
2767
2990
187
354
355
354
1523
3912
1030
3912
3918
3912
2427
2608
358
357
315
357
2564
3632
2561
3632
2963
3632
2974
2108
105
104
1981
1749
777
1749
3321
1749
451
2472
3276
2078
2258
3040
1618
709
3683
709
2989
3709
2068
3492
3573
3492
1876
2848
2726
2848
1154
2848
2541
3414
3519
3414
1883
2076
2057
679
1172
679
2206
1053
92
918
2628
773
3799
773
3168
3004
216
240
155
240
3857
3020
2254
2672
3723
2750
536
2716
2184
1735
1956
1735
3812
1735
2188
1735
3818
1735
1009
1735
2261
3909
3241
3909
2001
3909
1198
2686
3271
2686
664
1172
2950
1858
2510
1858
2503
1858
2178
872
945
872
3213
872
1458
1183
1593
1183
3513
3483
1008
3483
2309
1378
3685
1378
1508
3247
3
139
1590
3149
968
3149
986
3149
1209
3149
662
3149
3297
3149
1633
3149
553
3149
1358
3149
879
3149
3555
3149
632
3149
3323
3149
637
3149
635
3149
1336
3149
3067
3149
639
3149
748
3149
1377
3149
1623
3149
643
3149
671
3149
3620
3149
633
3149
1618
3149
3683
3149
695
3149
3423
3149
606
3149
1600
3149
3054
3149
844
3149
3724
1408
3602
1213
878
1213
546
2063
3636
2270
1910
3780
2768
2759
1746
1704
2190
1704
949
1704
3005
1704
964
1704
1679
3459
2198
3764
602
3594
432
448
1991
1760
2461
1760
2462
1760
1658
648
2939
648
1324
1323
2993
1707
2870
3576
925
1608
3846
1608
1580
766
3199
3227
2871
2933
1192
1269
1199
1269
2893
1578
2200
1578
2205
1578
2049
3600
3684
3600
489
493
2669
1472
2669
1472
453
458
600
778
459
1078
456
1078
114
3164
2749
1401
1108
1062
1108
1400
1108
539
808
485
2053
455
1076
448
1076
215
340
169
340
1011
3624
1012
3624
1010
3624
1648
1848
2639
3809
3451
741
788
741
2535
3644
869
680
854
680
2438
756
1161
710
1525
710
576
3575
314
355
356
355
3052
1686
2189
1686
1092
1686
1151
1686
3181
1686
2388
1686
3639
3534
3292
3534
841
658
969
658
1160
1672
2386
2735
3847
1750
2442
1750
2232
1750
1055
1716
2996
1716
3788
1716
3183
3197
3950
1803
1667
2477
3781
3718
2991
3718
1735
3718
1316
3718
2997
3766
3787
3766
1714
3596
2597
3596
2135
3596
826
2674
2389
2739
2389
2739
395
1998
2171
3721
3049
3721
698
2043
207
145
190
145
1880
3625
1773
893
3893
893
429
1838
2955
1071
2953
1071
41
3972
1229
751
788
751
541
3645
2124
746
2572
746
2365
746
2573
746
1157
746
600
3574
969
3741
2537
3535
3702
3535
1923
1711
3139
1711
2759
1711
914
2474
3410
2474
3254
3738
3869
1740
3094
2677
2006
2677
2875
1681
2738
1681
3780
1681
500
1681
1469
3658
542
3688
2733
3626
2563
3626
2350
3626
759
403
3816
2177
3816
2177
1704
3691
689
3661
3152
3057
2181
3057
3356
2288
3095
3367
2070
3367
3513
3367
3097
3367
2074
3367
2064
3367
939
3367
3593
3367
3382
3367
3099
3367
3791
3765
2960
3595
675
695
106
438
1106
638
3769
638
3733
638
2967
3382
2380
3382
3403
3382
3732
2533
3715
2533
2543
2702
1439
3499
3710
3536
1484
3536
2434
2174
292
320
269
320
2756
2978
2758
2978
2159
2978
2970
603
809
761
3663
3613
1455
2981
1469
3646
3834
3821
3322
3821
911
1674
2734
1674
1617
998
1541
1739
2436
3818
1784
3866
1512
3866
1984
2803
2916
1477
3949
1477
711
2071
2719
3415
3523
3415
768
2838
2208
3250
2211
3250
2216
1043
2201
3005
440
2681
2009
2681
852
1677
3096
3393
3099
3393
3866
3838
1905
2740
3741
1474
2960
2711
3754
518
1088
518
1763
3841
1479
3791
3071
3791
2080
1177
2051
1177
683
3443
960
3443
1113
3443
3632
3443
627
3443
3900
877
1801
877
75
120
3291
3788
1222
3416
1532
3416
194
330
814
3865
818
3865
278
155
2069
1288
2071
1288
3920
3906
2464
3906
2761
1702
887
3672
2845
3672
1509
1533
1509
1533
392
1533
3012
3006
1440
3006
2458
3029
708
3423
538
575
2154
3177
1336
1174
639
1174
2796
874
3803
874
2628
874
1330
874
3851
874
3216
874
3839
874
1479
1334
2157
1400
1633
1817
637
1817
521
1664
2907
3867
2810
3867
3874
3867
142
265
1552
1467
3915
1467
3040
1467
1795
1787
1414
2599
1476
2599
2178
2599
3792
2599
1851
529
2497
529
2041
529
858
857
3725
1157
3725
1157
2935
2924
2216
2142
2820
406
403
406
69
858
2061
2079
2061
2334
2061
3602
1211
930
1211
825
1240
905
1240
1585
1181
859
1181
311
348
2327
555
3688
555
2452
3175
425
2931
657
854
3666
1154
2022
2927
601
606
3892
2239
1992
2239
2346
1321
472
1321
698
1667
2404
2399
400
1995
1319
1995
1549
1995
1005
1814
1002
1814
1004
1814
782
1814
3956
1814
490
1814
418
1814
3976
1814
416
1814
407
1814
439
1814
409
1814
1001
1814
451
1814
1006
1814
511
1814
990
1814
443
1814
1003
1814
800
1814
799
1814
412
1814
468
1814
3198
1515
2556
2536
2730
2536
3118
2536
2878
1337
3313
3134
825
3134
3641
3134
3588
3134
1511
3134
2306
3134
873
3134
3133
3134
3530
3134
1413
3134
493
3134
391
1522
2002
1522
2252
1522
1803
1522
3038
1784
1566
1464
1941
945
2535
1485
591
1600
101
417
1376
2046
3583
2046
2314
2046
2526
584
2716
584
271
253
170
253
857
3232
274
301
436
800
194
158
243
158
1101
1100
3638
867
3701
867
510
896
665
1167
1149
3549
3570
3549
2371
614
3717
614
2739
614
3870
2202
2850
387
331
219
181
219
234
219
3451
3417
1492
3417
1587
3083
3510
3083
3558
3083
3525
3083
3556
3083
1619
3083
1581
3083
3685
3083
2313
3083
1593
3083
2727
2051
1702
2051
2091
2051
1544
2442
403
1806
2093
1457
1155
1457
3126
1654
486
491
1700
1890
3022
1454
998
1454
2854
2305
2708
2305
1355
698
658
698
591
1657
3887
2642
690
2642
366
2889
3019
3007
2203
3007
2444
3007
586
587
586
587
3638
2099
1004
414
1680
3176
2835
565
1147
565
1382
743
1875
743
383
384
1534
617
3574
617
897
864
1165
1164
2262
2467
2639
1599
3388
3365
2638
2787
531
3597
1930
3767
1430
3767
1429
3767
1007
3055
3841
3055
864
3055
1804
2817
208
148
189
148
148
302
3936
2664
2349
2334
218
243
1925
2400
1575
2181
68
13
2460
2240
3012
3291
1440
3291
3766
1061
846
842
2004
3092
3913
3092
1626
1142
2326
1142
2903
2211
2234
2211
1523
3244
1754
3244
2752
3288
3813
1924
3003
2157
3784
2157
1515
3224
3878
3224
2662
3224
917
1239
3526
1239
1738
1927
983
2154
1054
2154
1053
2154
52
59
1328
530
3143
530
2637
530
980
530
1937
1931
1934
1931
2358
2485
3405
2485
2406
2600
2409
2600
987
2600
1519
2784
2859
2522
3924
2464
1038
2464
414
2464
3309
2464
1751
1536
893
1536
2371
2337
845
2337
3201
3200
667
2515
1327
2321
3039
2667
795
2667
994
2667
3235
995
132
2814
3883
1399
2082
3627
3856
1051
2187
2167
3689
1202
955
1202
49
2569
2100
2973
2100
1915
2100
1350
2100
794
1046
794
1046
3867
3321
2454
2654
2787
2890
3057
3056
2529
3366
2397
3318
2397
3318
1993
2457
2460
2457
2262
2457
414
2457
125
2806
1102
1442
821
3122
3772
3142
3143
3142
2637
3142
889
1642
3112
1889
51
39
3224
3194
1209
3338
553
3338
632
3338
2288
3338
3220
2657
3053
2657
2491
3341
1990
2454
336
177
176
177
144
177
1432
3537
3625
3537
1577
1305
4
3829
2164
441
799
2807
771
2811
771
2459
771
2424
1099
927
3647
3201
3213
2647
3213
380
382
1491
2207
948
2207
571
2207
1694
862
2727
862
2091
862
422
1041
2728
1162
1160
1162
1408
1162
461
1868
421
425
2293
425
812
980
774
980
2649
980
2012
3246
776
3246
2915
3246
1674
2073
1654
2490
411
412
1696
1010
3006
1056
3973
2260
3872
2644
1983
2801
2778
2769
3784
2769
2657
2447
2357
1452
2567
1652
2087
1652
3498
1652
123
1770
1498
3195
1976
2647
2956
2713
3150
2444
1792
2444
762
2683
919
2683
136
3959
21
88
2798
3261
261
197
294
197
2263
776
2681
776
1966
2204
604
3577
1545
1979
1982
1979
3080
1979
3504
612
946
612
1731
625
3798
625
3226
625
2152
625
533
3258
1873
3258
3488
3258
1811
1489
2012
1489
364
3226
1943
3226
3592
582
2933
582
511
2009
879
1259
695
1259
3681
1825
2045
1825
2529
3364
2601
1524
3698
1524
2399
1524
3900
1782
1801
1782
463
468
1671
1462
2342
1462
1419
3054
3046
3054
511
1812
3160
1235
2536
1235
1974
2216
2222
2216
3917
2250
1503
2250
3569
1066
88
3964
2744
852
1922
1152
938
3245
1403
2147
3113
2186
1950
2186
1963
2186
3014
2186
2202
2186
1606
3225
363
3225
84
97
1555
1936
3182
1936
418
2915
305
144
2047
1249
881
1249
2159
2144
50
3962
3
2885
3687
2922
2721
2922
2360
2326
1523
1527
1031
1527
2472
1527
557
1531
1610
930
0
262
3552
1662
810
668
1170
668
2781
1332
3937
3196
2385
2056
1918
2056
439
2010
683
1260
3442
1260
434
1073
449
1073
1807
1490
525
891
391
1980
1777
1980
3703
1207
1303
3309
2819
3309
1527
3309
1735
2162
2978
2868
2330
2041
2669
2452
2250
2452
495
496
2812
3878
2040
1447
2292
1447
2700
1447
3521
1447
3406
1447
3617
1644
928
1769
3888
1769
1786
1769
1779
1769
1774
1769
3913
1801
2913
1801
1806
1801
1576
3272
2115
1683
770
1444
2058
1444
2723
1444
3294
965
1799
3946
380
3946
2814
3946
385
3946
2133
3136
1227
3136
2573
3136
760
3949
1610
3099
60
133
2884
1713
477
1647
1602
2652
247
154
2798
2770
1759
1009
3236
2259
3440
2489
2530
1204
3381
1204
3188
979
305
252
336
252
1511
753
3530
753
2671
2812
3155
2812
74
121
1021
2782
1032
2782
1031
2782
1887
2524
3091
2462
501
929
632
2825
2014
847
545
1147
2537
1186
1367
1186
3120
2152
2772
2152
1589
1216
3102
1216
3327
1250
2047
1250
912
2235
933
2235
2237
2235
1893
2066
1045
2066
492
2066
3965
3954
1804
401
398
401
2674
401
3691
3280
1935
545
2411
545
821
545
954
545
3697
3650
1802
3174
2888
1922
1093
1922
3656
844
3748
1144
2146
601
2408
601
3721
601
3121
601
3165
601
3274
1885
2970
1885
1895
1885
3961
3952
3051
763
3916
2249
2673
2249
2909
2249
884
1915
831
1915
1483
1915
108
107
2860
2936
2138
2332
3692
2332
2812
2662
2097
2531
2982
2531
2952
3135
3622
3135
3383
3135
2507
3135
780
3135
2054
3135
3648
3135
835
3135
905
3135
3223
3135
3575
3135
1452
3135
1686
955
3553
2527
1893
1326
1045
1326
492
1326
1331
1445
3634
1688
3786
964
3161
3322
3119
3118
3087
3166
2806
3943
373
3943
2387
3121
1052
2789
196
257
153
257
3939
3934
3935
3934
403
3934
3949
3934
3584
3456
1367
3456
1510
1205
1413
1205
2587
3179
3713
3179
2592
3179
2466
1790
1794
1790
1689
2568
1543
2568
2005
3932
3935
3932
2259
3932
3796
1906
120
1302
599
3141
1526
796
376
796
389
796
3635
967
3703
967
1575
1096
375
900
793
900
389
900
3203
3138
3202
1501
3092
1501
457
1645
1042
1645
2029
3342
2022
3342
2035
544
1650
544
1662
544
1150
3455
3632
3455
636
3455
3089
3088
2136
1145
2773
845
3320
845
3811
845
3801
845
1538
845
1749
845
758
1884
2600
1884
2146
3292
2408
3292
3165
3292
3901
2221
1481
2221
3202
3091
3092
3091
2162
1914
1783
2237
642
1596
1809
3210
2351
1339
1326
1339
227
202
155
202
186
221
273
333
208
333
2403
590
579
590
3750
954
2153
954
1535
954
2586
954
3749
954
3557
2827
3623
2827
1919
3165
2943
2831
184
329
341
329
2979
2340
3235
992
2468
992
1502
992
2678
992
57
390
3148
2281
2033
2281
770
2512
2329
2512
2723
2512
2102
2525
772
957
720
957
2031
2482
636
2824
3634
2311
1442
2311
941
3929
1156
1887
3613
1887
1226
1887
214
294
347
294
1619
1396
1581
1396
2113
547
954
547
2129
547
3899
3877
3031
3877
2906
3877
83
99
1776
2234
2457
2234
841
1917
573
899
3022
3017
3866
2445
3624
2688
1484
2688
3095
3283
3513
3283
3905
427
1730
427
1729
427
3914
427
426
431
2079
3231
486
3231
3232
3231
2334
3231
1760
2205
2904
624
3890
624
796
624
900
624
1346
3228
1011
3228
3229
3228
1012
3228
127
1789
67
34
1775
2906
426
424
422
424
807
562
1517
562
847
1568
2540
3376
540
3376
362
631
2976
631
2899
2790
3838
2790
2411
3653
3122
3653
2983
361
915
627
1706
627
3889
2645
667
2501
338
173
333
173
1614
3407
1100
3407
3718
2096
1327
2302
1507
2914
2470
2914
1863
1237
2702
1237
3728
2596
1333
2596
2410
2596
2616
2596
2775
2596
1332
2596
2366
1221
3564
1221
2425
2145
2173
2884
3208
1831
1326
1831
534
1827
209
247
1800
389
2096
2339
1737
1482
2315
1824
2027
1824
302
170
193
170
2983
1311
3045
1311
300
319
181
319
704
1525
2716
589
2512
589
3316
942
3265
3334
3561
3334
507
3334
989
3334
3299
3334
916
1281
3657
1281
1539
1512
3898
1512
2849
1340
2066
1340
2671
1992
3155
1992
3622
1234
873
1234
1486
2917
2052
2917
79
109
2141
3777
2289
552
1861
552
2946
552
1859
3375
850
3375
2998
2887
3253
2887
1933
2396
3081
3080
67
1979
2232
892
1130
886
1130
2617
2155
898
2155
2779
2155
3760
830
1572
3849
3663
1226
2764
2591
3437
2822
3566
2822
1113
2484
627
2484
2207
2785
393
2465
3915
2465
2257
2465
2751
2514
2397
2514
1673
2514
2386
2514
3318
2514
3255
2349
1444
1836
2002
2815
3042
994
3919
994
2674
994
1630
3737
3050
952
839
952
0
2487
3234
3335
3347
3335
3356
3335
3365
3335
970
1286
2313
1286
1875
728
3582
728
3703
997
1991
2665
2461
2665
2462
2665
538
2517
3813
1316
3744
1350
145
146
3110
2335
3111
2335
1733
2391
3105
1912
1463
2129
3169
2129
2123
1882
2113
1882
1145
1882
954
1882
2120
542
1331
542
2855
3374
2952
3374
3313
3374
889
3374
825
3374
3641
3374
3588
3374
3500
3374
3622
3374
3383
3374
3681
3374
943
3374
1511
3374
2055
3374
2045
3374
2317
3374
2507
3374
873
3374
780
3374
2054
3374
3648
3374
835
3374
905
3374
3223
3374
2299
3374
3530
3374
1413
3374
1208
3374
2063
3374
493
3374
3575
3374
2061
3374
896
3374
1452
3374
2421
1925
3004
1925
1144
1925
137
323
262
323
329
323
1582
2629
145
339
2743
2359
914
3268
2075
3268
2163
3567
542
3271
3008
1430
2814
2455
2993
1304
806
3109
890
3109
2060
3109
2069
3109
3710
3109
2072
3109
3154
3109
2065
3109
1609
3109
2062
3109
3159
3109
2067
3109
2057
3109
1161
3109
2327
3109
807
3109
1611
3109
523
3109
2853
3109
813
3109
3624
3109
3688
3109
3661
3109
2071
3109
3176
3109
1531
3109
3141
3109
3407
3109
1484
3109
3790
2165
544
2020
95
436
794
499
3197
499
1046
499
2819
3918
2914
3918
1764
366
169
193
436
1019
1067
636
1778
2901
3873
2901
1790
2901
2661
2655
3930
2655
981
1630
823
1630
3738
2091
953
1360
1871
1360
3864
1307
3864
1307
545
2506
898
1723
894
1723
904
1723
1578
1723
3451
3299
1192
3299
789
3299
3144
3299
2530
3299
3265
3299
3561
3299
3524
3299
3584
3299
2540
3299
819
3299
3263
3299
1380
3299
2537
3299
1446
3299
3587
3299
1492
3299
1159
3299
1678
3299
1199
3299
2546
3299
540
3299
1229
3299
3160
3299
507
3299
1367
3299
788
3299
3702
3299
2318
3299
2536
3299
1457
3299
3597
3299
1165
3299
865
3299
1415
962
1416
962
1677
962
2488
3336
2198
2429
1975
1968
3025
1968
1554
554
1592
554
2945
3454
3505
3454
1103
1591
3806
1591
1057
1591
786
1591
3711
1591
1058
1591
2122
1155
3158
2130
882
2130
1098
2130
3145
855
1954
3749
1499
2226
1500
2226
1988
2226
890
1232
2062
1232
332
182
289
182
241
182
3285
1349
1091
1349
91
1815
3948
1994
1997
1994
3379
2836
2023
1514
3374
1514
3115
1785
3116
1785
1969
1465
1969
1465
705
944
1880
1484
2610
3164
2609
3164
519
1822
3306
1335
2369
2350
2580
1517
2576
1517
1589
2316
836
2316
2545
2316
3528
2316
3621
2316
762
2316
1153
2316
3074
2316
1222
2316
2539
2316
2549
2316
3189
2316
1534
2316
1141
2316
1532
2316
1595
2316
1149
2316
3102
2316
2551
2316
3570
2316
923
2316
1083
2316
2538
2316
3059
2316
3574
2316
2533
2316
3958
1997
659
1665
2959
2286
348
296
2126
1487
2354
1487
1437
1487
3114
947
1528
3837
3384
2925
849
2925
1788
373
2080
1129
2302
1129
629
829
2160
557
3257
557
1933
557
2396
557
2138
2882
54
57
3976
2912
662
1391
1358
1391
1598
1455
3807
1455
2209
2430
1084
2304
2101
2304
3621
2304
474
2304
1153
2304
3074
2304
3619
2304
3507
2304
1222
2304
2549
2304
919
2304
1532
2304
1879
2304
2718
2304
3570
2304
3494
1359
1590
1629
3297
1629
47
100
415
3923
422
420
422
2375
422
2876
422
2336
564
802
564
383
385
1792
3947
1787
3947
1789
3947
482
1020
682
1165
1691
865
1044
1901
225
156
2611
3262
3000
3262
1705
585
2599
585
3826
500
2156
500
2150
500
2534
622
2717
615
2714
615
2023
567
835
567
3275
2019
2934
2019
2494
2019
499
2019
3008
1429
1064
2968
40
37
1545
3203
3081
3203
3630
2723
1883
2307
3670
1506
521
1091
3654
791
18
313
1433
2360
2642
2630
718
1655
355
230
