1034
1796
1967
645
501
1900
3145
2631
2361
3853
2627
790
1090
906
3550
2192
2562
2424
2624
297
2089
2427
3125
2431
82
3096
3953
1021
2295
95
1037
445
1964
688
2899
2346
1547
396
2552
887
3146
917
2351
3113
3387
1390
3936
2124
1957
2942
2589
3451
2389
2005
3303
2131
3095
3448
1954
2127
1590
96
3362
884
1845
3126
3158
1544
596
914
3052
3161
2900
2796
2967
2034
568
1562
1424
1192
3753
1627
1361
2090
1631
1431
1427
789
1089
3274
1624
1899
3235
105
2964
2037
2021
3963
1295
1351
1552
1346
3677
2547
1942
3172
1589
525
184
3368
2957
1124
482
824
512
3371
2390
1127
2954
827
106
2590
831
1131
3199
3236
203
1005
1389
2544
2845
3183
1341
912
3547
1280
3331
925
2373
3132
1542
3328
1356
1310
2557
882
2829
1952
3637
2947
2219
1728
2944
2085
2122
1136
836
2115
1220
2279
3276
2554
3527
188
2309
1830
2855
2791
630
968
1962
723
2615
2197
1636
2567
1366
2500
2585
2622
2564
2422
2865
2385
3967
2194
1499
1436
3275
2415
2026
3234
430
1032
3497
2310
1557
2356
1829
1373
2542
2280
391
2341
3279
665
2728
3222
517
3881
1219
1947
2952
487
514
1115
815
2136
2220
3920
1122
3094
822
484
1944
465
3242
785
1085
1309
3649
1855
2830
591
1554
1279
506
2962
429
655
1791
1622
3144
1500
1585
901
3192
212
237
2366
1567
1197
2636
1615
3310
1415
2436
2499
1865
1194
1385
3957
1564
3124
1422
2032
80
3100
455
629
1026
515
3171
814
1114
667
3168
600
485
464
66
1945
1084
3372
522
784
1854
91
1555
2530
1606
3209
2842
1406
1857
1529
3937
664
817
1002
1117
400
1251
1087
1246
787
467
3797
2799
2771
1414
1587
3847
1864
1617
1743
1384
1195
1565
3180
1698
1039
65
454
657
457
2040
1292
1981
806
1106
890
1491
654
1261
2011
1800
1417
1584
285
3827
1387
1614
1867
1896
19
2945
2084
45
2987
399
2114
536
3313
2606
3346
931
1530
2555
186
2854
927
275
3361
3048
35
2857
3358
3051
924
2529
3326
305
2406
1842
3162
3667
3697
3452
599
3295
56
2087
2246
2251
3103
242
207
2117
2002
2565
2864
2195
2617
2743
2384
3747
2414
3345
2587
1771
1799
3264
215
889
642
2039
2698
46
2261
118
1011
2491
981
442
2106
1040
55
3296
2292
2614
3325
2387
2896
2867
3727
2417
2584
2800
36
1612
3110
1776
3191
2753
1582
3344
489
1625
3188
3265
770
652
3966
2965
2049
1294
2101
986
1297
2496
452
3300
2035
1050
1016
2266
3324
1425
868
1168
1862
1382
1412
2891
3221
1930
2955
531
1209
527
2059
300
10
3266
3218
1668
662
1179
1004
3079
2320
3553
936
2545
3850
2601
2763
3921
2844
2401
3880
1319
2847
1852
1273
462
2929
1468
1082
524
782
3294
2256
2210
3238
825
1060
1125
812
1007
1112
2241
3241
2180
2625
2582
134
1753
138
2612
233
2776
1049
2294
3939
3956
683
444
1965
647
713
2050
2016
447
1035
1266
2297
1496
1101
801
769
1986
644
1891
2412
490
2168
2862
2382
2425
2668
2004
2179
2209
1059
1955
2930
3942
885
1763
1601
1844
3128
3332
922
3750
1545
3131
915
1320
2852
1847
1401
3944
2319
1180
2007
2112
1241
1210
1256
2125
2060
2468
1929
3933
2273
2082
3060
332
933
3350
3732
2766
1975
90
2648
1276
2253
2448
3794
759
3580
2872
2158
735
3885
2658
2328
1069
227
3916
1773
2756
2710
1918
2741
2680
3844
2148
3824
3562
103
3609
1709
1679
749
321
3503
983
2808
3800
2070
2493
1013
2778
2263
2458
1766
608
3832
578
1648
760
2975
707
353
2984
1448
214
1253
3694
3664
2276
3389
127
704
378
3470
1158
1872
858
322
408
2069
3568
686
1328
3267
750
716
672
3571
331
1658
1680
3744
1741
3439
2918
1710
1756
2773
2679
3419
113
3033
2709
3897
1148
848
3724
1778
2013
1458
1263
472
1493
1070
3700
1808
1983
2518
711
2986
3641
681
740
3638
3745
3531
1751
3347
1746
342
3528
3327
1138
838
1893
3725
28
3696
3666
3893
3618
3073
1103
803
3621
1
218
2575
2874
3746
159
1761
3713
1603
1638
167
3872
2985
2271
1695
1438
1243
3695
3665
3297
250
3430
2877
1403
1198
3726
3588
3758
3761
3591
2998
677
3463
149
27
3001
1518
474
3402
3904
2746
2751
3153
3479
3845
2138
260
2893
3825
3902
3012
739
2
674
3411
477
2103
3408
3796
25
2603
2761
3813
3846
92
1874
3510
1575
3772
702
341
2638
533
26
2243
2438
2695
3795
3899
1271
3861
3826
3858
1877
2198
2403
1633
3710
288
2878
73
1363
1720
2908
675
223
3572
3039
726
3019
3433
2023
1818
475
3917
172
2719
336
1228
1433
314
2694
2972
3679
618
3831
3384
1577
2376
1353
3828
2989
1875
418
1574
2697
833
1133
3070
369
3513
200
1908
3546
2720
3925
538
2363
3810
2633
1878
3599
503
948
3896
3636
732
2818
3495
185
9
1023
3561
2433
2228
1719
3277
3526
3558
63
370
1972
958
1694
3460
3635
2353
3728
53
1376
3674
2577
308
3150
299
3731
278
3779
3545
3525
2574
2875
216
2133
43
324
3496
1697
3771
163
3768
2298
2977
3634
705
2343
1572
558
393
3675
1371
3544
3862
3524
326
593
232
3803
2692
2974
3500
3401
3353
3398
548
903
3063
3676
1793
161
31
938
1478
3002
180
1988
1508
3412
3494
20
3237
3008
3583
3011
1977
3868
1298
3871
3385
2371
316
1343
151
2572
3030
3592
3762
3097
1974
1692
3703
129
3532
3249
293
3147
3386
721
2508
988
3642
737
2478
2793
32
734
334
3622
3913
3127
3473
81
1074
1598
70
757
1687
2671
3857
1643
1717
3475
1684
1443
1238
2471
1714
3778
1077
754
3434
3706
3781
1398
3729
1203
2523
1706
3117
3383
3612
767
3559
700
1143
843
764
1888
3705
3307
2171
3601
3476
164
1098
798
3598
2991
742
2988
2074
228
2598
528
3065
2643
2717
3757
3392
3514
1671
3355
2687
3585
2714
1471
2238
2443
2684
346
60
2203
2398
3829
3806
3681
2077
3678
2706
1523
3356
3021
3673
3018
3066
50
3422
3442
3900
871
699
1171
2143
3805
2888
3038
2098
40
3586
3041
199
3516
3187
3543
52
3840
251
2333
2663
2701
2869
3633
21
1923
762
1768
30
42
3248
179
1176
876
2153
3804
3251
2783
1008
2258
2463
3820
2488
2813
3523
978
1870
752
670
928
1676
1712
2653
3064
1682
3515
1725
3354
3584
224
2248
2453
3869
62
1476
3790
344
2163
470
1072
3493
3908
1869
1701
1663
1333
3740
217
168
2768
22
2923
375
3009
1153
853
3436
3704
3399
2176
3482
2870
1813
1978
3720
1488
1783
2008
1463
3945
1258
261
583
469
2980
747
613
2725
3973
2682
72
1653
2676
2712
2476
3474
1453
3769
1248
205
2072
413
3435
744
383
669
1163
863
3690
3660
377
898
3418
553
303
3466
273
2689
3421
3901
1513
3022
1993
2570
93
1483
3156
3815
1788
3975
943
1569
3042
3569
696
3490
3441
374
166
3438
1690
3793
3816
3155
2731
3388
2303
3843
2727
3540
3391
2992
388
3630
745
2338
3465
563
588
3682
100
3504
2724
3520
3823
3611
1689
2983
3608
235
576
128
3976
2788
3317
2483
3715
971
1570
993
2513
3602
2569
3076
2690
3663
3693
3107
3743
1727
1303
1731
3716
283
1338
201
222
110
3782
3075
3034
3723
1724
3380
1736
2715
2685
2722
1348
249
730
279
3859
309
298
623
423
226
3074
2075
3035
828
1128
160
112
181
1970
571
351
2913
372
1358
1628
2883
0
3409
3557
3714
976
3888
1823
3036
2999
2018
1233
3478
2969
1428
18
3481
3154
1722
3670
963
1685
15
352
1715
2736
755
3759
3589
2348
3464
1075
16
729
75
3505
102
2128
2628
765
17
1883
543
2358
1913
2970
289
213
3814
3619
953
259
498
3639
1018
124
691
2823
3529
3506
76
150
1969
2428
2233
3252
2511
2282
718
991
973
2325
2312
2481
2540
2119
2950
2916
1935
2594
2397
2886
2215
3230
2597
1236
1120
1065
820
1949
2394
2185
142
2222
909
1826
879
2832
1539
2907
775
2368
3359
1029
626
2960
3049
1733
1301
2419
2097
1620
1502
101
1420
3941
2619
2094
426
2904
3507
1055
2030
1959
941
1540
1312
880
3140
1481
3314
1991
1325
3555
1511
956
910
1282
1397
1886
546
2935
1916
1950
1594
551
1119
819
3919
1222
3104
1185
1394
2949
2236
1597
1215
2120
2065
2539
1832
3120
2826
117
561
266
1960
2029
1368
362
29
3263
1907
632
2502
797
966
1097
3556
2620
2301
3924
1419
2733
3202
794
1094
3169
1619
3922
495
111
3037
2420
2959
3208
432
1030
2055
234
3211
1904
3090
2902
566
3316
2092
3343
1507
2306
1560
264
961
1190
238
1504
1805
2559
3323
2189
3077
2045
11
3106
895
287
3129
951
2535
1550
2317
1516
1996
2834
1486
3315
2287
3554
946
3717
2224
510
556
1911
2392
1940
541
605
1881
480
405
3105
2231
2227
2939
2592
3293
2837
2549
2314
2821
693
2284
621
367
3652
637
3467
1902
434
2190
3928
2560
3157
2507
1306
3239
792
1092
1189
1559
3219
2805
2504
634
364
3081
1045
12
437
3282
3078
421
3971
3817
1287
2486
1834
996
2516
1317
2550
1535
2881
2940
2911
206
1392
573
1224
3189
479
1939
1592
277
509
1227
307
1231
1284
1314
3270
1821
187
1837
1549
1673
1859
1379
165
2610
2656
3198
71
2804
1409
2641
3854
2505
3201
2580
2758
3884
635
365
1044
86
449
3437
649
3290
2166
2052
3212
2201
435
1047
3882
2860
2380
1609
2441
2410
2456
492
3369
1268
1473
2807
1579
459
2932
1079
779
85
1926
2748
809
1109
1285
3114
1322
2336
1537
1315
3340
1849
920
290
2666
3948
1521
2786
2466
360
3320
2850
2816
3879
1835
1534
1212
2062
2141
2080
873
659
1173
1182
3304
2156
2110
208
1225
3754
1505
3186
3517
1580
280
2409
1804
3449
1641
1656
1610
310
2859
2673
2379
586
2044
3159
894
1758
3940
772
192
650
616
1201
416
2047
450
1052
386
897
866
1166
2473
2268
2579
1807
3273
1456
1410
236
2609
1441
1860
1380
61
404
2109
660
1748
2926
1932
607
2079
708
3958
1666
2521
2315
51
1336
2537
2849
3185
678
2322
2285
919
2534
2835
1850
1816
1786
1466
810
856
1156
1110
2225
2173
407
2182
41
460
1080
780
604
2212
1141
841
1062
1395
1738
999
1184
2921
1214
2064
2937
1532
2839
3184
3756
1331
1703
1327
3969
225
1661
2526
1461
1781
1840
1811
1324
271
846
1187
1146
2000
3807
2067
2934
1217
519
1595
1151
851
3755
1095
795
494
3357
1651
1646
137
3067
611
2054
1289
8
3651
1905
581
3648
640
440
3278
295
2057
1161
3082
861
1042
381
2290
3281
411
1206
3233
497
2802
1446
3587
1451
359
602
2214
1937
1064
3260
6
1921
520
1999
2184
2395
2738
2661
1526
2327
2703
204
3115
3856
2331
1839
2532
2811
5
2324
183
2840
2461
2781
3093
2151
1934
1067
2595
2217
3707
1000
3305
2146
402
2187
2646
358
3905
2651
3143
3116
3855
2095
119
777
2905
1054
2289
439
892
774
3329
272
639
2206
3306
2042
2161
1290
7
1057
3123
2451
2446
1802
3477
83
1982
609
89
1291
2160
2025
2107
579
2012
1262
473
1492
2897
2866
2386
1649
3360
2450
2416
1435
194
3050
1365
1635
2616
2650
2894
2772
3960
1449
178
3205
2586
270
379
859
1159
673
409
2104
2780
2460
2068
2841
2604
1329
2810
2856
2407
147
1659
1873
1252
1001
3915
2086
2247
534
2919
2150
835
2116
3886
1135
2678
2244
3938
521
1920
2708
849
1149
537
3229
1779
2607
1459
3206
2330
1355
2404
1809
926
3552
2660
2492
157
456
410
807
1012
1107
2262
2291
3284
380
860
1025
1160
441
982
2435
1450
1416
2649
169
1866
1897
1386
1586
2449
1616
1650
2635
1772
3950
1894
758
3089
2365
641
804
1104
580
3170
505
3654
2159
656
610
1407
2873
2659
2329
1810
1856
1841
1068
1604
1780
343
1460
2135
816
850
1116
1150
3139
24
1919
3257
466
2001
1247
1086
786
2252
2149
666
1708
2920
3119
3927
1244
1678
748
1660
3178
2355
1330
2809
1404
3181
1607
2779
2459
3333
932
3047
2402
1846
1851
1519
595
840
1140
3286
781
1081
2006
461
1257
2242
1111
811
68
2139
3373
532
661
703
1254
3656
3923
738
395
2345
2602
2520
3027
1267
2102
446
2017
312
2296
1497
282
1987
3285
451
1200
3687
1381
1861
1440
2639
2892
1411
2774
291
3751
2439
1611
1640
3748
1581
905
2777
3130
651
1494
2014
256
1795
1264
3655
2997
2199
1984
646
2519
229
934
281
2851
3163
311
2846
1402
3607
3102
1242
3931
292
2111
115
3298
2257
2081
58
3453
1006
3301
2140
2254
526
3269
839
1139
1520
3190
921
937
1602
3111
246
1345
3312
3108
3787
174
2200
987
2497
1296
3240
2267
802
116
1102
1017
38
349
1639
1774
2411
1892
2440
2381
84
2861
1777
2581
2640
3848
1439
2611
3204
3851
48
1199
984
198
3220
2795
1014
2264
2494
2255
1230
1126
826
1909
539
3339
2132
1879
949
1820
1344
143
248
2551
3133
935
3887
2819
2352
3182
1347
2546
2229
1973
220
2956
2910
1718
3319
2941
2880
1426
959
2432
420
3970
985
196
1022
3084
1015
2794
2036
2265
2495
3951
733
306
276
502
3370
620
2797
2966
2362
3289
2632
1775
132
2561
1626
2191
1132
832
3487
3216
2879
3243
171
2909
338
3895
2230
1255
2126
394
2344
3926
2820
597
1546
2347
1352
886
397
3548
1819
1551
3551
594
950
916
481
1880
286
540
1941
2718
1910
3223
1956
511
2973
1229
1432
3160
2426
904
619
1495
3961
258
1036
153
1794
2015
3450
1265
3215
2022
1985
1966
1797
419
1191
960
2626
1561
1632
2775
907
3193
1362
368
2437
2421
1299
2634
1895
2364
1105
87
805
504
3214
1031
1027
507
2792
318
1024
1961
152
560
2434
2300
2367
2621
1566
254
1196
3852
2637
2121
3101
98
2137
3098
1693
1245
267
3302
3053
2509
2354
1405
989
2479
3363
911
2357
3308
1556
1510
3112
1342
2573
3930
1990
1480
3311
284
881
1605
1541
940
2134
516
550
1951
1946
3617
486
1364
1634
2895
1421
2299
176
1437
328
2027
559
2031
3085
231
2105
2961
130
2024
1792
902
274
3330
1637
3752
3397
2196
1367
2566
1621
1434
1300
135
304
2245
2693
549
3447
1137
837
3086
821
1121
108
592
939
3259
1479
1354
1989
2405
1509
2541
162
2480
2605
136
2342
1573
990
392
2556
1357
2510
2946
244
3427
535
3883
3173
2951
1134
834
1374
3560
3863
690
569
239
3445
3802
1696
2971
513
1943
3974
1088
788
3425
483
3396
3808
1553
1898
94
1377
2576
3811
350
3935
3446
3413
3087
3582
1588
3151
3062
1563
3395
3148
3352
3730
1745
1388
1193
3003
3426
3458
3461
3593
3763
2374
3702
2696
3484
3
3615
263
2943
2088
570
1971
689
3711
2377
1576
3708
2553
2898
3623
3068
3071
724
3472
2588
2193
2745
3830
2388
2563
3533
14
3616
731
140
727
3643
3486
3217
1828
2033
3432
3031
2729
1218
1423
3028
3789
1730
2755
1623
1308
736
3573
3870
1278
2963
255
428
823
1123
1275
3839
3485
2691
3614
1976
3819
2498
2953
211
1571
970
2765
628
1372
2543
3911
3498
1033
245
2828
3501
2979
2423
2218
1729
2623
131
3512
3890
3394
3689
3659
1755
2730
1963
685
3770
2278
722
715
2308
269
123
3010
969
1691
3444
3739
2275
2123
1498
3719
1953
2976
3424
79
2372
1543
883
1765
3400
2571
913
3471
241
3468
3629
398
3606
1754
3898
684
443
2293
714
3539
3072
3785
3519
687
2528
717
643
598
1757
2742
3786
3701
2003
3698
190
1798
2277
3605
888
1764
1843
2699
2871
2038
3489
195
1767
3712
1700
3873
2274
3570
706
3046
3581
2754
3013
3578
3287
471
3685
1293
2995
1528
671
3657
3462
1742
3152
3348
2757
3061
3403
3026
3351
3058
2798
1277
3798
1003
3686
3254
3801
1038
1871
1699
2764
3045
2843
2700
3025
3812
2767
33
335
1274
523
2996
77
3773
3410
2272
3965
2083
1170
870
2113
3255
1048
2853
3044
1876
347
3733
3024
768
1762
923
2375
2169
3000
2669
2863
2383
2744
2178
3860
2208
3563
2413
1058
1470
3379
315
3256
3684
476
3502
3891
2994
712
676
725
682
2318
3508
209
1670
1752
2613
2747
3910
3511
2469
1928
2583
1113
813
2170
1272
3955
463
783
1083
3620
488
2876
3604
1853
2048
1375
3530
2762
3833
3640
663
1169
701
869
175
2470
3032
1413
1208
2058
3760
3590
1863
1669
1178
1383
1744
3669
3428
453
3431
3784
1318
325
653
2928
1469
1583
3207
356
1747
1613
2670
2752
433
317
1475
818
1118
1675
2732
74
3799
1726
2503
2948
3836
363
2538
3610
189
633
720
2028
1369
1833
3059
3349
574
1223
1418
875
1175
1618
345
3579
577
3874
268
2958
3835
1283
2370
1313
3903
719
3440
3491
3488
3565
2118
2475
141
64
3014
3736
3889
3404
1503
1948
3699
2726
2675
1732
327
908
3420
23
878
1538
2833
3521
2369
697
1028
3518
3566
2175
2418
44
3253
2223
78
3894
376
3774
3628
3469
3892
2618
3631
2313
3538
54
1370
3735
2283
3390
1958
3337
694
3541
972
3043
3016
210
3792
1593
1393
3775
1188
3377
1558
572
371
3671
1705
3734
3406
3429
3668
3023
3683
3564
3822
2734
3015
478
3405
1938
1093
793
508
2721
2737
3842
3776
2993
1903
1548
692
974
3167
3603
2593
3662
3457
3692
3509
126
3907
2558
2982
2188
2393
3875
337
3834
977
2705
3381
3378
3783
3480
3968
1734
3722
1737
3742
1721
2938
2093
2903
2548
3876
125
3680
1270
2213
3914
2408
1063
2172
2858
2378
2183
3522
3864
2704
122
1759
3137
2707
975
2323
2760
3542
3069
191
2269
1933
2578
2990
354
3912
2608
357
3632
2108
104
1749
2472
2078
3040
709
3709
3492
2848
3414
2076
679
1053
918
773
3004
240
3020
2672
2750
2716
1735
3909
2686
1172
1858
872
1183
3483
1378
3247
139
3149
1408
1213
2063
2270
3780
2759
1704
3459
3764
3594
448
1760
648
1323
1707
3576
1608
766
3227
2933
1269
1578
3600
493
1472
458
778
1078
114
2749
1108
808
2053
1076
340
3624
1848
3809
741
3644
680
756
710
3575
355
1686
3534
658
1672
2735
1750
1716
3197
1803
2477
3718
3766
3596
2674
2739
1998
3721
2043
145
3625
893
1838
1071
3972
751
3645
746
3574
3741
3535
1711
2474
3738
1740
2677
1681
3658
3688
3626
403
2177
3691
3661
3057
2288
3367
3765
3595
695
438
638
3382
2533
2702
3499
3536
2174
320
2978
603
761
3613
2981
3646
3821
1674
998
1739
3818
3866
2803
1477
2071
3415
2838
3250
1043
3005
2681
1677
3393
3838
2740
1474
2711
518
3841
3791
1177
3443
877
120
3788
3416
330
3865
155
1288
3906
1702
3672
1533
3006
3029
3423
575
3177
1174
874
1334
1400
1817
1664
3867
265
1467
1787
2599
529
857
1157
2924
2142
406
69
2061
1211
1240
1181
348
555
3175
2931
854
1154
2927
606
2239
1321
1667
2399
1995
1814
1515
2536
1337
3134
1522
1784
1464
945
1485
1600
417
2046
584
253
3232
301
800
158
1100
867
896
1167
3549
614
2202
387
219
3417
3083
2051
2442
1806
1457
1654
491
1890
1454
2305
698
1657
2642
2889
3007
587
2099
414
3176
565
743
384
617
864
1164
2467
1599
3365
2787
3597
3767
3055
2817
148
302
2664
2334
243
2400
2181
13
2240
3291
1061
842
3092
1142
2211
3244
3288
1924
2157
3224
1239
1927
2154
59
530
1931
2485
2600
2784
2522
2464
1536
2337
3200
2515
2321
2667
995
2814
1399
3627
1051
2167
1202
49
2100
1046
3321
2654
2890
3056
3366
3318
2457
2806
1442
3122
3142
1642
1889
39
3194
3338
2657
3341
2454
177
3537
1305
4
2164
799
771
1099
3647
3213
382
2207
862
1041
1162
1868
425
980
3246
2073
2490
412
1010
1056
2260
2644
2801
2769
2447
1452
1652
1770
3195
2647
2713
2444
2683
3959
88
3261
197
776
2204
3577
1979
612
625
3258
1489
3226
582
2009
1259
1825
3364
1524
1782
468
1462
3054
1812
1235
2216
2250
1066
3964
852
1152
3245
2147
2186
3225
97
1936
2915
144
1249
2144
3962
2885
2922
2326
1527
1531
930
262
1662
668
1332
3196
2056
2010
1260
1073
1490
891
1980
1207
3309
2162
2868
2041
2452
496
3878
1447
1644
1769
1801
3272
1683
1444
965
3946
3136
3949
3099
133
1713
1647
2652
154
2770
1009
2259
2489
1204
979
252
753
2812
121
2782
2524
2462
929
2825
847
1147
1186
2152
1216
1250
2235
2066
3954
401
3280
545
3650
3174
1922
844
1144
601
1885
3952
763
2249
1915
107
2936
2332
2662
2531
3135
955
2527
1326
1445
1688
964
3322
3118
3166
3943
3121
2789
257
3934
3456
1205
3179
1790
2568
3932
1906
1302
3141
796
967
1096
900
3138
1501
1645
3342
544
3455
3088
1145
845
1884
3292
2221
3091
1914
2237
1596
3210
1339
202
221
333
590
954
2827
3165
2831
329
2340
992
390
2281
2512
2525
957
2482
2824
2311
3929
1887
294
1396
547
3877
99
2234
1917
899
3017
2445
2688
3283
427
431
3231
2205
624
3228
1789
34
2906
424
562
1568
3376
631
2790
3653
361
627
2645
2501
173
3407
2096
2302
2914
1237
2596
1221
2145
2884
1831
1827
247
389
2339
1482
1824
170
1311
319
1525
589
942
3334
1281
1512
1340
1992
1234
2917
109
3777
552
3375
2887
2396
3080
67
2232
1130
2155
830
3849
1226
2591
2822
2484
2785
2465
2514
2349
1836
2815
994
3737
952
2487
3335
1286
728
997
2665
2517
1316
1350
146
2335
2391
1912
2129
1882
542
3374
1925
323
2629
339
2359
3268
3567
3271
1430
2455
1304
3109
2165
2020
436
499
3918
366
193
1019
636
2901
2655
1630
2091
1360
1307
2506
1723
3299
962
3336
2429
1968
554
3454
1591
1155
2130
855
3749
2226
1232
182
1349
1815
1994
2836
1514
1785
1465
944
1484
3164
1822
1335
2350
1517
2316
1997
1665
2286
296
1487
947
3837
2925
373
1129
829
557
2882
57
2912
1391
1455
2430
2304
1359
1629
47
415
422
564
385
3947
1020
1165
865
1901
156
3262
585
500
622
615
567
2019
1429
2968
37
3203
2723
2307
1506
1091
791
313
2360
2630
1655
230
