1034
409
1796
1999
1796
3909
1967
3070
645
638
501
2875
501
1134
501
3780
501
500
1900
3769
3145
3146
3145
3943
2631
1983
2361
3777
3853
2211
2627
2230
2627
2789
790
3086
1090
2740
906
3238
906
1467
3550
3598
2192
3858
2562
2597
2562
2392
2562
1921
2562
2135
2562
2602
2562
2155
2424
3797
2424
3305
2424
1334
2624
452
2624
1043
2624
2216
2624
3088
297
207
2089
2102
2427
3156
2427
3157
2427
2196
3125
904
2431
1972
2431
2218
2431
1953
82
3096
2565
3096
3678
3096
2105
3953
411
1021
444
2295
446
95
96
1037
800
445
2443
445
3886
445
3903
445
3907
1964
1970
1964
3877
688
2037
688
2501
2899
2450
2899
2803
2346
461
1547
1549
1547
2260
396
3974
2552
1723
887
510
3146
3077
3146
3947
917
715
2351
1891
2351
2363
3113
3240
3113
2249
3387
645
3387
3096
3387
824
3387
3073
3387
956
3387
1166
3387
916
3387
883
3387
3657
3387
3658
3387
1162
3387
952
3387
829
1390
1159
1390
1678
3936
1006
2124
2133
1957
3879
1957
1781
1957
2905
2942
2706
2589
3259
2589
2165
3451
3568
3451
1228
3451
843
2389
827
2389
3743
2389
828
2005
3955
3303
2114
3303
1243
3303
965
2131
3753
3095
536
3448
457
3448
447
3448
2343
1954
1559
1954
2226
2127
2754
1590
667
96
3362
2301
884
1938
1845
2849
1845
862
3126
914
3126
1424
3126
785
3126
1865
3126
2852
3126
1198
3126
3127
3126
1870
3126
469
3126
3602
3126
2075
3126
3449
3126
2849
3126
1435
3126
1460
3126
1381
3126
2851
3126
1432
3126
3410
3126
783
3126
878
3126
2323
3126
1323
3126
458
3126
778
3126
3625
3126
3626
3126
862
3126
1868
3126
1462
3126
930
3126
2056
3126
2066
3126
899
3126
3271
3158
3185
1544
3891
1544
1785
596
1550
914
797
3052
1744
3161
3222
3161
1616
2900
2654
2796
1602
2967
2883
2034
3715
568
3516
568
2705
1562
1567
1424
2115
1424
2577
1192
1682
1192
2571
3753
691
1627
1535
1361
953
1361
3686
2090
3439
2090
3438
1631
1624
1631
1356
1631
1622
1631
1867
1631
1862
1631
1668
1631
2847
1631
3580
1631
2328
1631
3327
1631
838
1631
1603
1631
533
1631
953
1631
2312
1631
2047
1631
1873
1631
1459
1631
1866
1631
959
1631
881
1631
1573
1631
1193
1631
3533
1631
3689
1631
3686
1631
1871
1631
3488
1631
2848
1631
3594
1631
3534
1631
955
1631
2311
1631
1665
1631
2307
1431
477
1427
3514
1427
3518
789
518
1089
2740
3274
2593
1624
712
1899
3542
3235
3969
105
2964
2873
2037
682
2021
569
3963
130
1295
934
1295
3582
1351
2762
1552
853
1552
842
1346
1696
3677
3827
3677
2414
3677
1937
2547
3676
1942
1958
3172
1989
3172
3173
3172
3891
1589
537
525
2125
525
2767
525
1470
525
1713
184
180
184
309
3368
3401
3368
3422
3368
3075
2957
1675
1124
1694
1124
3738
482
112
824
1357
512
2681
3371
558
3371
3529
3371
3382
2390
3262
2390
3262
1127
2539
1127
2549
2954
2352
2954
1675
827
828
827
828
106
80
2590
2140
2590
2137
2590
3719
831
1742
1131
765
1131
2322
3199
1955
3199
870
3199
1599
3236
9
203
235
203
231
1005
3967
1389
1867
1389
3327
2544
3117
2544
3278
2544
2729
2845
514
3183
2156
1341
2323
1341
2066
912
1783
3547
3589
3547
2344
1280
1878
1280
1221
3331
3494
3331
528
3331
3293
3331
1521
3331
2285
925
3301
925
371
2373
2984
3132
1563
1542
1742
3328
3322
1356
657
1310
3855
2557
2579
882
1745
2829
3641
2829
2054
1952
370
1952
3301
1952
373
3637
515
3637
1656
2947
1624
2947
1356
2947
1622
2947
1867
2947
1668
2947
3580
2947
2328
2947
838
2947
1603
2947
533
2947
953
2947
2312
2947
2047
2947
3360
2947
1873
2947
1459
2947
1866
2947
959
2947
881
2947
1573
2947
1193
2947
3686
2947
1871
2947
2848
2947
955
2947
2311
2947
1665
2219
2221
1728
874
2944
629
2085
535
2122
1461
2122
2749
2122
3056
1136
1585
1136
929
836
3675
836
3651
2115
3112
1220
2310
1220
2709
2279
3631
3276
2112
3276
2119
3276
1140
2554
2881
2554
2381
3527
477
188
24
2309
3666
2309
1889
1830
3681
1830
896
2855
3673
2855
2355
2791
3862
2791
3862
630
3064
630
1027
968
538
1962
3852
1962
3194
1962
3203
723
3263
723
2536
2615
1745
2197
1758
2197
2202
1636
1873
2567
3579
1366
2944
1366
1857
2500
3715
2585
1476
2585
2898
2622
2793
2622
3217
2564
2383
2422
1746
2422
2435
2422
3005
2865
1691
2385
3831
2385
3690
3967
116
2194
3180
2194
3037
2194
1551
2194
1956
2194
2895
2194
1399
1499
1501
1436
2567
3275
689
2415
1754
2026
2291
3234
3479
430
426
430
427
1032
782
3497
2122
3497
2376
3497
2093
2310
2732
1557
3236
2356
3564
1829
1654
1829
3195
1373
806
1373
805
2542
3665
2280
2707
2280
2506
391
3961
2341
585
3279
2707
3279
3366
665
3290
665
2132
2728
3724
3222
378
3222
779
517
785
517
2852
3881
877
1219
2085
1219
1443
1947
3933
1947
3031
2952
604
487
2972
514
920
514
505
1115
3408
1115
913
815
3896
2136
3205
2220
2902
2220
1299
3920
801
3920
3926
1122
2320
1122
908
3094
1577
3094
863
3094
860
3094
937
3094
1308
3094
1527
822
1553
484
1751
484
483
484
1752
484
1613
1944
812
1944
1505
1944
774
465
462
465
3249
3242
384
785
1681
1085
469
1085
2056
1309
3855
3649
1676
3649
3072
3649
625
1855
2505
1855
911
2830
2940
2830
2699
591
3695
591
2569
591
1095
591
2973
1554
2965
1554
2869
1554
2966
1279
1222
1279
2551
506
503
506
1088
2962
2731
2962
3119
2962
2556
429
424
655
654
655
1596
1791
1553
1622
1469
3144
1448
3144
811
1500
1501
1585
509
901
93
3192
2982
212
260
212
232
237
314
2366
2585
1567
3314
1567
2437
1567
2792
1197
2094
1197
3260
2636
3843
2636
3860
1615
2106
1615
1068
1615
2968
3310
2262
3310
3309
1415
2975
2436
2236
2436
2657
2499
2844
2499
387
1865
481
1194
2060
1194
3176
1385
1159
1385
865
3957
3971
1564
1478
1564
1561
3124
2251
3124
1996
3124
2672
1422
836
1422
787
2032
2958
80
3100
3101
455
3844
629
3248
629
626
629
830
1026
5
515
920
515
505
3171
2085
3171
1382
3171
3384
3171
1875
3171
1878
3171
3495
3171
903
3171
3494
3171
1443
3171
1143
3171
528
3171
1869
3171
3490
3171
3520
3171
909
3171
2092
3171
1521
3171
866
3171
810
3171
1146
3171
851
3171
849
3171
934
3171
832
3171
837
3171
3560
3171
3582
3171
2083
3171
1170
3171
3502
3171
1167
3171
2332
3171
1221
3171
962
3171
944
814
3036
814
779
814
2670
1114
1431
1114
2101
667
666
667
1591
3168
1977
3168
3169
3168
2214
600
2389
600
2387
600
2872
600
3696
600
2362
600
2739
485
484
485
2972
464
2624
464
3249
66
1945
3794
1084
3444
3372
2289
3372
1650
3372
3397
3372
1662
522
1317
522
3186
522
520
522
516
784
3642
1854
3679
1854
2300
91
90
1555
1960
2530
557
1606
2180
1606
1025
3209
1981
2842
1070
1406
3747
1857
628
1529
3094
3937
3957
3937
3948
3937
1807
3937
3958
664
3729
664
659
817
1969
817
2212
817
1465
1002
1815
1117
1865
1117
1323
400
2260
1251
866
1251
2083
1087
479
1087
2359
1246
2024
1246
1667
787
531
467
462
3797
1479
2799
2802
2799
2660
2799
3849
2771
2777
1414
1941
1587
926
1587
2355
1587
3286
3847
1979
1864
3410
1617
3030
1617
1978
1743
3786
1384
3097
1384
1162
1195
1701
1565
1942
1565
3771
1565
2175
3180
2658
3180
2663
1698
1725
1698
2394
1698
1904
1039
1006
65
454
3844
454
1707
454
3777
454
1304
657
1692
657
3251
657
1104
657
1591
457
446
2040
3129
2040
1486
2040
2703
2040
3623
2040
1485
2040
1444
2040
2506
1292
3128
1292
939
1981
1491
1981
880
806
1911
1106
1108
890
601
1491
571
1491
571
654
3652
654
1109
1261
3325
2011
451
1800
131
1417
3060
1417
1923
1417
3740
1584
2978
285
344
285
171
285
301
3827
1934
1387
879
1387
3683
1614
1450
1614
3499
1867
658
1896
2988
19
72
2945
770
2945
2329
2945
2058
2084
2351
2084
1124
2084
1585
2084
457
2084
2555
2084
447
2084
472
2084
2358
2084
3270
2084
1042
2084
2104
2084
3405
2084
1326
45
2987
1065
399
2817
399
3954
2114
3628
536
1565
536
2601
536
2992
536
3735
536
3137
536
2399
3313
2356
3313
951
3313
974
2606
2618
3346
1847
3346
3373
931
453
1530
2554
2555
1195
2555
2871
186
22
2854
3522
927
2989
927
1920
275
5
3361
3623
3361
3364
3048
713
35
2857
2560
3358
3597
3358
2836
3051
1590
3051
968
3051
1530
3051
986
3051
1209
3051
662
3051
1633
3051
3385
3051
1358
3051
879
3051
3555
3051
3323
3051
635
3051
3067
3051
639
3051
748
3051
1377
3051
1623
3051
643
3051
671
3051
3620
3051
1618
3051
3683
3051
695
3051
3423
3051
606
3051
1600
3051
844
924
3751
2529
798
2529
2722
3326
1442
305
313
2406
1050
2406
3167
1842
635
1842
633
3162
3153
3162
3848
3162
870
3162
3809
3162
1599
3162
3837
3667
848
3667
904
3697
2395
3697
1104
3697
816
3697
1402
3697
2147
3452
2743
3452
471
599
2575
599
2128
599
3763
599
3722
3295
3146
56
2087
3579
2087
3579
2246
1996
2246
1797
2246
1997
2251
1807
2251
1998
2251
842
3103
3104
242
301
207
313
2117
907
2002
3950
2565
3509
2864
2879
2195
1972
2195
2218
2195
1953
2617
1578
2743
2584
2743
2379
2743
2747
2384
3776
2384
2396
3747
1932
3747
3259
3747
2165
2414
3716
3345
1846
2587
2595
1771
1780
1799
386
3264
3275
3264
2717
3264
3516
3264
3506
3264
2511
3264
1666
3264
2521
3264
1626
3264
1670
3264
3590
3264
1863
3264
2948
3264
2705
3264
2716
3264
1664
3264
1667
3264
2512
3264
499
215
195
889
702
642
1106
642
3727
642
1107
642
3708
2039
707
2698
2560
46
2261
991
2261
1561
118
119
1011
1696
2491
3373
2491
3363
981
1580
442
99
2106
1065
1040
1016
1040
3033
55
53
3296
3295
3296
2794
3296
373
2292
887
2292
2845
2292
3557
2292
2052
2292
3285
2292
2308
2292
2046
2292
3366
2292
1091
2614
2638
2614
2434
3325
3326
3325
2098
3325
3312
2387
987
2896
1763
2867
2121
3727
2395
3727
1402
3727
1588
3727
1400
3727
2147
2417
2187
2584
2887
2800
2656
2800
2801
36
1612
1475
3110
811
1776
1018
1776
3906
3191
2790
2753
2427
1582
3209
1582
3321
3344
2282
3344
1193
489
484
489
1715
489
1313
489
1906
1625
1738
3188
1519
3188
1951
3188
3808
3265
506
770
2367
770
2749
770
3057
652
3729
652
1105
3966
113
2965
2874
2049
510
1294
825
1294
943
2101
3670
2101
3542
986
1679
1297
3572
1297
871
2496
2955
2496
2953
452
1974
452
2443
452
3886
452
2901
3300
1971
2035
1661
1050
3856
1016
417
2266
3404
3324
2246
3324
1480
1425
2952
1425
873
868
3633
1168
652
1862
3649
1382
1156
1382
3613
1382
1226
1412
785
1412
862
2891
3016
3221
3145
3221
3945
1930
2169
2955
2957
2955
2861
531
3706
531
984
1209
1877
1209
910
527
2884
2059
2859
300
276
10
105
10
90
10
103
10
27
10
25
10
20
10
30
10
18
10
17
10
117
10
29
10
12
10
86
10
83
10
24
10
38
10
108
10
79
10
33
10
23
10
44
10
78
10
114
10
39
3266
2589
3266
527
3266
1713
3218
3861
1668
535
662
652
1179
2511
1179
1670
1004
3966
3079
1714
3079
2135
2320
489
3553
2401
3553
3604
3553
3567
936
973
2545
497
3850
1950
3850
3014
3850
2202
2601
2404
2763
756
3921
475
3921
1305
2844
2954
2844
2850
2401
2163
3880
2463
3880
2463
1319
2818
1319
3919
2847
2535
1852
3732
1273
885
1273
3273
462
452
462
1043
462
2142
462
3088
2929
3648
2929
896
1468
3132
1468
1471
1468
2659
1082
470
1082
466
524
2511
524
1664
782
413
3294
957
2256
2468
2256
1805
2256
995
2210
2646
2210
2650
3238
2258
3238
3915
825
719
1060
1952
1060
3296
1125
2539
1125
2548
812
2449
1007
2896
1112
3727
1112
1913
1112
2981
1112
1061
2241
3036
3241
2003
2180
1024
2180
1943
2625
977
2625
977
2582
3827
2582
2414
2582
2999
2582
1937
134
62
1753
3065
1753
2651
1753
2644
138
268
2612
1737
233
304
2776
980
1049
1753
2294
430
3939
1557
3956
423
683
666
444
115
1965
1973
1965
1980
647
645
647
956
713
1417
713
1710
713
833
713
2118
2050
1530
2016
3578
447
432
1035
407
1266
2072
2297
3171
1496
3108
1496
1447
1101
1102
801
1306
801
860
769
1917
1986
1015
1986
2245
644
1336
644
643
1891
3758
2412
875
490
482
2168
2197
2168
3859
2168
1963
2168
2183
2168
2645
2862
3303
2382
2599
2425
2448
2425
2780
2425
2452
2668
3310
2668
2467
2004
3975
2179
2191
2209
3024
2209
3200
2209
2647
1059
1060
1059
1060
1955
2639
2930
2938
3942
3963
3942
389
885
585
1763
1767
1763
1980
1601
2612
1601
3317
1601
820
1601
2154
1601
1482
1844
2088
1844
3405
3128
2337
3332
936
3332
972
922
3760
922
3669
922
830
3750
2893
3750
1760
1545
1546
3131
2440
915
626
1320
2346
1320
1042
2852
509
1847
1586
1847
3083
1401
2157
3944
368
3944
1764
2319
3276
1180
2698
1180
2049
2007
416
2112
3651
1241
3510
1241
970
1210
3272
1210
967
1256
3533
1256
1665
2125
2589
2060
797
2468
443
1929
3315
1929
2423
3933
856
3933
2797
3933
1036
2273
3429
2082
2120
3060
3027
3060
2191
3060
3764
3060
3821
3060
2429
332
308
933
906
3350
1498
3350
2490
3732
502
2766
1056
1975
1035
1975
408
1975
1015
1975
3873
90
2648
1789
1276
1460
1276
899
2253
3935
2448
1990
3794
2897
759
3975
3580
547
2872
3721
2158
2626
735
1624
735
3594
3885
3240
3885
2249
2658
3871
2328
2110
2328
2372
2328
947
1069
633
227
216
3916
2677
3916
3246
1773
1987
1773
1014
2756
3125
2710
2345
1918
2998
1918
935
1918
2413
2741
3177
2680
1037
2680
2013
3844
445
3844
3895
2148
2766
2148
1608
3824
3864
3824
1740
3824
1307
3562
3684
3562
2051
103
3609
3645
3609
3647
1709
1718
1679
2389
1679
784
1679
3696
1679
3114
1679
2372
1679
2739
749
748
749
3620
321
342
321
292
321
268
3503
2584
3503
2379
3503
2747
983
1454
2808
1501
3800
2783
2070
547
2493
2862
1013
3936
1013
1039
1013
2248
1013
3906
2778
3819
2263
1812
2263
2010
2458
3881
2458
928
2458
1786
1766
1500
1766
2808
1766
1988
608
2371
608
845
3832
2294
3832
424
578
1424
578
878
1648
805
1648
1172
1648
808
1648
1525
1648
3109
760
3972
2975
3704
707
705
707
1409
353
277
353
354
2984
2166
2984
3000
2984
2760
1448
1449
214
166
1253
2074
1253
1162
3694
2604
3664
3701
2276
3515
2276
1147
3389
903
3389
2332
127
69
704
2131
704
3734
704
3791
704
2596
378
377
3470
1573
3470
2848
1158
704
1872
3680
858
1325
322
222
322
292
322
140
408
407
2069
3274
2069
1895
2069
603
3568
3639
686
1166
686
883
1328
3755
1328
3755
3267
1872
3267
1874
3267
3576
750
3067
750
748
716
1618
716
3423
672
662
672
671
3571
495
3571
1660
331
205
331
307
1658
3649
1680
848
1680
530
3744
3162
1741
1570
3439
2977
2918
3510
2918
1494
1710
1717
1756
906
1756
912
1756
2224
2773
2431
2679
2263
2679
412
3419
3313
3419
1452
113
114
3033
512
3033
1398
2709
2345
3897
790
3897
1799
3897
3034
1148
3653
848
2776
848
1328
848
3755
848
1735
3724
1409
1778
901
2013
490
1458
509
1263
1356
1263
1665
472
465
1493
1803
1070
1604
1070
3044
1070
631
1070
1311
3700
3064
3700
1718
1808
1034
1808
1035
1808
2008
1983
2244
1983
2242
1983
1472
2518
3379
711
720
711
2593
711
1711
2986
2400
3641
498
681
1860
681
2501
740
3059
740
3574
3638
3695
3638
1095
3638
1350
3745
2180
3745
1748
3531
2092
3531
1521
1751
483
1751
483
3347
3356
1746
1750
342
139
3528
2557
3327
3110
3327
1449
3327
3111
1138
2045
1138
780
838
614
1893
3762
3725
2398
3725
2409
3725
1354
28
52
3696
3717
3666
2373
3666
1495
3666
2374
3893
1993
3893
3924
3893
1014
3893
3911
3618
2151
3618
2149
3618
3101
3073
3669
3073
1063
3073
830
1103
1716
803
804
803
804
3621
1882
1
218
38
2575
2433
2874
2604
2874
3653
3746
3061
3746
3261
159
217
159
156
1761
1765
3713
2757
1603
717
1638
1405
1638
2321
167
214
167
260
167
335
3872
2809
3872
888
2985
3768
2271
3402
1695
1709
1695
3064
1438
1723
1243
3294
3695
1915
3665
1736
3297
676
250
32
3430
3588
3430
2317
2877
1929
1403
823
1403
766
1198
2974
1198
3123
3726
3781
3726
2991
3726
3754
3726
1924
3588
2712
3758
2156
3761
1470
3591
2124
3591
3725
3591
2572
3591
2573
3591
1157
3591
2130
2998
1940
677
1653
677
1860
3463
1619
3463
3646
149
238
149
348
27
3001
2783
1518
2030
1518
1848
474
2998
474
935
474
2413
3402
3267
3402
2712
3904
2673
2746
2401
2746
2755
2746
3567
2751
2603
3153
2235
3479
3497
3479
3048
3479
885
3479
3572
3479
946
3479
3273
3479
1441
3479
1110
3479
641
3479
1150
3479
781
3479
1169
3479
854
3479
3577
3479
3272
3479
967
3479
636
3845
1766
2138
1925
260
310
2893
3804
3825
803
3825
804
3825
2204
3902
3917
3902
1503
3012
2648
3012
3214
3012
2444
739
3189
739
3059
2
674
1103
674
1687
674
786
674
1909
674
3711
674
1335
3411
708
477
2582
477
1715
477
1313
477
1906
2103
3123
3408
1899
3408
1697
3408
1506
3796
2999
25
75
2603
2763
2603
3840
2603
2416
2603
3024
2603
3200
2603
2647
2761
2158
2761
3817
2761
1047
2761
2765
3813
2186
3846
3295
3846
372
3846
3301
92
86
1874
3576
1874
3576
3510
713
1575
1955
1575
870
1575
3809
3772
2215
702
841
702
2596
341
342
341
248
2638
3742
533
2870
26
74
2243
3124
2243
3063
2438
1961
2695
2327
2695
2840
3795
3829
3899
2813
3899
1305
1271
3159
1271
2067
3861
3879
3861
3062
3826
1310
3826
1309
3826
2446
3858
1773
3858
3893
1877
3616
2198
3021
2198
3289
2198
2445
2403
3840
2403
2619
2403
2416
2403
3215
2403
2181
2403
1096
1633
1615
1633
3047
3710
522
288
291
2878
1706
73
1363
641
1363
960
1720
3052
1720
2189
1720
1151
1720
3739
1720
1732
2908
1493
2908
3085
2908
3952
675
1601
675
1102
223
187
3572
2077
3039
3041
726
1854
726
1655
3019
1792
3019
3151
3433
1224
3433
2086
2023
2298
1818
1857
1818
2839
475
860
3917
1488
3917
1001
3917
2675
3917
2912
172
204
172
338
172
263
2719
2746
336
192
1228
3292
1433
1703
1433
1905
1433
1721
314
12
2694
2492
2972
2999
2972
1613
3679
712
618
986
618
606
3831
3009
3384
2967
3384
3403
3384
2578
1577
408
1577
3239
1577
410
2376
2390
2376
3707
2376
3262
1353
3188
3828
3850
2989
1741
2989
3778
2989
3078
2989
2405
2989
2605
1875
712
418
417
1574
1631
1574
2026
2697
2059
833
2980
1133
2351
1133
1124
3070
993
369
1780
3513
1876
3513
2726
3513
1154
200
237
200
356
1908
1917
3546
3626
3546
899
2720
2089
2720
2862
2720
2333
2720
2338
2720
2959
2720
2860
2720
2532
2720
3563
2720
2958
2720
2078
3925
2681
3925
412
3925
1489
538
1495
538
535
538
2374
2363
2979
3810
3250
2633
1779
1878
868
1878
840
1878
1890
3599
2877
3599
3682
3599
1733
3599
2378
503
2161
503
2150
503
1048
503
3774
948
880
3896
2256
3896
992
3636
454
3636
2296
732
1609
732
813
2818
3934
2818
3210
3495
2095
3495
2566
3495
1683
185
262
9
27
1023
2073
3561
674
2433
2632
2433
2634
2433
2629
2228
2802
2228
3093
1719
3049
3277
3445
3526
3591
3558
2337
63
370
2806
1972
3247
1972
1533
958
790
958
775
1694
1702
3460
3507
3460
1595
3635
2606
3635
2407
3635
2608
2353
2574
2353
2581
3728
2788
53
1376
1543
3674
1406
3674
1703
3674
1708
2577
2390
2577
3707
2577
3262
308
180
3150
3077
299
275
3731
1905
278
28
3779
2441
3545
3624
3545
3176
3525
3147
3525
1207
3525
997
2574
2588
2875
3768
2875
3768
216
217
216
210
2133
2398
2133
2409
2133
1354
43
324
233
324
329
3496
3710
3496
2072
3496
523
1697
3670
3771
1958
163
150
163
356
3768
2158
3768
1047
3768
2765
2298
1510
2977
2583
3634
1601
705
691
705
2378
2343
2969
2343
1685
2343
2348
1572
3140
1572
3884
1572
3875
558
3079
558
3579
393
3957
3675
530
1371
3552
3544
3127
3544
3626
3862
3882
3862
3084
3524
2100
326
217
326
225
593
2042
593
1657
232
214
3803
1962
2692
3503
2692
470
2974
2421
2974
3004
2974
1144
3500
2542
3500
2736
3500
2081
3401
3441
3401
1150
3353
3311
3398
2854
3398
3511
548
546
548
2123
548
2113
548
1145
903
2565
903
3678
903
2105
3063
1996
3063
2254
3676
2872
3676
2362
3676
3121
1793
129
161
360
161
152
31
56
938
800
1478
3210
3002
3842
3002
3007
180
206
180
195
1988
1782
1508
2252
1508
1509
1508
392
3412
3589
3412
1487
3494
3050
3494
1632
3494
3058
20
3237
2037
3237
2944
3237
1855
3237
2499
3237
1854
3237
2842
3237
1857
3237
654
3237
2039
3237
2496
3237
1658
3237
767
3237
3559
3237
1653
3237
961
3237
2939
3237
1859
3237
1849
3237
1860
3237
1850
3237
2839
3237
2042
3237
2841
3237
1659
3237
1856
3237
850
3237
1605
3237
2043
3237
1657
3237
1596
3237
2501
3237
2487
3237
1655
3008
1617
3008
3017
3583
1543
3011
2440
1977
1769
3868
2656
1298
2493
1298
2525
3871
3894
3385
3297
3385
553
3385
632
3385
637
3385
1336
3385
633
3385
1071
3385
3054
2371
827
2371
3757
2371
588
2371
1916
2371
1520
316
31
1343
1666
1343
2936
151
245
2572
2591
3030
3150
3592
536
3762
1926
3097
704
1974
1778
1974
1594
1692
2995
3703
1704
129
66
3532
2721
3249
1964
3249
3307
3249
2426
3249
3025
3249
1043
293
272
293
343
3147
3635
3386
2039
3386
850
721
813
721
1525
2508
3532
988
989
988
3311
3642
1722
3642
1916
3642
3712
737
3622
737
1511
2478
1494
2793
3207
32
60
734
1859
734
1655
334
208
3622
600
3913
1478
3127
590
3473
1878
3473
962
81
1074
433
1074
448
1598
3815
1598
368
1598
366
70
757
419
1687
3306
2671
2253
2671
2001
2671
2259
3857
2903
3857
2234
1643
3782
1717
3060
3475
3585
3475
2052
1684
1698
1443
2867
1443
1152
1443
3280
1238
917
1238
3518
2471
941
1714
1921
3778
3800
3778
3001
1077
455
1077
931
754
3526
754
3593
3434
1324
3434
1647
3706
1944
3706
2893
3706
2200
3706
3773
3706
2205
3706
2145
3781
2436
3781
2184
3781
2193
1398
1529
3729
1060
3729
1059
3729
2132
3729
3737
1203
1192
1203
2530
2523
2353
1706
625
3117
3179
3383
3550
3383
1584
3383
798
3612
765
3612
1558
767
2037
767
2944
767
1855
767
2499
767
1854
767
2842
767
1857
767
654
767
2039
767
2496
767
1658
767
3559
767
1653
767
961
767
2939
767
1859
767
1849
767
1860
767
1850
767
2839
767
2042
767
2841
767
1659
767
1856
767
850
767
1605
767
2943
767
2043
767
2838
767
1657
767
1596
767
2501
767
1655
3559
3136
700
3661
700
3407
1143
532
843
3292
764
2767
1888
3596
3705
2771
3705
3795
3705
772
3705
2164
3307
1975
2171
1097
2171
3808
2171
2784
3601
1668
3601
3689
3476
2855
3476
3575
164
224
164
354
1098
1745
798
2868
3598
2151
3598
2880
2991
3813
742
2521
742
2524
2988
2392
2988
2602
2074
1355
228
359
2598
3006
528
3718
3065
3066
2643
3322
2717
614
3757
2172
3392
3406
3392
2046
3514
3599
1671
1227
3355
3637
3355
429
3355
3832
3355
3571
3355
3402
3355
3636
3355
3434
3355
1663
3355
3782
3355
556
3355
480
3355
450
3355
473
3355
534
3355
569
3355
3445
3355
3404
3355
2833
3355
3631
3355
508
3355
575
3355
529
3355
491
3355
1041
3355
425
3355
496
3355
1444
3355
544
3355
3231
3355
552
2687
3275
3585
3656
2714
2725
1471
3115
1471
3116
2238
2458
2443
1772
2443
1794
2684
3293
2684
3348
346
249
346
347
60
2203
374
2398
2406
3829
3843
3829
3835
3829
3865
3806
1755
3681
2127
3681
2748
3681
2750
2077
3705
2077
957
3678
2971
2706
2544
1523
3956
3356
3368
3021
1971
3673
2590
3018
1968
3066
771
3066
2655
50
46
3422
3048
3422
3442
3422
871
3422
3504
3422
946
3422
3273
3422
1110
3422
3508
3422
3640
3422
1169
3422
967
3442
1450
3442
3499
3442
1100
3900
1564
3900
402
3900
406
3900
1806
871
792
871
940
871
791
699
769
699
1908
699
1409
699
3288
1171
1172
2143
3814
2143
1939
2143
2610
3805
1536
2888
3087
3038
2908
3038
1539
3038
3204
2098
1688
40
3586
3257
3586
1723
3041
3970
199
229
199
221
3516
2562
3187
2173
3543
3584
3543
3597
52
3840
1957
251
30
2333
2732
2663
1791
2663
1000
2701
2568
2869
1445
3633
2382
21
1923
2768
762
539
1768
122
30
54
42
3248
625
179
242
179
344
179
290
1176
950
1176
908
876
1567
876
3793
2153
3750
2153
3750
3804
3175
3804
2454
3251
1059
3251
1630
2783
2802
2783
3093
2783
3849
1008
3664
1008
1548
1008
2099
2258
3971
2463
3238
2463
1467
3820
3221
2488
2940
2488
2699
2813
2467
3523
1610
978
1460
978
1381
1870
1712
1870
3751
752
2856
752
2286
670
1169
670
854
928
877
1676
1569
1676
1569
1712
1317
1712
3186
1712
520
2653
814
2653
818
3064
1026
3064
1606
1682
3596
3515
2562
1725
1329
3354
889
3354
1846
3354
493
3354
2061
3354
3134
3354
3135
3584
1680
224
246
2248
1815
2453
385
3869
895
3869
1762
62
1476
2622
1476
3218
1476
2625
1476
977
1476
1739
3790
2193
3790
2188
3790
3818
344
142
2163
1736
470
464
1072
428
1072
433
3493
1434
3493
3566
3908
1552
3908
393
3908
2816
3908
395
1869
642
1701
797
1663
421
1333
2423
3740
2179
3740
2198
217
218
217
194
168
261
168
335
168
347
2768
2891
2768
2428
2768
861
22
62
2923
2331
2923
3688
375
3963
3009
1947
3009
1970
3009
3015
3009
3877
1153
576
853
846
3436
3527
3436
3578
3436
478
3704
1582
3704
2603
3704
3779
3704
2632
3399
1855
3399
768
2176
1943
3482
3592
3482
3517
2870
1944
2870
1406
2870
1703
2870
1708
2870
3773
2870
2145
1813
1003
1978
1793
3720
1352
3720
2762
1488
3094
1488
3925
1783
3163
1783
2667
2008
468
1463
2238
1463
3029
1463
1464
3945
1771
3945
1770
1258
3490
1258
909
261
249
583
3095
583
1621
469
464
2980
3329
2980
3287
747
3554
747
1441
613
3504
613
3577
2725
1415
2725
1416
2725
1677
3973
42
2682
3588
2682
2507
72
1653
652
2676
2678
2676
2912
2712
848
2712
530
2476
1648
3474
2317
3474
780
1453
590
3769
1598
3769
3807
3769
3798
3769
2152
1248
866
1248
944
205
275
205
345
2072
1357
413
94
3435
3495
3435
3520
744
3067
744
606
383
134
669
824
669
2064
1163
3223
863
938
863
966
3690
3714
3690
3714
3660
789
3660
3265
377
133
898
3142
3418
1382
3418
837
553
1686
303
349
3466
3516
3466
3506
273
189
2689
3384
2689
1143
3421
487
3421
1554
3421
467
3421
2945
3421
2743
3421
2698
3421
2049
3421
2701
3421
3589
3421
2502
3421
434
3421
1224
3421
479
3421
449
3421
459
3421
2080
3421
1466
3421
2086
3421
456
3421
2344
3421
2509
3421
3617
3421
2541
3421
3519
3421
471
3421
3684
3421
3511
3421
2053
3421
2051
3421
2531
3421
431
3421
2302
3421
1487
3901
2248
3901
2664
3901
2457
1513
1567
3022
3150
3022
1978
3022
3151
1993
863
2570
1911
93
87
1483
1938
3156
3157
3156
3157
3815
3221
1788
126
3975
36
943
792
943
3565
943
791
1569
1913
1569
2981
1569
1061
3042
3954
3569
1067
696
3297
696
695
3490
3326
3490
2098
3490
3312
3441
683
3441
3569
3441
960
3441
1113
3441
3632
3441
627
3441
636
374
1795
166
188
166
353
3438
1902
1690
1909
3793
817
3816
803
3816
804
3816
2204
3155
2261
3155
3932
2731
1897
3388
922
3388
1158
3388
3442
3388
871
3388
3569
3388
3504
3388
3554
3388
1206
3388
3447
3388
3508
3388
3640
3388
869
3388
3443
3388
867
2303
2516
3843
3865
3843
3865
2727
3738
3540
1870
3540
3625
3391
2324
3391
3489
2992
3137
2992
3137
388
1800
3630
2390
3630
2143
745
1854
745
3559
2338
2360
3465
1621
3465
3099
563
807
563
1531
588
872
3682
1929
100
82
3504
608
2724
2719
3520
2100
3823
2219
3823
2217
3823
3020
3611
3685
3611
3646
1689
2140
1689
2137
1689
3719
2983
2885
3608
1622
3608
959
235
188
576
2373
576
976
576
1461
576
2367
576
2374
576
3056
128
65
3976
45
2788
2636
2788
3329
2788
942
3317
2424
2483
3503
2483
3408
3715
500
971
2571
1570
3830
993
1471
993
2659
993
1563
2513
2544
3602
3656
2569
3162
2569
2992
2569
3735
3076
3634
2690
921
2690
891
3663
1227
3693
1712
3107
2085
3107
1382
3107
3384
3107
1875
3107
1878
3107
3495
3107
903
3107
3494
3107
1443
3107
1143
3107
528
3107
3490
3107
3520
3107
909
3107
2092
3107
1521
3107
866
3107
810
3107
1146
3107
851
3107
849
3107
934
3107
832
3107
837
3107
3560
3107
3582
3107
2083
3107
1170
3107
3502
3107
1167
3107
2332
3107
1221
3107
962
3107
944
3743
1520
1727
1606
1303
1032
1303
2011
1303
1030
1731
2176
1731
364
3716
3018
3716
2199
3716
1946
283
332
283
299
283
345
1338
1865
1338
2323
201
223
201
230
222
184
110
111
3782
2295
3782
435
3075
3497
3075
885
3075
922
3075
1158
3075
3572
3075
3554
3075
1441
3075
1206
3075
641
3075
781
3075
869
3075
854
3075
867
3075
3577
3075
3272
3034
382
3723
1088
1724
1738
3380
2724
3380
3208
1736
3156
1736
1949
1736
2189
1736
1744
2715
2725
2685
930
2685
3271
2722
1584
2722
3598
1348
1626
1348
1664
249
23
730
3048
730
3572
279
270
279
170
279
296
3859
3113
309
205
309
343
309
141
298
239
623
2341
623
2534
423
118
226
303
226
204
3074
599
2075
1680
3035
1017
828
3209
828
777
828
3321
1128
2545
1128
2549
160
350
160
154
112
78
181
308
181
205
1970
3899
1970
1775
571
2246
571
1480
351
196
2913
3972
372
371
1358
3050
1358
1632
1358
3058
1628
3353
1628
3299
2883
2756
2883
2758
2883
2144
0
3409
1855
3409
1657
3557
2112
3557
2119
3557
1140
3714
3249
976
1562
976
817
976
1513
3888
877
1823
639
1823
3054
3036
386
2999
3869
2999
3009
2999
1307
2018
552
1233
778
3478
3524
3478
1457
2969
3659
1428
2385
18
73
3481
1453
3481
3517
3154
717
1722
872
3670
3690
3670
3714
3670
3308
963
3921
963
2467
1685
3659
15
70
352
246
352
354
1715
3825
2736
2753
2736
2618
755
1229
755
3160
3759
1476
3589
532
2348
3170
3464
1459
3464
2848
1075
449
1075
456
16
65
729
1624
729
1603
75
3505
2568
102
103
2128
2603
2128
2182
2128
2785
2128
2430
2628
3070
765
497
17
71
1883
3403
1883
2578
543
2486
543
3102
2358
3677
2358
2887
1913
3766
2970
2593
289
308
289
307
213
250
3814
1969
3814
2212
3814
1465
3619
711
953
1111
259
228
259
213
498
2761
498
794
498
3197
498
1046
3639
758
1018
437
124
71
691
3795
691
3212
691
1052
691
2777
691
2640
2823
3569
2823
1113
3529
2864
3529
3046
3529
1337
3506
3586
76
150
237
1969
3132
1969
2659
2428
3191
2233
1986
3252
434
3252
3617
3252
431
2511
518
2282
2076
718
1417
718
2364
991
1477
991
406
973
2303
2325
2865
2312
640
2481
3148
2481
2033
2540
1371
2540
3709
2119
3675
2950
3275
2950
2720
2950
2717
2950
3516
2950
3506
2950
2511
2950
1666
2950
2521
2950
1626
2950
1670
2950
1863
2950
2705
2950
2716
2950
1664
2950
1667
2950
2512
2950
499
2916
760
1935
1954
1935
1627
1935
3749
2594
1938
2397
3112
2886
3188
2215
1504
2215
1505
2215
2649
3230
2040
3230
2292
2597
2153
2597
2402
1236
2519
1236
1863
1120
1431
1120
2548
1065
3745
1065
3752
820
2169
820
1429
1949
3847
1949
2229
1949
2442
2394
2162
2185
1948
142
25
2222
2901
909
1473
1826
529
879
1473
2832
2833
1539
390
2907
2243
775
3086
2368
3178
2368
2383
3359
3134
3359
3135
1029
1005
626
3745
626
1731
626
3752
626
3226
2960
2564
2960
2561
2960
2963
3049
3811
3049
3801
3049
1538
1733
2616
1733
2775
1733
1332
1301
3959
2419
2431
2419
3320
2097
3266
1620
3887
1620
690
1502
1488
1502
3922
101
81
1420
2319
1420
2025
3941
1557
3941
759
3941
760
3941
795
3941
826
3941
3970
3941
3955
3941
3954
2619
756
2094
1701
426
3923
426
1730
426
2375
426
3914
2904
388
2904
793
3507
3192
3507
3266
3507
526
1055
3002
2030
2038
2030
1172
2030
1525
1959
1977
1959
3169
1959
2214
941
990
1540
3421
1540
1592
1540
2489
1312
428
1312
1041
880
2456
880
1533
3140
1992
1481
1013
3314
2213
1991
3902
1325
3810
1325
3805
1325
3816
1325
2187
1325
2177
3555
2376
3555
2093
3555
1155
1511
602
956
1112
910
1704
1282
3128
1282
916
1397
1727
1397
363
1886
3255
546
3750
546
2153
546
3205
546
2586
2935
2697
2935
2704
1916
872
1950
1758
1594
1790
551
1554
551
3440
1119
487
1119
2053
819
3665
819
3281
3919
1557
3919
405
3919
1568
1222
2356
1222
951
1222
974
3104
3908
3104
2465
1185
1870
1185
783
1394
2952
1394
2055
2949
2324
2236
3885
1597
3304
1597
2498
1215
3585
1215
2283
2120
1625
2120
1724
2120
2139
2120
3061
2120
3261
2120
2770
2065
2397
2065
1673
2065
3318
2539
1327
1832
496
3120
3221
3120
3944
2826
2550
2826
1149
117
561
1146
561
849
266
190
1960
2238
1960
1516
1960
2239
1960
1515
2029
1858
1368
1143
1368
2092
362
1028
29
53
3263
3599
1907
3653
632
3044
632
1311
2502
596
2502
586
2502
587
797
2617
797
894
797
2779
797
984
966
490
1097
2795
3556
2547
3556
2583
2620
1748
2301
2316
3924
2680
3924
863
1419
2864
1419
1337
2733
2737
3202
1564
3202
3913
3202
2000
794
1926
1094
1936
3169
1977
3169
1977
1619
868
1619
840
1619
1890
3922
2007
3922
2679
3922
2006
3922
2915
495
3762
495
1045
495
3254
111
3037
3883
2420
2786
2420
2786
2959
1887
3208
485
432
3895
432
427
1030
3956
2055
3633
2055
1700
234
300
3211
1623
3211
3620
1904
2162
3090
2633
3090
2894
3090
1774
2902
963
2902
3911
566
1485
566
2506
3316
3328
3316
3027
3316
3834
2092
2870
3343
1847
1507
1005
2306
1510
1560
2800
264
343
961
699
1190
808
1190
1531
238
312
238
148
1504
3037
1504
1551
1805
1488
2559
2588
3323
599
2189
3746
3077
3942
3077
985
2045
3726
11
82
11
96
11
80
11
19
11
28
11
26
11
31
11
32
11
81
11
21
11
22
11
15
11
16
11
76
11
111
11
119
11
84
11
87
11
14
11
77
11
13
11
34
11
37
3106
3107
895
476
895
1019
287
330
287
243
3129
3674
3129
1347
3129
2339
951
2366
2535
3168
2535
2587
2535
2757
2535
1144
1550
2128
2317
1090
2317
1089
2317
1684
1516
3878
1516
2662
1996
853
1996
394
2834
2713
1486
2965
1486
2966
1486
1445
3315
2788
2287
2089
3554
746
946
601
3717
2412
3717
1353
3717
2886
2224
1783
510
502
510
3802
556
3586
1911
2992
1911
2404
1911
3698
1911
3137
1911
3227
2392
2155
2392
2155
1940
2624
541
2120
541
1331
605
784
605
3704
605
2110
605
947
1881
2873
480
1324
405
2005
405
2916
405
2820
3105
1055
3105
3291
2231
1986
2227
3885
2939
640
2592
2595
3293
3106
2837
2509
2837
2531
2549
495
2314
1689
2821
3561
693
1678
693
1165
2284
2333
621
1850
621
1856
367
1768
3652
3697
637
628
3467
3520
3467
1221
1902
2583
434
430
2190
2210
3928
3938
2560
2127
2560
1699
3157
2646
3157
3789
3157
3836
2507
531
1306
1813
1306
1036
3239
468
792
3654
1092
1959
1189
2060
1189
808
1559
2800
3219
2793
2805
2809
2805
888
2504
3662
634
3700
634
1695
634
1604
634
631
364
1024
3081
1571
3081
1583
1045
492
1045
492
12
63
437
107
3282
2710
3282
2512
3078
1556
421
420
421
2876
3971
47
3817
3853
3817
2192
3817
2217
3817
2208
3817
2221
1287
3154
1287
2071
2486
2557
1834
460
996
2440
2516
2346
2516
2341
2516
2084
2516
2343
2516
3592
2516
3523
2516
3515
2516
1453
2516
3208
2516
3517
2516
2534
2516
3260
2516
859
2516
3687
2516
921
2516
2088
2516
3581
2516
2721
2516
891
2516
929
2516
1147
1317
3256
2550
2579
1535
1761
1535
3845
1535
2225
2881
884
2881
1542
2881
3162
2881
2594
2940
2305
2911
3940
2911
3929
206
149
206
344
206
274
206
145
1392
885
1392
3577
573
2585
573
1705
1224
2514
3189
3679
3189
1885
479
2582
1939
1468
1939
3314
1939
2437
1592
2986
1592
2580
1592
2882
277
34
509
502
509
3802
1227
2764
1227
845
307
180
1231
890
1231
2069
1284
2062
1284
3141
1314
1931
3270
3618
3270
2126
1821
922
1821
960
187
14
1837
2322
1837
2321
1549
2818
1673
3759
1859
2962
1859
2504
1379
2309
1379
1587
165
353
165
235
2610
1939
2656
2461
2656
3091
3198
1547
3198
1995
71
2804
2238
2804
1566
1409
3797
1409
691
1409
3071
1409
1334
2641
2244
2641
2242
2641
1472
3854
2663
2505
2570
3201
3324
3201
2810
2580
3692
2758
3125
3884
3892
635
634
365
1302
1044
3824
86
449
435
3437
1874
3437
3680
649
2939
649
1596
3290
2598
3290
3756
3290
2134
3290
3783
3290
1056
3290
1912
2166
3314
2166
3833
2052
1576
3212
2230
2201
3193
2201
3852
2201
3138
435
3895
435
427
1047
3823
3882
3242
3882
3897
3882
1985
2860
3643
2380
3100
2380
2151
2380
2149
1609
2077
2441
2898
2410
2788
2456
1508
492
484
3369
3383
3369
2063
1268
1198
1268
3449
1473
1612
1473
1607
1473
2393
1473
658
2807
440
1579
3145
459
453
2932
3313
2932
2055
1079
467
1079
459
779
775
85
43
1926
3853
1926
2192
1926
3805
1926
2208
1926
2177
2748
3723
809
645
809
3096
809
917
809
3095
809
824
809
3128
809
3073
809
3513
809
3526
809
558
809
3097
809
3529
809
956
809
1166
809
1262
809
916
809
3098
809
1621
809
939
809
3593
809
883
809
3657
809
1418
809
3518
809
3658
809
3382
809
1162
809
3099
809
829
1109
1111
1285
3074
1285
1534
3114
827
3114
3743
3114
828
1322
469
1322
1868
2336
2553
1537
3264
1537
1858
1315
1931
3340
2491
1849
675
920
1945
920
2168
920
3828
920
1928
290
306
290
146
2666
2668
2666
2813
3948
3962
1521
1346
1521
1012
1521
1010
2786
2631
2786
3868
2786
2801
2466
410
360
251
360
196
3320
1749
3320
1749
2850
8
2816
2257
3879
1781
3879
1781
1835
1424
1835
3127
1534
608
1212
1413
1212
1208
2062
2964
2062
1881
2062
2558
2141
452
2080
494
873
2337
659
3290
659
2132
1173
2312
1182
2852
1182
783
3304
3362
2156
2219
2156
2417
2156
2217
2156
3020
2156
3250
2156
2167
2110
3642
208
349
1225
2065
1225
2067
3754
1945
3754
3850
3754
2186
1505
2449
3186
3187
3517
2095
3517
2566
3517
1683
1580
369
1580
1579
1580
855
280
357
280
221
2409
3770
1804
826
3449
1888
3449
1682
3449
971
1641
3434
1656
522
1610
1094
1610
1920
1610
1093
1610
3166
310
16
2859
541
2673
1529
2673
513
2379
3677
586
2599
2044
718
3159
572
894
3142
1758
1040
1758
3910
3940
990
772
3158
772
882
772
2615
772
3843
772
3835
772
3865
192
149
192
169
650
2312
650
1871
616
1380
616
1492
1201
2847
1201
955
416
415
2047
705
450
435
1052
1620
386
135
897
3876
897
1512
866
702
1166
676
2473
1003
2268
2032
2268
3506
2579
927
1807
1810
3273
2554
1456
809
1410
2545
1410
2533
236
299
2609
3814
1441
1884
1860
664
1380
3170
1380
3659
61
404
2469
404
1806
2109
1351
2109
1719
2109
1352
660
1170
660
3502
1748
1025
2926
3529
1932
3790
607
3159
607
3141
2079
1886
708
2877
708
2731
708
3682
708
2730
708
3118
708
2391
3958
58
1666
503
2521
2090
2521
2547
2315
2552
51
1336
1676
1336
1569
1336
3072
2537
1880
2849
1891
2849
2363
2849
2340
3185
2635
678
810
678
1167
2322
3758
2322
2363
2322
2340
2285
3293
919
546
2534
605
2835
3532
1850
605
1816
637
1816
3054
1786
1796
1466
1347
1466
3606
810
1357
856
799
1156
2745
1110
1111
2225
1766
2173
2227
2173
2892
2173
2447
2173
2186
407
901
2182
2209
41
460
454
1080
931
1080
466
780
525
604
2575
604
3704
604
3763
604
3722
2212
1756
1141
924
1141
3693
1141
1407
841
2627
841
2775
841
624
1062
1588
1395
3323
1395
1377
1738
1769
999
1634
1184
1141
1184
923
2921
3590
1214
1209
1214
844
2064
3697
2937
2857
2937
2509
1532
2357
2839
1615
2839
3047
3184
3185
3756
3767
1331
2783
1331
1570
1331
1556
1331
2405
1703
3747
1327
1926
1327
488
3969
85
225
210
1661
1371
2526
3553
1461
3164
1781
3908
1781
2465
1840
2842
1840
2496
1811
416
1324
3690
1324
3714
1324
1314
1324
1044
1324
1315
1324
3308
271
311
846
3927
846
847
1187
3260
1187
921
1146
1882
2000
2004
3807
3820
3807
368
3807
2889
2067
2386
2067
1892
2067
3699
2934
2942
2934
2705
1217
1668
1217
1459
519
515
1595
1090
1595
1089
1595
1684
1151
3746
851
926
851
2355
851
3286
3755
2895
3755
3812
3755
1009
1095
3744
795
3974
494
1325
494
3254
3357
1131
3357
3372
3357
3612
3357
460
3357
519
3357
3429
1651
506
1646
1883
137
8
3067
3136
611
1381
611
1462
2054
494
1289
2717
1289
2521
8
3651
1725
3651
2394
3651
1914
1905
3781
1905
1932
1905
2623
1905
1924
1905
1316
1905
2165
581
819
581
3587
3648
501
640
1900
640
1106
640
1676
640
1569
640
1107
640
3708
440
439
3278
2368
295
267
295
340
2057
665
1161
2728
1161
1408
1161
1672
3082
2336
861
3016
1042
454
381
2670
2290
1431
2290
1589
2290
836
2290
787
2290
2545
2290
2539
2290
3189
2290
1534
2290
1141
2290
1595
2290
1149
2290
3102
2290
2551
2290
923
2290
3059
2290
2548
2290
3574
2290
2533
3281
2736
411
97
1206
2105
1206
2971
3233
2837
3233
508
497
3183
497
2761
497
1046
2802
1572
1446
2554
3587
1911
1451
917
1451
1261
1451
3128
1451
3526
1451
558
1451
3514
1451
1008
1451
3529
1451
1649
1451
3098
1451
1621
1451
3518
359
316
359
360
602
758
602
2600
2214
1463
1937
3716
1064
2987
3260
3667
6
1921
1954
1921
1627
1921
3749
520
3256
1999
2001
1999
2003
2184
3013
2395
2769
2738
2985
2661
1398
2661
2247
1526
985
2327
1720
2703
2073
204
193
3115
2910
3115
397
3115
994
3856
2450
3856
2223
2331
1517
1839
2499
1839
2496
2532
2865
2811
504
5
2324
2553
183
289
183
236
183
345
2840
2523
2461
3902
2781
2791
2781
3862
2781
2630
3093
2660
2151
2614
1934
3009
1067
3700
1067
1695
1067
1397
1067
3225
2595
1625
2595
3130
2595
1927
2217
3857
3707
2143
1000
999
1000
3043
3305
624
2146
2408
2146
2408
402
2913
2187
1751
2187
483
2187
1752
2646
2799
358
250
358
359
3905
2774
3905
3912
3905
3244
2651
3872
3143
2215
3116
396
3116
2910
3855
3901
3855
1481
2095
2577
119
777
3867
2905
3062
1054
2206
2289
1877
439
438
892
497
774
1504
3329
3316
272
141
639
3649
2206
796
2206
900
3306
1475
3306
2393
3306
1474
2042
2514
2161
3817
1290
2328
1290
838
7
1057
1058
1057
1058
3123
2587
3123
3713
3123
2592
2451
2236
2446
2805
1802
846
1802
3196
3477
2855
3477
3500
83
1982
1546
609
1462
89
20
1291
3558
1291
3556
2160
1769
2025
2338
2107
2974
579
1939
579
2610
579
2609
579
3215
579
2181
579
1096
2012
418
1262
3325
473
465
1492
614
2897
1309
2897
3066
2897
2651
2897
2446
2866
3726
2386
3699
2386
3699
1649
628
3360
2076
2450
1301
2450
3298
2450
3951
2416
1961
1435
2562
194
211
3050
3650
1365
3073
1365
829
1635
829
2616
2627
2650
1545
2650
1982
2650
3080
2894
2665
2772
365
3960
59
1449
3753
1449
3765
178
176
178
328
3205
1761
3205
1560
3205
1559
3205
2225
3205
3206
2586
2402
270
312
379
378
859
514
1159
689
673
1356
673
3686
409
918
2104
924
2104
3693
2104
1407
2780
2654
2460
3921
2068
3726
2841
1671
2841
2342
2604
3078
2604
2405
2604
2605
1329
2194
2810
2243
2856
2543
2407
2427
147
271
1659
596
1659
586
1659
587
1873
638
1252
909
1252
2083
1001
3969
3915
853
2086
3664
2086
1548
2086
2099
2247
1529
2247
2677
534
2712
2919
2291
2919
3351
2150
2161
2150
2161
835
545
2116
3655
3886
2666
3886
1794
3886
3026
1135
1458
1135
886
2678
443
2244
2669
3938
3950
3938
3951
3938
3959
3938
3952
521
3187
521
1317
521
516
1920
1743
1920
2210
1920
949
1920
2613
1920
1750
1920
3005
2708
487
2708
1554
2708
467
2708
2857
2708
3505
2708
1592
2708
2080
2708
2086
2708
456
2708
2344
2708
3617
2708
2541
2708
3519
2708
3684
2708
3511
2708
2858
2708
2531
2708
1487
849
1896
849
1693
849
2370
1149
541
537
876
537
907
537
2137
3229
1851
3229
2497
3229
2041
1779
1782
1779
1501
2607
2420
2607
2786
2607
3785
1459
537
3206
2226
2330
2866
1355
2612
1355
2741
1355
3317
1355
2994
1355
1099
1355
1482
2404
3156
2404
3157
2404
2196
1809
2014
926
2117
3552
3694
3552
1148
3552
1907
2660
3198
2660
2662
2492
2301
2492
2498
157
291
456
446
410
409
807
1882
1012
1904
1012
1329
1012
1914
1107
1108
2262
1527
2262
2914
2291
2947
2291
2847
2291
3327
2291
3533
2291
3689
2291
3488
2291
3594
2291
3534
3284
3347
380
377
860
2473
860
856
1025
1
1160
2111
441
104
982
3729
982
1105
2435
2201
1450
2116
1416
2975
2649
2449
169
195
1866
1355
1897
1710
1897
2980
1897
714
1386
961
1386
2043
1586
3527
1586
2309
1586
2320
1586
1458
1586
3437
1586
3082
1586
892
1586
2068
1586
1494
1586
802
1586
886
1586
950
1586
1434
1586
3573
1586
970
1586
3489
1586
3578
1586
908
1586
3566
1586
478
1586
3644
1586
3645
1586
3646
1586
3647
2449
2658
2449
3854
2449
1318
1616
958
1616
779
1616
379
1650
3709
2635
2643
2635
2653
1772
918
3950
3960
1894
539
758
1719
758
3720
758
987
3089
1975
3089
2231
2365
2130
641
1112
804
895
804
1762
1104
2995
580
806
580
2696
3170
2744
505
1945
505
3828
505
3768
505
1910
505
1928
3654
2378
2159
2621
2159
2174
2159
2890
656
3502
610
832
610
837
1407
3751
2873
2744
2659
1471
2329
3630
1810
48
1856
1679
1841
2842
1841
1605
1068
3629
1604
630
1604
362
1780
124
343
276
1460
2969
1460
1685
1460
2348
2135
2597
2135
2597
816
3251
850
708
1116
2101
1116
1083
1150
3595
1150
2711
1150
3627
3139
3740
24
66
1919
2412
1919
1353
1919
979
3257
2420
3257
3090
3257
2621
3257
2174
3257
2787
466
462
2001
1478
2001
404
1247
934
1247
944
1086
487
1086
479
786
1716
2252
3085
2252
3174
2149
2614
666
2148
666
3756
666
2134
666
1716
666
1912
1708
1721
2920
1866
2920
2311
3119
3728
3119
1333
3119
2410
3927
3941
1244
3144
1244
865
1678
1101
1678
3655
748
746
1660
498
3178
1724
3178
2139
3178
1927
2355
2117
1330
1962
2809
3035
2809
2661
2809
2459
1404
472
1404
2358
3181
1555
1607
3741
2779
3142
2459
1398
3333
1498
3333
3195
932
476
932
3245
932
1020
3047
1067
2402
2633
2402
2894
2402
1774
1846
3134
1846
3135
1851
3731
1519
1965
1519
2218
595
1446
595
2318
840
2382
1140
3651
3286
3673
781
1691
1081
467
1081
471
2006
1002
2006
2680
2006
1808
2006
1303
2006
1306
2006
3940
2006
3931
461
2361
461
2624
461
1707
461
1304
1257
3533
1257
2311
2242
2250
1111
1401
1111
1062
1111
1105
1111
1400
811
3111
68
2139
3130
3373
2309
3373
1587
3373
1458
3373
3411
3373
3510
3373
2949
3373
1619
3373
3437
3373
892
3373
2068
3373
950
3373
970
3373
3489
3373
2048
3373
2313
3373
1593
3373
478
532
3706
532
984
661
1110
661
1169
703
781
703
3640
1254
1261
1254
2074
3656
1736
3656
2611
3656
3000
3656
2760
3923
2911
3923
1022
3923
2470
738
3556
738
2313
395
3957
2345
2100
2602
2607
2520
3643
3027
2653
1267
3129
1267
3285
2102
3654
2102
940
446
445
446
432
2017
3557
2017
3129
312
19
2296
461
1497
2297
1497
2285
282
181
282
264
282
272
1987
1993
1987
963
3285
3192
3285
2097
3285
526
451
444
1200
1195
1200
3446
3687
542
1381
608
1861
910
1440
3019
1440
3243
2639
2796
2639
993
2639
2652
2892
2451
1411
1879
1411
2533
2774
1747
291
211
3751
516
2439
1770
1611
674
1640
2343
3748
3205
1581
604
905
713
2777
2791
2777
2642
3130
3131
3130
996
3130
1948
651
1110
651
641
1494
2962
1494
3662
2014
1814
256
171
256
265
1795
128
1264
824
1264
883
3655
1601
2997
3820
2997
3815
2997
2170
2199
3307
2199
2233
1984
1301
1984
3204
1984
1300
646
645
646
3073
2519
3303
229
357
934
719
281
213
281
359
2851
3136
3163
3041
3163
795
3163
2910
311
17
2846
1864
1402
1403
3607
1622
3607
1573
3102
3147
3102
1207
3102
997
1242
905
1242
3530
3931
1039
3931
1029
3931
1038
292
184
2111
1908
2111
2752
115
77
3298
2908
2257
1810
2081
3665
58
51
3453
3527
3453
2320
1006
437
3301
3146
2140
876
2254
3962
526
2982
3269
1466
3269
2344
839
3727
1139
2068
1139
1593
1520
1097
1520
1951
1520
2784
3190
388
921
1433
937
3936
937
1507
937
414
1602
1989
1602
3173
1602
3891
3111
2596
246
277
1345
887
1345
1558
3312
3076
3108
2046
3787
3815
3787
367
174
295
174
147
174
170
2200
3804
987
3300
987
3289
987
3811
987
3055
987
2445
2497
2866
1296
1603
1296
881
3240
3904
3240
2909
2267
556
802
547
116
117
1102
2612
1102
1055
1102
2996
1102
2994
1102
3788
1017
438
38
46
349
13
1639
450
1774
2665
2411
1935
2411
1935
1892
2751
2440
3845
2440
2225
2440
1765
2381
1542
2381
1483
2381
2594
2381
2898
84
2861
2352
1777
1509
1777
1803
2581
1524
2640
1620
3848
2235
1439
3655
2611
2166
3204
3174
3204
3952
3204
2815
3851
1602
48
40
1199
2103
1199
2107
1199
2108
984
2776
984
2425
984
1328
984
3755
984
3773
198
351
198
153
3220
3953
3220
2007
3220
3916
3220
1811
2795
1491
2795
948
2795
571
1014
3966
2264
3231
2494
2843
2494
2522
2255
3953
1230
946
1230
1441
1126
2053
1126
2302
826
3973
1909
3105
1909
3767
539
3125
539
3257
539
2144
3339
1084
3339
474
3339
3619
3339
3304
2132
2598
2132
1057
2132
1755
2132
3783
2132
1056
1879
505
949
3786
1820
1633
1820
635
1344
1879
1344
923
143
265
248
7
2551
573
3133
2855
3133
889
3133
3500
3133
3681
3133
943
3133
2055
3133
2045
3133
2317
3133
1208
3133
2063
3133
2061
3133
896
935
1940
3887
2453
3887
1985
3887
2455
2819
1029
2819
1507
2819
2911
2352
7
3182
1959
1347
2096
2546
3381
2229
1979
1973
1522
220
223
220
355
2956
2121
2956
1152
2956
3280
2910
399
2910
2818
1718
1027
3319
2451
2941
2305
2880
3100
1426
838
1426
3534
959
573
2432
1031
420
757
3970
49
985
3086
985
3946
196
350
196
209
1022
3967
3084
1985
3084
384
1015
463
2794
370
2036
2050
2265
3637
2495
3563
3951
390
733
3154
733
1609
306
215
306
149
276
2
502
2161
502
2150
502
1048
502
3774
3370
3383
3370
2507
620
2841
620
1856
2797
3968
2966
2874
2362
3721
3289
2899
2632
2441
1775
441
132
63
2561
2383
1626
525
2191
1050
2191
834
2191
1051
1132
892
1132
950
832
2964
832
1881
832
2558
3487
3525
3487
3647
3216
1967
2879
1706
3243
2648
3243
1787
171
192
171
339
2909
415
338
340
338
193
3895
3905
3895
1729
3895
3903
3895
3907
2230
2904
2230
3890
1255
2287
1255
1669
2126
1438
394
393
394
1490
2344
3667
3926
1808
3926
1577
2820
759
597
2042
597
1659
1546
1547
1546
1995
2347
572
1352
2171
886
501
397
396
3548
3575
3548
1452
1819
2839
1819
1605
1551
815
3551
3621
3551
3570
594
2341
594
3581
950
494
916
2975
916
852
481
3825
481
1314
481
1315
481
1906
481
1901
1880
527
1880
2125
1880
3761
1880
764
1880
2990
1880
1713
286
297
286
336
286
266
540
1720
1941
1957
1941
2438
2718
2550
1910
2897
3223
707
1956
1759
511
504
2973
3744
1229
746
1432
1433
3160
715
2426
3089
904
2194
904
3772
904
2641
904
3143
619
986
619
3323
1495
976
3961
55
258
360
258
244
1036
799
153
251
1794
2813
2015
1166
2015
1262
3450
2039
3450
961
1265
1590
1265
671
3215
3152
2022
3264
1985
1799
1985
775
1985
381
1966
2220
1966
932
1797
3948
419
102
1191
3449
1191
1435
960
638
2626
1310
2626
1309
2626
2805
1561
3210
1561
1568
1632
3650
2775
2781
907
3730
907
1726
907
3736
907
874
3193
3224
1362
2064
1362
952
368
1768
2437
2213
2421
3748
1299
1037
1299
938
1299
1020
2634
2441
1895
1711
2364
3060
2364
3329
2364
3287
2364
942
1105
1060
1105
1059
1105
2769
1105
2147
1105
3737
87
805
576
504
109
3214
1787
1031
782
1027
2
507
503
2792
3833
318
331
318
293
1024
4
1961
3153
1961
1528
152
244
560
1146
560
2332
2434
2631
2434
3868
2434
2801
2300
1885
2367
3164
2621
3742
1566
2239
254
358
254
245
1196
1646
1196
3488
3852
3224
2637
2641
2121
1903
3101
1560
3101
1559
3101
3206
98
76
2137
1728
3098
2082
3098
3595
1693
2988
1245
2325
1245
2503
267
148
3302
2353
3053
2673
3053
1811
3053
2255
2509
521
2354
3618
1405
489
989
3299
2479
1486
2479
1485
3363
1586
3363
3083
911
2569
2357
2403
2357
579
3308
3831
1556
1960
1510
2368
1510
3179
3112
1562
3112
2625
3112
1513
3112
3793
3112
977
3112
1739
1342
1666
1342
1670
2573
2591
3930
440
3930
2811
3930
2010
1990
815
1990
3037
1990
1399
1480
2251
1480
1994
3311
3451
3311
1192
3311
789
3311
3144
3311
2530
3311
3265
3311
2518
3311
3561
3311
3524
3311
3584
3311
2540
3311
819
3311
3263
3311
1380
3311
2537
3311
1446
3311
3587
3311
1492
3311
1159
3311
1678
3311
1199
3311
540
3311
1229
3311
3160
3311
507
3311
1367
3311
788
3311
3702
3311
2318
3311
2536
3311
1457
3311
3597
3311
2515
3311
1165
3311
865
284
304
284
329
881
3294
881
3628
1605
634
1541
3103
1541
3863
940
3565
2134
3767
516
2168
516
3802
550
903
550
1443
1951
2795
1946
1964
3617
2563
3617
2350
486
2972
486
488
1364
956
1364
952
1634
442
2895
1759
1421
836
1421
1595
2299
699
176
192
176
306
1437
1438
328
207
328
266
2027
2078
559
1592
559
2541
2031
2036
2031
3148
3085
1802
231
353
2105
3509
2961
702
130
67
2024
2532
1792
1793
902
2711
902
3627
274
4
3330
2026
3330
2291
1637
3372
3752
2180
3752
2620
3397
2574
3397
2559
3397
1661
3397
1861
3397
2581
3397
2946
2196
1949
1367
1347
1367
3606
1367
2339
2566
2577
1621
2542
1621
3281
1621
2081
1434
1089
1434
1698
1300
3951
135
61
304
137
2245
408
2245
1790
2693
2695
549
2834
549
2527
3447
634
1137
1124
1137
929
837
3568
837
1228
837
843
3086
3928
3086
1802
821
3011
821
2185
821
996
1121
1405
1121
913
108
592
3555
592
1600
939
3439
939
3676
939
3438
3259
2623
1479
3212
1479
1052
1479
2640
1354
3770
1989
1785
2405
3775
1509
3085
2541
1888
2541
1682
2541
971
162
151
162
358
2480
2281
2605
3775
136
56
2342
1881
2342
2109
1573
590
990
419
392
3960
2556
1897
1357
1692
1357
1104
1357
816
1357
1591
2510
2059
2510
2709
2510
2714
2510
2513
2510
2526
2510
2702
2510
2713
2946
3616
244
316
3427
3587
3427
1457
535
3730
535
1726
535
3736
535
874
3883
822
3883
1000
3173
1571
3173
1583
2951
2523
1134
2985
834
3222
834
1616
1374
1153
1374
1532
3560
676
3863
3880
3863
2463
690
3897
690
3032
569
548
239
1
3445
548
3445
902
3445
3595
3802
1049
3802
2897
3802
2418
3802
2183
1696
3718
2971
2989
513
512
513
2012
1943
3120
1943
1302
3974
35
1088
1049
1088
2418
1088
3774
1088
2183
788
3663
788
2745
3425
3515
3425
3270
483
2220
483
932
3396
1206
3396
1150
3808
2795
1553
1502
1553
1805
1553
999
1898
2377
94
44
1377
1550
1377
587
2576
2986
2576
2882
3811
2195
350
278
350
216
3935
3955
3446
3270
3413
3519
3413
1487
3087
1743
3087
2190
3087
964
3582
717
1588
2997
1588
3787
3151
3077
3062
3124
3062
3063
1563
3163
1563
2667
3395
787
3395
762
3148
3149
3352
3387
3352
1456
3352
1451
3352
3367
3730
3739
1745
1050
1745
3167
1745
1051
1388
1867
1388
1866
1193
1436
1193
2087
1193
3498
3003
3819
3426
2070
3426
3098
3458
3497
3458
867
3461
1530
3461
1600
3593
602
3763
2419
2374
2984
3702
522
2696
3302
3484
3497
3484
3508
3
3615
2104
3615
891
263
303
2943
2844
2943
387
2088
481
570
3621
570
919
1971
3838
689
1612
689
769
689
1908
689
1607
689
1474
689
3288
3711
2148
2377
1918
1576
1094
1576
1920
1576
1093
1576
3166
3708
3733
2553
1896
2553
1693
2553
2370
2898
3861
2898
2907
2898
2810
2898
3217
2898
3874
3623
532
3068
3380
3068
2094
3068
3446
3071
3305
724
3097
724
3514
3472
968
3472
3555
2588
1720
2193
3013
2745
2600
3830
3193
3830
3194
3830
3138
2388
3182
2563
2737
3533
674
14
64
3616
1686
731
1623
731
3423
140
269
727
3189
3643
498
3486
943
3486
3223
3217
3207
1828
2517
2033
2050
3432
3523
3432
3687
3031
2668
3031
3926
3031
1305
2729
2368
1218
2085
1218
851
1423
819
1423
540
3028
1019
3789
2799
1730
2415
1730
1734
2755
2606
2755
2407
2755
2608
1623
2077
1308
1002
1308
3929
736
3594
736
3534
3573
3731
3573
2330
3870
771
3870
2655
1278
2328
1278
959
2963
3178
255
332
255
298
428
424
823
369
823
1579
823
1579
1123
3208
1123
2088
1275
2715
1275
2495
3839
3172
3485
3495
3485
851
2691
3549
3614
859
3614
2104
1976
3879
1976
1781
1976
2905
3819
1771
3819
2439
3819
855
2498
762
2498
2044
2498
2290
2498
2304
2953
2861
2953
1675
211
37
1571
1549
1571
398
1571
1798
970
711
2765
3823
628
2106
628
626
628
3629
1372
1589
1372
1153
2543
3591
3911
3920
3911
3310
3911
2240
3498
3079
1033
1034
1033
410
245
315
2828
922
2828
627
3501
2401
3501
3604
2979
1325
2423
2791
2423
3862
2423
2630
2218
1972
2218
1972
1729
1747
1729
3244
2623
2658
2623
3854
2623
1318
131
64
3512
458
3512
778
3512
1868
3890
1526
3890
3190
3890
793
3394
3096
3394
3098
3689
927
3659
2128
1755
1952
1755
3296
2730
1897
1963
3889
685
2057
685
1611
3770
2891
3770
861
3770
2790
2278
473
722
3144
722
3263
715
3725
715
833
715
2365
715
714
715
2118
715
1157
2308
455
2308
931
2308
3503
2308
3408
2308
3585
2308
470
2308
1663
2308
765
2308
2322
2308
466
2308
1405
2308
428
2308
913
2308
433
2308
1558
2308
2707
2308
448
2308
2321
2308
1041
269
139
123
72
3010
1968
969
1054
969
1454
969
624
1691
2131
1691
3317
1691
3734
1691
3765
1691
3177
1691
1099
3444
1428
3444
1898
3444
2742
3739
3800
3739
1741
3739
3001
2275
480
2123
2129
1498
914
1498
1424
1498
785
1498
1865
1498
2852
1498
1198
1498
3127
1498
1870
1498
469
1498
3602
1498
2075
1498
3449
1498
2849
1498
1435
1498
1460
1498
1381
1498
2846
1498
1432
1498
783
1498
878
1498
2323
1498
1323
1498
458
1498
778
1498
3625
1498
3626
1498
862
1498
1868
1498
1462
1498
930
1498
2056
1498
2066
1498
899
1498
3271
3719
1728
1953
1965
2976
630
3424
2701
3424
3511
79
2372
3642
1543
907
883
659
1765
1796
1765
3881
1765
3888
3400
3437
3400
3489
2571
1935
2571
2411
2571
3122
913
481
3471
3508
3471
967
241
298
3468
3558
3468
1581
3629
1397
3629
3225
398
3965
3606
3674
1754
2914
3898
2908
684
683
684
869
443
442
2293
422
714
1717
3539
2075
3539
1432
3072
1900
3785
3090
3519
557
687
3560
687
1167
2528
2347
717
1417
717
2364
643
642
598
1530
598
1377
1757
856
2742
1918
3786
1960
3701
579
2003
3964
3698
1565
190
26
1798
1804
2277
491
3605
3641
3605
3648
888
2459
888
1017
1764
121
1843
3500
1843
1208
2699
2945
2699
2049
2699
3589
2699
434
2699
1224
2699
479
2699
449
2699
459
2699
1466
2699
2509
2699
471
2699
2053
2699
2051
2699
431
2699
2302
2871
2746
2038
806
2038
890
2038
1168
2038
2060
2038
2069
2038
3710
2038
2072
2038
3154
2038
2065
2038
1609
2038
2062
2038
3159
2038
2067
2038
2057
2038
1161
2038
2327
2038
807
2038
1611
2038
805
2038
2951
2038
523
2038
813
2038
808
2038
3624
2038
3688
2038
3661
2038
2071
2038
3176
2038
1531
2038
3141
2038
3407
2038
1484
2038
1517
3489
2126
3489
2354
3489
1437
195
346
195
166
1767
1522
3712
3757
1700
588
1700
1722
1700
3712
3873
2666
3873
1033
2274
3571
3570
3117
3570
3278
3570
2729
706
1161
706
3661
3046
915
3581
2733
3581
2563
3581
2369
2754
920
3013
3859
3013
1963
3013
2645
3578
719
3287
2636
471
464
3685
2357
1293
939
1293
3593
2995
3806
2995
1057
2995
1058
1528
3880
1528
3104
671
657
3657
585
3462
3524
3462
1446
1742
3218
1742
3219
1742
3217
3152
3153
3152
3848
3152
3837
3348
2297
2757
2228
2757
3261
2757
2770
3061
2228
3403
2883
3026
1772
3351
1631
3058
839
2798
2804
2798
3029
1277
3074
1277
2551
3798
3120
3798
365
1003
3968
3686
982
3254
2417
3254
3810
3254
3817
3254
2167
3801
2195
1038
1004
1871
1112
1699
2748
1699
2750
2764
3191
2764
2891
2764
875
2764
975
2764
979
3045
630
3045
1028
2843
2513
2700
887
2700
2845
2700
455
2700
931
2700
3503
2700
3408
2700
3585
2700
470
2700
1663
2700
3557
2700
765
2700
3129
2700
1486
2700
2052
2700
2322
2700
466
2700
3285
2700
1405
2700
3623
2700
428
2700
913
2700
433
2700
1558
2700
2707
2700
448
2700
1485
2700
2321
2700
1041
2700
3364
2700
1444
2700
2506
2700
1091
3025
2233
3812
3180
2767
3754
33
61
335
166
1274
1380
1274
2318
523
518
2996
3002
77
3773
1944
3410
3550
3410
2868
2272
3832
3965
89
2083
3724
2083
2111
1170
982
870
933
870
2224
870
2237
2113
2136
3255
488
1048
3826
2853
2331
2853
3302
3044
3045
3044
361
1876
1889
347
310
3733
1061
3733
1455
3024
1976
768
2517
1762
2902
1762
3028
1762
476
923
514
2375
2471
2375
1022
2169
3842
2169
3007
3000
2422
2669
2256
2669
992
2863
3652
2383
3776
2383
1933
2383
2396
2744
2773
2744
3779
2744
3320
2744
2634
2744
1749
2744
2629
2178
1941
3860
3882
3860
3084
2208
3858
3563
2347
2413
3253
1058
925
1058
3846
1470
2173
3379
1894
315
33
3256
2168
3684
1681
476
963
3502
1109
3502
2863
3891
3173
3891
3173
2994
820
712
1923
712
3139
712
720
712
2759
676
1687
676
1690
676
3290
725
1158
725
871
682
1687
682
1690
682
666
682
1335
2318
572
3508
1376
3508
3583
3508
2314
209
29
1670
506
1752
893
2613
2201
2747
2887
3910
512
3910
1016
3910
2247
3910
776
3511
2574
3511
2559
3511
1524
2469
3949
1928
3794
2583
2146
2583
1919
1113
2106
1113
1064
1113
1068
813
3599
2170
367
1272
2284
1272
2528
3955
3964
463
98
783
3723
783
2754
1083
3444
3620
718
488
3816
488
1613
488
2177
488
1536
2876
757
3604
2755
1853
1428
1853
2377
1853
2742
2048
3527
2048
2320
2048
3558
2048
3525
2048
3556
2048
1581
2048
1494
2048
802
2048
886
2048
1434
2048
3573
2048
3578
2048
3685
2048
908
2048
3566
2048
3644
2048
3645
2048
3646
2048
3647
1375
2065
1375
805
3530
3591
2762
2171
3833
1468
3640
1473
663
654
663
1653
1169
982
701
1849
701
2043
869
665
175
295
175
337
2470
2471
3032
2455
3032
385
1413
2874
1413
2869
1208
1903
1208
3691
2058
3630
3760
3769
3590
675
1863
715
1669
2961
1178
2054
1178
2061
1383
1158
1383
781
1744
2646
1744
3789
1744
3836
3669
3248
3428
3559
3428
2841
453
3844
453
2141
453
1707
3431
2945
3431
2086
3784
2439
3784
3822
1318
3871
325
138
325
342
325
222
653
1358
653
643
2928
1453
2928
3581
1469
2881
1469
2381
1583
1319
1583
401
3207
3103
3207
3880
3207
2463
356
186
356
357
1747
413
1613
803
1613
1966
1613
3864
1613
1740
1613
1307
2670
380
2752
969
433
430
317
334
317
273
317
204
1475
1930
1475
1430
1475
1429
818
2241
818
958
818
2670
818
382
1118
1323
1118
2056
1675
3045
1675
2885
2732
1892
2732
3699
2732
2735
74
3799
1967
3799
3851
3799
2652
1726
1732
2503
2961
2948
2310
2948
2319
2948
2710
2948
2706
2948
2715
2948
2325
2948
2315
2948
2856
2948
2520
2948
2519
2948
2528
2948
1669
2948
2704
2948
2522
2948
2326
2948
2524
2948
2527
2948
2525
3836
2650
363
1026
2538
1431
2538
787
2538
2101
2538
474
2538
3619
2538
3507
2538
919
2538
1879
2538
2548
3610
3644
3610
3645
189
15
633
1070
720
2615
720
2179
720
1098
720
3184
720
3764
720
2429
2028
1648
1369
835
1369
2063
1833
3619
3059
1884
3349
2492
574
968
574
844
1223
1224
1418
2070
1418
2074
1418
3514
1418
1008
1418
2064
1418
952
875
2896
875
3841
875
864
1175
2944
1175
1658
1618
1448
1618
2335
345
239
3579
2392
3579
2607
3579
2155
577
1587
577
3525
3874
3324
268
248
2958
2552
3835
3860
1283
832
1283
962
2370
2384
1313
3796
3903
1021
3903
2432
3903
3244
719
3705
719
2364
3440
3522
3491
1434
3491
3573
3488
1872
3488
1874
3488
3576
3565
3682
3565
2391
2118
1717
2475
2937
141
6
64
3014
3870
3736
3739
3889
1040
3889
3910
3404
3586
3404
1652
1503
2676
1503
3922
1503
1001
1948
3140
1948
3884
1948
3875
3699
2403
2726
3666
2675
2468
1732
3803
1732
1330
1732
3839
327
350
327
247
908
3255
908
857
3420
3442
3420
3640
23
69
878
537
1538
3055
2833
421
3521
591
2369
2381
697
2037
697
1849
1028
6
3518
2114
3518
1243
3518
965
3566
3667
2175
773
2418
2197
44
3253
2199
3253
1946
3253
3010
2223
1984
78
3894
3220
3894
3053
376
375
3774
3065
3774
1047
3774
2651
3774
2626
3774
2644
3628
3705
3469
3048
3469
3554
3892
1999
3892
3909
2618
1942
2618
773
3631
2034
3631
2500
3631
1852
3631
1651
2313
1884
3538
2847
3538
3580
54
1370
1864
1370
1435
3735
3227
2283
3108
3390
1206
3390
3272
1958
3172
1958
1962
3337
2028
694
1611
694
3407
3541
802
3541
3644
972
973
972
3069
3043
1805
3016
3023
3016
3841
210
39
3792
3213
1593
515
1393
1850
1393
1659
3775
3131
3775
3011
3775
2185
1188
3507
1188
1141
3377
2540
3377
1199
1558
1681
572
2585
572
1705
371
1788
3671
2845
3671
1091
1705
1414
1705
2182
1705
3792
1705
945
1705
2207
3734
3753
3406
1674
3429
465
3429
1853
3668
789
3668
3702
3023
897
3683
699
3564
3759
3564
3318
3822
1771
3822
1579
2734
2570
3015
3899
3015
2797
3015
1757
478
2582
3405
1899
3405
1697
3405
1506
1938
2625
1938
1541
1093
1936
793
985
508
2034
508
2500
508
1852
2721
2103
2721
2107
2721
2108
2737
2881
3842
374
3842
2444
3776
2160
2993
445
1903
1922
1548
3701
692
3490
692
3560
974
3564
3167
834
3603
3657
3603
3658
2593
2764
3662
957
3457
2070
3457
558
3692
1092
3692
3181
3692
3182
3509
3694
3509
1148
3509
1907
126
68
3907
3912
3907
2782
2558
2109
2982
3761
2982
764
2982
2990
2188
3013
2393
3741
3875
3892
337
270
337
348
3834
3161
977
1756
977
1465
2705
548
3381
1894
3378
3580
3378
1193
3783
1608
3480
1008
3480
3658
3968
110
1734
423
3722
2433
1737
983
1737
1054
1737
1053
3742
2900
3742
2448
3742
3175
1721
2194
2938
2941
2938
2699
2093
2376
2093
2376
2903
1018
2903
2457
2548
485
3876
3038
125
70
3680
3706
1270
3273
1270
867
2213
1544
2213
2229
2213
2232
3914
1754
3914
1734
3914
3918
2408
2419
2408
3722
1063
3760
2172
2182
2172
2785
2172
2430
2858
2359
2378
2771
2378
3795
2378
772
2378
2164
2183
1753
3522
1576
3864
1947
3864
3015
2704
2956
122
73
1759
2227
1759
3319
1759
2447
3137
1942
3137
3771
3137
2175
2707
2384
2707
2988
975
3188
2323
486
2760
2422
3542
3824
3542
1314
3069
2346
3069
2351
3069
1124
3069
2341
3069
1585
3069
457
3069
447
3069
472
3069
2343
3069
3592
3069
2508
3069
3523
3069
3515
3069
1453
3069
2358
3069
3517
3069
2534
3069
1042
3069
3260
3069
859
3069
2104
3069
3687
3069
921
3069
2088
3069
3068
3069
3581
3069
3405
3069
3459
3069
891
3069
929
3069
1147
3069
1326
191
290
191
143
191
171
2269
1466
2269
2531
1933
2420
1933
2786
1933
3785
2578
2380
2990
2767
354
187
354
355
3912
1523
3912
1030
3912
3918
2608
2427
357
358
357
315
3632
2564
3632
2561
3632
2963
2108
2974
104
105
1749
1981
1749
777
1749
3321
2472
451
2078
3276
3040
2258
709
1618
709
3683
3709
2989
3492
2068
3492
3573
2848
1876
2848
2726
2848
1154
3414
2541
3414
3519
2076
1883
679
2057
679
1172
1053
2206
918
92
773
2628
773
3799
3004
3168
240
216
240
155
3020
3857
2672
2254
2750
3723
2716
536
1735
2184
1735
1956
1735
3812
1735
2188
1735
3818
1735
1009
3909
2261
3909
3241
3909
2001
2686
1198
2686
3271
1172
664
1858
2950
1858
2510
1858
2503
872
2178
872
945
872
3213
1183
1458
1183
1593
3483
3513
3483
1008
1378
2309
1378
3685
3247
1508
139
3
3149
1590
3149
968
3149
986
3149
1209
3149
662
3149
3297
3149
1633
3149
553
3149
1358
3149
879
3149
3555
3149
632
3149
3323
3149
637
3149
635
3149
1336
3149
3067
3149
639
3149
748
3149
1377
3149
1623
3149
643
3149
671
3149
3620
3149
633
3149
1618
3149
3683
3149
695
3149
3423
3149
606
3149
1600
3149
3054
3149
844
1408
3724
1213
3602
1213
878
2063
546
2270
3636
3780
1910
2759
2768
1704
1746
1704
2190
1704
949
1704
3005
1704
964
3459
1679
3764
2198
3594
602
448
432
1760
1991
1760
2461
1760
2462
648
1658
648
2939
1323
1324
1707
2993
3576
2870
1608
925
1608
3846
766
1580
3227
3199
2933
2871
1269
1192
1269
1199
1578
2893
1578
2200
1578
2205
3600
2049
3600
3684
493
489
1472
2669
1472
2669
458
453
778
600
1078
459
1078
456
114
2749
3164
1108
1401
1108
1062
1108
1400
808
539
2053
485
1076
455
1076
448
340
215
340
169
3624
1011
3624
1012
3624
1010
1848
1648
3809
2639
741
3451
741
788
3644
2535
680
869
680
854
756
2438
710
1161
710
1525
3575
576
355
314
355
356
1686
3052
1686
2189
1686
1092
1686
1151
1686
3181
1686
2388
3534
3639
3534
3292
658
841
658
969
1672
1160
2735
2386
1750
3847
1750
2442
1750
2232
1716
1055
1716
2996
1716
3788
3197
3183
1803
3950
2477
1667
3718
3781
3718
2991
3718
1735
3718
1316
3766
2997
3766
3787
3596
1714
3596
2597
3596
2135
2674
826
2739
2389
2739
2389
1998
395
3721
2171
3721
3049
2043
698
145
207
145
190
3625
1880
893
1773
893
3893
1838
429
1071
2955
1071
2953
3972
41
751
1229
751
788
3645
541
746
2124
746
2572
746
2365
746
2573
746
1157
3574
600
3741
969
3535
2537
3535
3702
1711
1923
1711
3139
1711
2759
2474
914
2474
3410
3738
3254
1740
3869
2677
3094
2677
2006
1681
2875
1681
2738
1681
3780
1681
500
3658
1469
3688
542
3626
2733
3626
2563
3626
2350
403
759
2177
3816
2177
3816
3691
1704
3661
689
3057
3152
3057
2181
2288
3356
3367
3095
3367
2070
3367
3513
3367
3097
3367
2074
3367
2064
3367
939
3367
3593
3367
3382
3367
3099
3765
3791
3595
2960
695
675
438
106
638
1106
638
3769
638
3733
3382
2967
3382
2380
3382
3403
2533
3732
2533
3715
2702
2543
3499
1439
3536
3710
3536
1484
2174
2434
320
292
320
269
2978
2756
2978
2758
2978
2159
603
2970
761
809
3613
3663
2981
1455
3646
1469
3821
3834
3821
3322
1674
911
1674
2734
998
1617
1739
1541
3818
2436
3866
1784
3866
1512
2803
1984
1477
2916
1477
3949
2071
711
3415
2719
3415
3523
2838
768
3250
2208
3250
2211
1043
2216
3005
2201
2681
440
2681
2009
1677
852
3393
3096
3393
3099
3838
3866
2740
1905
1474
3741
2711
2960
518
3754
518
1088
3841
1763
3791
1479
3791
3071
1177
2080
1177
2051
3443
683
3443
960
3443
1113
3443
3632
3443
627
877
3900
877
1801
120
75
3788
3291
3416
1222
3416
1532
330
194
3865
814
3865
818
155
278
1288
2069
1288
2071
3906
3920
3906
2464
1702
2761
3672
887
3672
2845
1533
1509
1533
1509
1533
392
3006
3012
3006
1440
3029
2458
3423
708
575
538
3177
2154
1174
1336
1174
639
874
2796
874
3803
874
2628
874
1330
874
3851
874
3216
874
3839
1334
1479
1400
2157
1817
1633
1817
637
1664
521
3867
2907
3867
2810
3867
3874
265
142
1467
1552
1467
3915
1467
3040
1787
1795
2599
1414
2599
1476
2599
2178
2599
3792
529
1851
529
2497
529
2041
857
858
1157
3725
1157
3725
2924
2935
2142
2216
406
2820
406
403
69
2061
858
2061
2079
2061
2334
1211
3602
1211
930
1240
825
1240
905
1181
1585
1181
859
348
311
555
2327
555
3688
3175
2452
2931
425
854
657
1154
3666
2927
2022
606
601
2239
3892
2239
1992
1321
2346
1321
472
1667
698
2399
2404
1995
400
1995
1319
1995
1549
1814
1005
1814
1002
1814
1004
1814
782
1814
3956
1814
490
1814
418
1814
3976
1814
416
1814
407
1814
439
1814
409
1814
1001
1814
451
1814
1006
1814
511
1814
990
1814
443
1814
1003
1814
800
1814
799
1814
412
1814
468
1515
3198
2536
2556
2536
2730
2536
3118
1337
2878
3134
3313
3134
825
3134
3641
3134
3588
3134
1511
3134
2306
3134
873
3134
3133
3134
3530
3134
1413
3134
493
1522
391
1522
2002
1522
2252
1522
1803
1784
3038
1464
1566
945
1941
1485
2535
1600
591
417
101
2046
1376
2046
3583
2046
2314
584
2526
584
2716
253
271
253
170
3232
857
301
274
800
436
158
194
158
243
1100
1101
867
3638
867
3701
896
510
1167
665
3549
1149
3549
3570
614
2371
614
3717
614
2739
2202
3870
387
2850
219
331
219
181
219
234
3417
3451
3417
1492
3083
1587
3083
3510
3083
3558
3083
3525
3083
3556
3083
1619
3083
1581
3083
3685
3083
2313
3083
1593
2051
2727
2051
1702
2051
2091
2442
1544
1806
403
1457
2093
1457
1155
1654
3126
491
486
1890
1700
1454
3022
1454
998
2305
2854
2305
2708
698
1355
698
658
1657
591
2642
3887
2642
690
2889
366
3007
3019
3007
2203
3007
2444
587
586
587
586
2099
3638
414
1004
3176
1680
565
2835
565
1147
743
1382
743
1875
384
383
617
1534
617
3574
864
897
1164
1165
2467
2262
1599
2639
3365
3388
2787
2638
3597
531
3767
1930
3767
1430
3767
1429
3055
1007
3055
3841
3055
864
2817
1804
148
208
148
189
302
148
2664
3936
2334
2349
243
218
2400
1925
2181
1575
13
68
2240
2460
3291
3012
3291
1440
1061
3766
842
846
3092
2004
3092
3913
1142
1626
1142
2326
2211
2903
2211
2234
3244
1523
3244
1754
3288
2752
1924
3813
2157
3003
2157
3784
3224
1515
3224
3878
3224
2662
1239
917
1239
3526
1927
1738
2154
983
2154
1054
2154
1053
59
52
530
1328
530
3143
530
2637
530
980
1931
1937
1931
1934
2485
2358
2485
3405
2600
2406
2600
2409
2600
987
2784
1519
2522
2859
2464
3924
2464
1038
2464
414
2464
3309
1536
1751
1536
893
2337
2371
2337
845
3200
3201
2515
667
2321
1327
2667
3039
2667
795
2667
994
995
3235
2814
132
1399
3883
3627
2082
1051
3856
2167
2187
1202
3689
1202
955
49
2100
2569
2100
2973
2100
1915
2100
1350
1046
794
1046
794
3321
3867
2654
2454
2890
2787
3056
3057
3366
2529
3318
2397
3318
2397
2457
1993
2457
2460
2457
2262
2457
414
2806
125
1442
1102
3122
821
3142
3772
3142
3143
3142
2637
1642
889
1889
3112
39
51
3194
3224
3338
1209
3338
553
3338
632
3338
2288
2657
3220
2657
3053
3341
2491
2454
1990
177
336
177
176
177
144
3537
1432
3537
3625
1305
1577
4
2164
3829
799
441
771
2807
771
2811
771
2459
1099
2424
3647
927
3213
3201
3213
2647
382
380
2207
1491
2207
948
2207
571
862
1694
862
2727
862
2091
1041
422
1162
2728
1162
1160
1162
1408
1868
461
425
421
425
2293
980
812
980
774
980
2649
3246
2012
3246
776
3246
2915
2073
1674
2490
1654
412
411
1010
1696
1056
3006
2260
3973
2644
3872
2801
1983
2769
2778
2769
3784
2447
2657
1452
2357
1652
2567
1652
2087
1652
3498
1770
123
3195
1498
2647
1976
2713
2956
2444
3150
2444
1792
2683
762
2683
919
3959
136
88
21
3261
2798
197
261
197
294
776
2263
776
2681
2204
1966
3577
604
1979
1545
1979
1982
1979
3080
612
3504
612
946
625
1731
625
3798
625
3226
625
2152
3258
533
3258
1873
3258
3488
1489
1811
1489
2012
3226
364
3226
1943
582
3592
582
2933
2009
511
1259
879
1259
695
1825
3681
1825
2045
3364
2529
1524
2601
1524
3698
1524
2399
1782
3900
1782
1801
468
463
1462
1671
1462
2342
3054
1419
3054
3046
1812
511
1235
3160
1235
2536
2216
1974
2216
2222
2250
3917
2250
1503
1066
3569
3964
88
852
2744
1152
1922
3245
938
2147
1403
2186
3113
2186
1950
2186
1963
2186
3014
2186
2202
3225
1606
3225
363
97
84
1936
1555
1936
3182
2915
418
144
305
1249
2047
1249
881
2144
2159
3962
50
2885
3
2922
3687
2922
2721
2326
2360
1527
1523
1527
1031
1527
2472
1531
557
930
1610
262
0
1662
3552
668
810
668
1170
1332
2781
3196
3937
2056
2385
2056
1918
2010
439
1260
683
1260
3442
1073
434
1073
449
1490
1807
891
525
1980
391
1980
1777
1207
3703
3309
1303
3309
2819
3309
1527
2162
1735
2868
2978
2041
2330
2452
2669
2452
2250
496
495
3878
2812
1447
2040
1447
2292
1447
2700
1447
3521
1447
3406
1644
3617
1769
928
1769
3888
1769
1786
1769
1779
1769
1774
1801
3913
1801
2913
1801
1806
3272
1576
1683
2115
1444
770
1444
2058
1444
2723
965
3294
3946
1799
3946
380
3946
2814
3946
385
3136
2133
3136
1227
3136
2573
3949
760
3099
1610
133
60
1713
2884
1647
477
2652
1602
154
247
2770
2798
1009
1759
2259
3236
2489
3440
1204
2530
1204
3381
979
3188
252
305
252
336
753
1511
753
3530
2812
2671
2812
3155
121
74
2782
1021
2782
1032
2782
1031
2524
1887
2462
3091
929
501
2825
632
847
2014
1147
545
1186
2537
1186
1367
2152
3120
2152
2772
1216
1589
1216
3102
1250
3327
1250
2047
2235
912
2235
933
2235
2237
2066
1893
2066
1045
2066
492
3954
3965
401
1804
401
398
401
2674
3280
3691
545
1935
545
2411
545
821
545
954
3650
3697
3174
1802
1922
2888
1922
1093
844
3656
1144
3748
601
2146
601
2408
601
3721
601
3121
601
3165
1885
3274
1885
2970
1885
1895
3952
3961
763
3051
2249
3916
2249
2673
2249
2909
1915
884
1915
831
1915
1483
107
108
2936
2860
2332
2138
2332
3692
2662
2812
2531
2097
2531
2982
3135
2952
3135
3622
3135
3383
3135
2507
3135
780
3135
2054
3135
3648
3135
835
3135
905
3135
3223
3135
3575
3135
1452
955
1686
2527
3553
1326
1893
1326
1045
1326
492
1445
1331
1688
3634
964
3786
3322
3161
3118
3119
3166
3087
3943
2806
3943
373
3121
2387
2789
1052
257
196
257
153
3934
3939
3934
3935
3934
403
3934
3949
3456
3584
3456
1367
1205
1510
1205
1413
3179
2587
3179
3713
3179
2592
1790
2466
1790
1794
2568
1689
2568
1543
3932
2005
3932
3935
3932
2259
1906
3796
1302
120
3141
599
796
1526
796
376
796
389
967
3635
967
3703
1096
1575
900
375
900
793
900
389
3138
3203
1501
3202
1501
3092
1645
457
1645
1042
3342
2029
3342
2022
544
2035
544
1650
544
1662
3455
1150
3455
3632
3455
636
3088
3089
1145
2136
845
2773
845
3320
845
3811
845
3801
845
1538
845
1749
1884
758
1884
2600
3292
2146
3292
2408
3292
3165
2221
3901
2221
1481
3091
3202
3091
3092
1914
2162
2237
1783
1596
642
3210
1809
1339
2351
1339
1326
202
227
202
155
221
186
333
273
333
208
590
2403
590
579
954
3750
954
2153
954
1535
954
2586
954
3749
2827
3557
2827
3623
3165
1919
2831
2943
329
184
329
341
2340
2979
992
3235
992
2468
992
1502
992
2678
390
57
2281
3148
2281
2033
2512
770
2512
2329
2512
2723
2525
2102
957
772
957
720
2482
2031
2824
636
2311
3634
2311
1442
3929
941
1887
1156
1887
3613
1887
1226
294
214
294
347
1396
1619
1396
1581
547
2113
547
954
547
2129
3877
3899
3877
3031
3877
2906
99
83
2234
1776
2234
2457
1917
841
899
573
3017
3022
2445
3866
2688
3624
2688
1484
3283
3095
3283
3513
427
3905
427
1730
427
1729
427
3914
431
426
3231
2079
3231
486
3231
3232
3231
2334
2205
1760
624
2904
624
3890
624
796
624
900
3228
1346
3228
1011
3228
3229
3228
1012
1789
127
34
67
2906
1775
424
426
424
422
562
807
562
1517
1568
847
3376
2540
3376
540
631
362
631
2976
2790
2899
2790
3838
3653
2411
3653
3122
361
2983
627
915
627
1706
2645
3889
2501
667
173
338
173
333
3407
1614
3407
1100
2096
3718
2302
1327
2914
1507
2914
2470
1237
1863
1237
2702
2596
3728
2596
1333
2596
2410
2596
2616
2596
2775
2596
1332
1221
2366
1221
3564
2145
2425
2884
2173
1831
3208
1831
1326
1827
534
247
209
389
1800
2339
2096
1482
1737
1824
2315
1824
2027
170
302
170
193
1311
2983
1311
3045
319
300
319
181
1525
704
589
2716
589
2512
942
3316
3334
3265
3334
3561
3334
507
3334
989
3334
3299
1281
916
1281
3657
1512
1539
1512
3898
1340
2849
1340
2066
1992
2671
1992
3155
1234
3622
1234
873
2917
1486
2917
2052
109
79
3777
2141
552
2289
552
1861
552
2946
3375
1859
3375
850
2887
2998
2887
3253
2396
1933
3080
3081
67
2232
1979
1130
892
1130
886
2155
2617
2155
898
2155
2779
830
3760
3849
1572
1226
3663
2591
2764
2822
3437
2822
3566
2484
1113
2484
627
2785
2207
2465
393
2465
3915
2465
2257
2514
2751
2514
2397
2514
1673
2514
2386
2514
3318
2349
3255
1836
1444
2815
2002
994
3042
994
3919
994
2674
3737
1630
952
3050
952
839
2487
0
3335
3234
3335
3347
3335
3356
3335
3365
1286
970
1286
2313
728
1875
728
3582
997
3703
2665
1991
2665
2461
2665
2462
2517
538
1316
3813
1350
3744
146
145
2335
3110
2335
3111
2391
1733
1912
3105
2129
1463
2129
3169
1882
2123
1882
2113
1882
1145
1882
954
542
2120
542
1331
3374
2855
3374
2952
3374
3313
3374
889
3374
825
3374
3641
3374
3588
3374
3500
3374
3622
3374
3383
3374
3681
3374
943
3374
1511
3374
2055
3374
2045
3374
2317
3374
2507
3374
873
3374
780
3374
2054
3374
3648
3374
835
3374
905
3374
3223
3374
2299
3374
3530
3374
1413
3374
1208
3374
2063
3374
493
3374
3575
3374
2061
3374
896
3374
1452
1925
2421
1925
3004
1925
1144
323
137
323
262
323
329
2629
1582
339
145
2359
2743
3268
914
3268
2075
3567
2163
3271
542
1430
3008
2455
2814
1304
2993
3109
806
3109
890
3109
2060
3109
2069
3109
3710
3109
2072
3109
3154
3109
2065
3109
1609
3109
2062
3109
3159
3109
2067
3109
2057
3109
1161
3109
2327
3109
807
3109
1611
3109
523
3109
2853
3109
813
3109
3624
3109
3688
3109
3661
3109
2071
3109
3176
3109
1531
3109
3141
3109
3407
3109
1484
2165
3790
2020
544
436
95
499
794
499
3197
499
1046
3918
2819
3918
2914
366
1764
193
169
1019
436
636
1067
2901
1778
2901
3873
2901
1790
2655
2661
2655
3930
1630
981
1630
823
2091
3738
1360
953
1360
1871
1307
3864
1307
3864
2506
545
1723
898
1723
894
1723
904
1723
1578
3299
3451
3299
1192
3299
789
3299
3144
3299
2530
3299
3265
3299
3561
3299
3524
3299
3584
3299
2540
3299
819
3299
3263
3299
1380
3299
2537
3299
1446
3299
3587
3299
1492
3299
1159
3299
1678
3299
1199
3299
2546
3299
540
3299
1229
3299
3160
3299
507
3299
1367
3299
788
3299
3702
3299
2318
3299
2536
3299
1457
3299
3597
3299
1165
3299
865
962
1415
962
1416
962
1677
3336
2488
2429
2198
1968
1975
1968
3025
554
1554
554
1592
3454
2945
3454
3505
1591
1103
1591
3806
1591
1057
1591
786
1591
3711
1591
1058
1155
2122
2130
3158
2130
882
2130
1098
855
3145
3749
1954
2226
1499
2226
1500
2226
1988
1232
890
1232
2062
182
332
182
289
182
241
1349
3285
1349
1091
1815
91
1994
3948
1994
1997
2836
3379
1514
2023
1514
3374
1785
3115
1785
3116
1465
1969
1465
1969
944
705
1484
1880
3164
2610
3164
2609
1822
519
1335
3306
2350
2369
1517
2580
1517
2576
2316
1589
2316
836
2316
2545
2316
3528
2316
3621
2316
762
2316
1153
2316
3074
2316
1222
2316
2539
2316
2549
2316
3189
2316
1534
2316
1141
2316
1532
2316
1595
2316
1149
2316
3102
2316
2551
2316
3570
2316
923
2316
1083
2316
2538
2316
3059
2316
3574
2316
2533
1997
3958
1665
659
2286
2959
296
348
1487
2126
1487
2354
1487
1437
947
3114
3837
1528
2925
3384
2925
849
373
1788
1129
2080
1129
2302
829
629
557
2160
557
3257
557
1933
557
2396
2882
2138
57
54
2912
3976
1391
662
1391
1358
1455
1598
1455
3807
2430
2209
2304
1084
2304
2101
2304
3621
2304
474
2304
1153
2304
3074
2304
3619
2304
3507
2304
1222
2304
2549
2304
919
2304
1532
2304
1879
2304
2718
2304
3570
1359
3494
1629
1590
1629
3297
47
415
100
422
3923
422
420
422
2375
422
2876
564
2336
564
802
385
383
3947
1792
3947
1787
3947
1789
1020
482
1165
682
865
1691
1901
1044
156
225
3262
2611
3262
3000
585
1705
585
2599
500
3826
500
2156
500
2150
622
2534
615
2717
615
2714
567
2023
567
835
2019
3275
2019
2934
2019
2494
2019
499
1429
3008
2968
1064
37
40
3203
1545
3203
3081
2723
3630
2307
1883
1506
3670
1091
521
791
3654
313
18
2360
1433
2630
2642
1655
718
230
355
