18
23
21
23
40
49
25
59
69
62
71
62
21
48
27
58
64
58
32
58
63
58
13
11
9
12
13
12
19
26
25
26
7
42
68
70
68
72
68
6
45
19
46
19
24
19
69
34
30
34
71
34
77
35
78
18
40
18
19
27
2
42
38
52
65
52
66
52
60
52
73
69
72
69
2
30
38
3
70
73
14
70
15
0
39
0
51
21
50
21
4
65
33
64
1
10
26
32
51
74
50
20
34
44
48
45
76
45
8
9
3
9
4
13
32
55
44
55
60
55
61
55
44
54
31
54
67
54
37
54
2
8
10
8
49
16
59
53
27
53
66
53
37
53
62
43
65
43
64
43
67
43
26
31
68
67
15
67
16
29
75
29
78
29
3
34
66
76
17
19
28
38
56
31
56
28
56
63
56
74
46
50
46
23
47
77
47
74
63
20
63
59
57
62
57
28
57
61
57
29
30
47
30
22
30
36
30
21
75
5
49
22
48
22
78
22
42
73
23
72
41
72
39
78
14
71
72
71
68
60
15
60
4
6
51
47
33
25
33
36
33
1
41
5
40
41
77
7
50
39
76
30
37
1
33
61
45
25
29
25
22
25
24
25
48
24
17
24
75
24
23
36
35
36
