23
18
23
21
49
40
59
25
62
69
62
71
48
21
58
27
58
64
58
32
58
63
11
13
12
9
12
13
26
19
26
25
7
68
42
68
70
68
72
6
19
45
19
46
19
24
34
69
34
30
34
71
35
77
18
78
18
40
27
19
42
2
52
38
52
65
52
66
52
60
69
73
69
72
2
38
30
70
3
14
73
15
70
39
0
0
21
51
21
50
65
4
64
33
10
1
32
26
74
51
20
50
44
34
45
48
45
76
9
8
9
3
13
4
55
32
55
44
55
60
55
61
54
44
54
31
54
67
54
37
8
2
8
10
16
49
53
59
53
27
53
66
53
37
43
62
43
65
43
64
43
67
31
26
67
68
67
15
29
16
29
75
29
78
3
66
34
17
76
28
19
56
38
56
31
56
28
56
63
46
74
46
50
47
23
47
77
63
74
63
20
57
59
57
62
57
28
57
61
30
29
30
47
30
22
30
36
75
21
5
22
49
22
48
22
78
73
42
72
23
72
41
78
39
71
14
71
72
60
68
60
15
4
51
6
33
47
33
25
33
36
41
1
40
5
77
41
50
7
76
39
37
30
1
61
33
25
45
25
29
25
22
25
24
24
48
24
17
24
75
36
23
36
35
