841
5798
5640
9925
3194
4944
8171
9847
9721
7356
9050
1847
2966
1942
7978
3611
5318
4398
6447
5092
1602
8913
8498
1251
7712
6983
5936
8841
2428
8237
5596
9298
7725
6485
3659
6177
200
1050
9774
1230
3456
1885
913
2670
4094
9835
9071
10109
4463
571
303
1270
2590
8363
5625
4658
4965
927
8979
7696
4192
1606
8150
3246
7499
1071
5612
6303
4910
5780
10167
2651
8927
2130
979
6861
8480
1808
7540
3399
8000
214
7077
4380
1461
6257
3783
8331
4841
611
2528
1207
9447
944
4237
7194
9525
3978
7611
1701
3356
1153
3712
10101
6385
1092
77
6800
6638
4171
3725
2673
8944
643
10145
8398
6347
5050
7659
4913
9092
4498
6097
6320
7456
2107
8910
2733
10069
9435
8094
10157
5559
2024
6778
3696
658
4927
157
965
1361
4480
7246
3499
1273
4331
48
2053
8380
5071
8463
2301
910
2552
2897
4363
433
6576
5711
4979
8192
8965
3540
7399
5763
5197
8658
10235
7783
2821
4150
4000
3773
3629
4452
2825
7087
4390
8352
989
8490
9642
9412
6834
1716
7770
6919
10044
5790
1434
7555
222
1519
142
5722
5395
4315
4182
8989
7308
7045
9609
2580
9920
2812
6164
4795
2020
9283
7751
638
4826
6369
329
1875
9732
8854
9343
6324
6475
6187
2938
9297
3721
1405
5426
7622
2598
6973
5082
4628
854
5655
2316
5968
4262
6145
7988
1432
8309
3633
10058
7064
9848
10251
9646
2796
2039
8315
7773
7629
2114
1746
10009
5495
4989
8182
6586
3770
6242
5533
3555
5993
459
6951
8795
2759
8390
2563
1548
8452
1283
4490
5621
9209
4352
3308
10226
5752
6788
1419
1334
9520
795
25
639
8262
826
8628
29
9082
3751
539
1532
1139
4309
6932
6970
1214
2683
7721
3622
494
591
6375
1869
1082
6666
4854
2003
8826
399
7633
6469
9800
3988
5526
9448
1505
1957
5729
6905
2229
435
4557
1669
9741
4654
6866
772
7833
2442
1466
10245
9155
1056
4098
3450
6705
3392
5929
4603
1804
9565
194
7163
7797
9955
10325
6732
5183
6136
8772
7350
9056
3180
2883
7492
7921
8276
5472
7317
239
5977
4199
3949
7974
5314
4394
10334
9544
5239
3129
9189
8494
3471
9831
6416
7323
5794
4948
3198
6749
6083
2961
7036
7371
8620
5391
9989
3
8063
2269
5099
4791
1589
8156
4080
3260
2424
9753
9252
9965
5855
654
286
3833
4772
10060
9555
10285
10178
3122
9695
8098
4276
5056
10083
5372
2155
7392
2028
6774
8199
7450
2342
1675
305
9165
3163
8654
1366
3797
6631
8557
3492
3921
3350
7180
9326
7949
8603
3317
10330
4620
3974
5491
5922
9144
7471
9589
1735
2524
3323
3055
9763
9099
8791
2275
2222
9303
7198
10092
4156
948
3371
9944
522
8394
4063
4494
9236
1916
6537
6719
9392
791
1099
6634
7260
6516
8948
6997
8080
3019
710
2934
5307
4090
9822
9006
2594
1823
5911
4781
1579
2697
8858
2211
5381
3235
6562
5253
6328
6073
7068
8710
2520
8052
1006
5964
4727
4624
3896
858
7984
87
9002
437
6838
5987
2873
7482
7967
8286
2357
8542
743
3190
3925
1438
7859
5173
2403
9502
6615
4713
3111
10204
3382
7152
4641
1817
1002
8743
6168
5945
1901
1297
5443
7304
6501
3912
4710
2247
8090
514
781
2420
2851
6070
8624
6767
6193
7235
5151
51
8727
6661
1218
1760
2285
5006
8781
4052
1565
727
7896
6609
5330
4858
360
3984
5481
3040
8641
5170
9375
500
7190
7925
3482
3967
4743
5343
6401
2118
3859
7093
2870
3032
6051
9902
1685
713
1338
7382
6784
2457
5002
3152
307
3005
4542
440
5840
4286
1544
2140
1647
8713
3304
2503
7912
7993
4857
4373
1431
6566
3790
728
2123
5081
8473
4261
7533
7495
9442
10144
27
4969
6310
8975
1954
5629
5773
4903
8143
8728
6768
7752
1217
9414
33
1263
7621
612
2248
8370
2583
3395
975
4470
3722
1223
4181
920
3426
1648
2663
5721
1043
2458
1337
9532
6990
10234
2811
9446
8351
316
7729
2117
8920
7526
9043
4451
5633
1889
202
6686
3968
6489
3655
857
7790
4143
3993
5555
4728
1081
10057
3533
5770
10208
419
7067
4370
10252
9842
3495
969
8470
903
1280
2060
8857
6931
8373
6327
9720
8261
3752
9081
6184
1531
4473
3621
5308
2698
8903
2740
7722
4975
8969
7395
4920
5622
6313
7426
4351
5043
1298
8451
1818
6389
2680
9319
5751
9273
6793
6167
9932
7084
10258
9846
8181
3729
9648
3526
1160
5988
6837
6952
1616
572
1437
2976
7655
7968
2358
6241
2652
6479
159
2894
6365
5611
1072
1879
6676
3318
75
8558
1462
9521
3640
3798
1409
8332
756
5194
6862
323
2104
5456
8097
8305
6980
6149
2027
9072
5659
8756
4924
3596
3936
4191
5246
985
10035
2013
618
6538
2829
2573
6998
8947
9801
228
3625
8842
7559
9749
1515
6344
6915
220
6094
5783
7049
8172
8985
10219
10115
6736
947
842
5399
4319
1204
7197
592
10076
7763
484
4234
79
5091
4799
1601
7711
1252
8483
3780
155
1941
3612
4383
4305
2986
5712
1135
5072
5356
5978
2302
7318
2551
7640
7798
2822
8924
9725
9647
4756
9921
7074
8191
2010
6254
4097
231
6465
2690
6379
1865
1706
4332
7596
6909
4558
924
5725
6963
9296
1509
7936
1362
4985
10075
4172
9405
2306
5499
10116
7625
8234
5696
2035
8319
9091
8799
6174
4483
2755
3559
9635
2570
8383
376
9784
1290
10089
6000
4947
3197
3763
4842
10036
5540
3711
1844
1091
799
7612
1702
6444
7780
1415
4073
6787
3253
2454
3125
4226
3381
7151
5235
1001
4642
1547
3911
6502
8070
1644
3307
9237
6090
1902
8613
7481
9385
8541
5896
9001
3964
6745
7330
338
9264
3112
2196
296
9804
5095
1585
2265
5126
8051
9702
1665
7343
3173
1376
2890
2225
1958
9327
5925
724
9972
5190
1906
9245
6709
531
3987
9562
6506
7170
2244
3443
5912
4782
9359
641
4610
258
614
6561
8627
3945
6764
4195
7840
8724
9172
4266
5382
2212
3096
4541
7253
1739
1814
261
2046
8073
7381
3151
5001
327
7911
85
184
4070
2279
1294
7307
3059
9095
9254
520
9740
3481
5984
7964
2354
3330
8642
574
8226
7088
3031
528
6052
1095
4613
6402
6715
1126
8610
8782
4051
9369
5859
1146
3343
7173
5482
5967
4724
2159
8195
4627
341
9162
3170
8266
7987
782
9126
7443
2852
1476
2937
5304
2597
9830
2694
1679
6876
89
150
3840
6406
9572
7945
6188
5152
9962
6662
5392
6348
3929
8397
5450
9895
5016
6098
7372
4497
10103
2962
6534
9382
8750
6619
6637
7855
4792
6994
5949
9613
4720
3472
3977
9579
9328
5180
2410
2880
2527
3183
750
594
1386
4238
1208
8657
3794
6731
5198
10112
8554
8771
1575
3015
356
5471
146
121
3239
7491
2898
8703
2513
3314
7922
5260
771
4928
2441
9238
657
6080
10188
1830
3391
2108
10254
6777
703
4083
10300
8720
2510
6178
10013
7929
1016
9979
3372
10063
2133
502
9495
1689
6886
5833
44
1486
3855
2427
792
8238
7100
2863
5317
7472
4397
7977
9213
3009
720
1848
5350
8497
442
9179
5492
9016
5921
6448
2221
7183
4750
8792
5797
5163
10072
1807
3033
7794
8928
2341
325
6258
5323
7078
6632
10299
620
9815
3491
5974
7314
3922
1753
7239
10332
4554
928
1569
4771
4657
10153
2289
6200
7391
2413
6063
362
4703
3121
10205
8083
5371
6605
9730
8981
4806
5876
1960
9586
2888
7501
6304
5188
6152
4255
3784
9069
5075
5662
2176
5406
7168
1425
8364
1656
981
6859
4608
3401
7615
4464
513
1459
4093
8329
1412
1882
1069
2446
7838
9239
2649
6482
469
6967
2805
3609
9640
9357
4802
6984
1249
3076
5402
839
4322
8068
9410
8387
5715
914
2256
6088
7052
4175
8169
4487
3661
3193
4943
3767
1396
7562
7328
381
2832
8914
4445
9922
8839
217
8345
9578
9329
8608
1512
9424
350
4364
1359
806
6912
3501
4329
9186
8464
1075
6382
7784
495
3168
378
5561
5764
605
2346
4981
2023
7401
8806
9986
8093
2819
9802
3615
2734
9075
5069
1525
3838
2054
5506
2299
1274
10152
8255
6925
6190
5709
6896
7609
8943
2674
1699
5745
2577
1496
802
9334
2017
4068
4839
9704
8445
4914
9978
4345
7193
7767
6235
943
7661
9367
8802
3328
5787
3562
7090
9522
4387
10224
8322
4169
8175
8487
1154
9178
5502
5200
3634
282
9577
3719
3537
3997
4147
3516
853
9853
7749
907
1626
6371
8036
5605
7063
2900
4185
4930
4972
4477
5258
7416
6323
6078
5632
10283
9463
8853
8377
3086
6974
1828
2110
8907
9358
10333
10289
9715
8311
215
9931
6350
5047
6492
6921
5448
6100
6317
1892
1521
8748
3631
6797
6163
7732
7136
991
2186
4718
1935
5085
555
1595
526
7705
2408
5178
3774
2878
8546
748
1433
9841
7866
4240
8991
5886
1210
6833
10323
7719
9177
7537
8930
8972
10139
8185
2127
7634
8477
6260
7516
9453
2004
4853
7997
7080
4377
193
4036
5777
4907
2545
3749
10290
565
1141
9368
4311
930
3416
972
1213
9863
10243
9977
5731
6198
8147
1871
6471
2587
9531
2684
1267
1047
2508
8718
6180
2667
1284
6949
10151
1227
10229
9085
2564
2761
2041
7631
4546
1333
3136
4991
8240
3732
497
7098
1421
9047
1850
718
2113
1085
6392
5348
7774
6450
3705
9441
3866
290
4748
5994
5534
5637
5619
9748
1650
8064
918
2137
3905
6084
2460
2423
995
3375
370
7145
5241
3666
3131
6988
5837
5952
10206
9500
3469
197
2271
8493
5101
8918
4789
1591
6622
2867
1946
4393
5313
7973
6751
5793
5167
2959
7369
8995
5389
8535
3970
3932
7324
7475
0
7187
5327
9820
730
5184
3788
7164
9026
1803
5931
3037
2231
1757
1671
2884
6308
8045
8730
7834
3242
6770
3586
7919
4653
1026
6555
4201
3951
4604
493
4707
8368
2250
8087
6067
4468
2417
4493
9101
4918
8789
4064
8393
1300
7905
7375
138
3145
4995
1820
7666
5489
2678
226
7469
9900
6633
4535
3012
5686
6721
1101
789
1692
449
3973
3025
1158
3369
5990
3475
3187
7932
7970
3324
2360
2523
515
7788
4730
8201
3164
8653
5768
4368
8707
2517
8604
2996
2536
8468
1572
4045
2292
7586
1278
3919
2058
3834
7242
5026
653
7951
5566
5310
9381
4087
6773
6629
707
9317
2700
2738
10
7861
8744
9116
6540
7000
9223
8077
7257
3109
7303
5444
9571
3576
9961
744
1116
6696
10127
583
2874
1899
6499
10023
4714
9735
8336
4639
9684
4617
10099
2404
5174
3778
9161
4436
7485
3347
7177
9133
2209
5379
6
434
94
3320
9874
8216
10006
5465
3021
32
7983
8560
3638
3800
8765
5909
4623
4779
1581
6725
61
5963
6356
2593
635
6978
1824
9933
195
9206
7447
10071
3385
2933
6712
6074
5254
2435
9825
9747
765
10131
6399
517
9318
3861
104
6783
3257
6049
9623
5736
4077
4336
8639
8617
3303
2504
9171
8714
8436
2568
1288
7576
1543
5116
4744
115
2282
5998
3062
10123
9701
6246
310
2215
5538
9390
9971
714
5915
7094
1742
9649
9561
2766
5344
7778
5149
9533
3485
1856
7347
169
9250
3177
6659
7320
6456
9474
5980
7638
7800
1682
2335
213
3983
779
2849
2008
119
5365
6611
5676
304
3115
9606
4216
5479
2688
3447
10111
7385
2162
5862
4560
8779
8623
6194
4765
506
553
1245
9044
8816
3605
7777
9193
10310
98
9366
2809
5516
8992
4179
8165
5997
8296
5537
5719
4950
3200
5634
835
446
1044
816
8618
1891
1522
9515
10269
485
388
2664
1287
6491
9993
2567
6922
1224
4646
8349
7731
992
10102
3632
4078
4449
9663
8835
3258
9987
4971
5631
8144
10225
8312
1429
4100
9065
2584
5079
3448
2687
1264
4259
7534
8325
7619
9187
7637
8474
3886
1455
2124
2007
4374
7994
6855
3178
4904
5774
7348
2645
1953
9795
10093
1065
366
6372
4618
6391
2326
5749
9593
10270
7083
1422
7605
3777
6036
1695
8646
9653
4349
7200
950
4835
8449
9356
40
4816
10309
5044
9915
2762
9731
6314
6239
646
4165
6794
8179
4992
3731
3066
8950
7258
2042
7632
4296
8078
5416
391
4474
5732
6183
5136
352
4325
8374
971
1355
108
6472
8100
6977
8904
2030
1872
1079
2836
7448
3637
3619
7886
3534
9587
2815
4144
3994
8971
9641
5866
2166
9411
1142
5705
904
7178
1726
6929
3348
4312
2295
8259
9079
5065
1529
563
4233
7561
7764
3406
1203
6840
3662
3188
1440
2
5784
4384
9188
8484
10236
1157
36
2831
3876
9530
2677
10150
2574
5089
1599
4801
7709
1939
7506
6170
2014
6093
7051
4917
6343
4321
5401
9988
183
280
708
4088
1411
982
3715
9904
11
2103
2737
3402
9976
2057
10146
8860
6481
1277
9440
5609
4923
1881
6330
7745
248
2518
2893
7070
4367
8708
7502
9176
4189
8982
487
8467
860
7787
5767
5193
6151
5661
9089
8801
7406
3561
5168
3764
6945
7188
7662
2120
8917
6443
5501
9588
2868
9930
1843
8321
7876
1340
3709
1089
801
8233
3506
6987
5838
2138
5615
292
8384
917
251
4484
6173
8088
4708
8367
1556
2418
8189
4982
4467
7402
6068
7715
9504
9840
134
923
6964
3745
1220
2549
6911
3502
1758
9576
1511
6307
9722
5562
3787
6253
603
4860
5328
7073
3038
6381
8923
5576
6711
1268
2588
117
633
3444
2243
9316
4660
8049
7736
8723
8148
6763
6197
6559
9849
3174
5778
4908
10286
7344
7915
9484
627
2786
8478
1582
2128
7538
1810
4378
3022
7998
723
9901
4956
3963
4747
3909
5800
5638
585
3465
717
9048
7097
372
4400
5320
7980
9380
3379
7149
5347
8500
999
3254
2453
2430
4785
7862
4074
10277
7479
619
8614
408
10091
5385
8717
8539
2507
1048
2955
7365
1643
1228
8999
7676
143
9608
2668
2693
10326
8908
2161
1827
6612
5303
7444
6780
324
187
660
3736
6077
4478
5257
4049
8956
411
5861
8378
7174
3344
10246
9449
908
3915
9884
3538
8660
9501
6625
956
4723
1681
4148
3998
483
747
7909
6596
2877
7963
2530
2353
2281
5983
10317
6936
3061
8785
10199
4717
9674
1741
4539
3980
7465
4614
10008
5485
5177
2407
7379
3149
4999
6798
3029
6640
8747
9821
8074
785
1813
7254
3862
10237
8400
5447
3479
1293
5048
4500
9208
3365
3676
6318
9607
9700
5469
5106
3837
3952
7686
4202
2205
5375
3241
5666
7489
1926
4084
2940
6729
9391
9970
8769
704
5905
4775
6526
2600
9560
4630
3389
271
5932
5970
7990
8553
3167
3793
3313
2514
9170
769
8704
2439
8607
2232
1672
2636
3105
4388
6621
1236
2272
4206
8488
5102
1592
2776
3931
846
7768
3184
6752
5788
3327
9251
6495
4067
7310
1895
2578
8846
3132
6993
5951
7566
5586
4635
2018
9299
5242
6533
9207
7837
7952
3686
1106
9394
8630
3489
6655
6968
4553
7241
5145
2845
4607
9746
8084
4704
775
6064
2339
2414
9160
7389
9106
5324
8202
10007
5475
5187
3119
7167
7793
5369
3034
3990
9832
1754
8775
9570
4769
1571
6426
7313
2291
5973
2887
9960
1691
6045
6722
6395
2864
268
1102
5164
3768
4846
185
7931
7327
7184
8635
2219
8388
8067
2134
1550
9742
4488
8206
312
9102
3310
6087
6790
3566
3011
5834
206
5919
7025
5663
482
8758
4411
3598
3938
7683
8511
2721
5103
9443
6360
6523
5057
4277
5458
5811
1923
4881
8556
3796
1367
758
1189
7012
65
2633
10068
3316
6678
8220
7759
1233
8340
4203
9512
4440
92
69
10214
10161
1384
1120
6738
6700
2629
2773
4157
34
9781
3825
843
2089
4599
1801
4939
9714
3580
326
5014
3812
5248
6292
5583
6536
9120
1917
1321
6996
8843
7563
6517
1708
6867
2622
7598
4556
409
3683
1467
1982
7938
102
1103
6271
5680
1057
373
9843
6959
136
4220
881
2751
10228
8411
7796
10288
4758
9276
4511
9103
6137
9348
8277
10108
2988
7131
9057
1860
5358
5976
6460
8881
7316
6423
2555
8599
3759
2770
9014
10087
9912
8939
111
6417
5120
10138
7825
9288
6250
297
4843
7037
4340
8203
939
7812
8440
1014
355
7580
9420
490
2308
6884
3563
6231
5740
5698
10171
8157
1484
6215
2246
7062
1971
6282
5573
5829
4429
8726
8142
3590
6766
8529
204
872
2079
1030
3094
9790
1259
7733
4264
140
5124
4455
2783
7821
313
5007
10162
8355
1374
2399
3651
1904
6568
4953
7897
726
7301
6504
269
7552
8872
9030
6162
4245
5652
6688
7115
3966
2611
5894
8
695
2194
1179
210
7528
9042
1950
2456
3670
4522
4891
4287
8695
2659
4224
8422
3428
7673
6849
1646
6335
1042
1449
9705
9124
10172
8455
5306
2499
1474
1325
4355
2696
6874
9007
7590
8953
6404
5755
3733
10059
295
5030
4872
5570
9335
7109
3821
3000
1124
9287
1144
2540
357
1007
4142
3897
1312
7651
8429
4726
953
8264
3301
4529
2065
3552
8522
5986
8891
2712
1618
6933
4422
8224
5302
2978
6593
5551
9293
4695
2356
7966
8287
9347
1349
6435
9425
5822
3528
1835
7670
2044
1816
8245
891
6209
5690
2725
7428
3673
1992
1165
5042
7021
1296
8550
9402
6734
691
7870
8032
353
4111
1388
6819
5225
5890
4236
4592
2102
1206
3403
3873
3357
2190
2925
6299
9875
9551
9659
5244
7503
2912
8691
4895
9824
7140
6346
8005
2382
5212
5018
1635
7457
6096
9599
5454
6125
9307
1202
2106
9767
3211
2235
7851
4926
3594
1775
8571
3697
8754
7420
4019
3934
9260
7247
3090
1630
9734
9685
615
8040
6577
2896
6674
6112
754
5196
7285
5265
375
3520
4672
3870
4032
8111
4691
9951
317
7403
9669
8895
2859
5159
7873
6649
2482
2967
1846
7357
364
9999
9018
6446
9475
9151
5852
2304
3503
5937
6888
4550
575
8592
895
5694
3140
510
1488
5597
8236
4005
6176
1018
3457
2152
9199
444
7211
1553
1607
7697
926
3420
3851
1704
7594
6059
7934
3247
8672
8019
389
6832
5279
2984
4040
9757
504
10185
5354
6805
4571
9270
1769
3285
4754
6031
3052
8926
9810
6256
7520
7076
672
1747
7222
2198
6015
7275
8813
8055
10132
7524
190
4129
741
8293
6684
2471
1400
6587
5898
5513
5441
3080
3424
2260
9892
813
1785
3269
10247
9768
8741
4228
4643
377
3961
9308
6545
595
2450
2392
7155
827
5962
4268
8122
3098
9616
1660
3442
9682
10110
3229
8681
6564
8827
6761
10256
6667
1908
2949
5410
2180
3883
6508
5128
4582
293
5880
4810
5527
1378
7342
1956
681
7086
3222
6033
2323
4055
3524
5341
3275
17
4741
1539
1717
8129
1614
10329
9758
8228
2974
1999
8643
7424
5289
4813
10194
249
9492
7269
6900
3063
2048
5413
4293
7961
2371
1500
6121
3155
6408
315
4827
5510
4122
6186
5133
8810
2833
7442
9216
10070
8582
9128
1478
5427
7229
6878
6009
2317
5863
7883
2492
2921
2350
8268
1128
810
5221
10016
3342
2163
2797
1148
43
4681
1723
182
2047
8850
8421
7570
5590
4521
9113
4892
7755
1041
3829
3573
10170
2625
9905
7306
2780
4935
2612
1718
850
6161
1113
8227
4595
2085
5651
8284
6693
9041
4433
1240
4210
8333
9277
480
8213
1127
1004
9421
1147
7029
2640
2798
7822
4626
3894
7302
2318
7551
5966
8871
8267
7986
3652
448
7061
1477
2936
1972
1930
1185
9127
10253
6281
6877
6353
6530
5428
9004
287
2596
224
4828
871
7690
6407
5110
5670
8141
8935
3570
6786
5733
4284
3755
2559
892
8595
4227
5041
8433
7022
1546
7573
7829
4333
8210
9505
1991
3306
6588
4421
5301
5552
6243
935
4850
8521
8892
2711
5113
5897
2197
492
2763
451
1748
10160
5821
5528
5127
6453
6430
5004
3822
1377
1853
9110
1907
6668
7894
6955
3302
3551
8828
4141
6507
7652
1311
3986
4213
5673
10215
3690
4871
828
8626
1110
3097
9780
4267
7034
699
306
9432
7119
3811
7680
3458
4249
9643
1802
1017
1322
6887
5938
212
2426
6291
5598
3663
1487
8154
1175
2968
7358
7976
8699
5316
4396
2655
1943
10088
285
9794
9017
8496
6414
168
6339
1445
10308
9346
5796
9629
9278
6845
5825
1806
9023
6134
9342
6219
4960
9286
1255
8274
9054
8525
9712
10107
2075
7011
4425
2790
8359
1023
4656
6864
2395
7698
8512
7740
1608
2722
4459
1464
4412
3248
3583
1054
4882
5812
9539
9514
5580
4699
7811
8396
4496
3680
7458
5017
1839
6636
1914
6232
5683
1345
7663
10029
6439
67
6514
3976
436
3358
6205
8249
1387
6600
2526
4154
9791
1169
10268
9229
2729
6940
4512
4359
1364
8656
1329
8412
8459
2495
960
9939
10067
2533
8882
5759
171
7132
2993
6578
3698
3740
656
5023
1981
6272
5563
2621
7248
7583
8960
7105
9914
4525
5054
2069
882
9139
2752
4274
8425
6776
2239
9150
3898
4
96
856
3513
2314
6762
6129
9756
4015
7066
7341
682
1779
4581
1623
2794
1008
8033
9950
15
5961
8856
8121
471
4824
3083
2391
7413
6326
8682
5269
9008
5424
7289
3441
7427
5229
9218
5442
9482
6815
10184
9271
3962
6295
7133
593
2929
9811
19
6166
7510
8742
10018
4899
10124
3880
3527
7221
379
2183
5883
1714
1639
1617
6836
3410
8009
8543
742
8288
7863
2472
2977
1436
9233
2491
7898
7513
6567
8824
2922
9550
6664
4856
8015
3341
5275
6055
5524
4682
10062
4033
5008
5222
4121
9766
6809
824
9306
1216
3413
9692
1560
7441
1765
8581
3289
8899
2855
106
3427
9618
9323
468
9882
10090
2372
10053
7962
132
3133
1336
9395
6122
6645
3510
4543
161
5155
4288
1744
2116
5342
899
3221
512
7880
7527
6687
7410
6584
3863
9261
4742
4009
9058
2987
8278
7159
5873
4803
613
5357
10195
4757
5403
2173
38
3890
9869
3225
4671
6111
6138
10017
1058
3212
4096
2945
1653
1201
7694
1604
7597
6868
1707
3244
2443
7852
7937
9217
9459
8572
1468
2307
8059
5934
4650
6019
7279
8158
5697
8692
2911
192
5594
820
2381
5211
7038
3073
4125
3454
2253
5520
2101
6418
4591
1789
3265
692
8300
4112
8031
1393
4946
3196
6549
2964
8820
7354
9485
110
2170
9675
1730
6574
3159
803
6677
524
757
7890
9469
7225
1368
2343
671
4572
10198
6032
5870
3051
7212
8096
4278
5457
5058
8803
2840
2026
6005
626
3597
8671
3694
8757
6831
5140
9859
9617
7244
3852
3937
180
100
5503
8591
1918
283
3279
1493
650
4059
5247
6518
5851
8946
3070
6893
573
4300
5420
4820
1995
2151
7454
8125
1535
6737
7265
8650
8112
4031
7196
4692
4158
946
5285
3354
2330
2481
9885
6040
5013
2631
1035
6342
4515
7564
7761
7667
8844
8415
5687
7508
8702
5584
582
10100
4204
9035
1319
3878
1234
10046
844
5645
6155
4252
3408
4601
2091
1799
2774
4941
702
8290
1383
3186
7122
3900
529
9868
9666
5809
4879
8865
7545
2997
4462
2516
4409
8706
9792
8362
2634
205
9996
8509
2537
2719
1010
8135
5104
7684
7587
5567
9458
5027
5664
865
706
4086
6222
1924
186
9196
9010
6275
7055
6524
9363
1191
2136
1172
1985
10045
1013
59
2732
8204
5035
3667
8252
1483
8601
3564
3761
3508
6883
259
4290
8941
5836
6442
5815
9013
1842
9341
2866
1947
6229
7878
4844
7408
5166
9711
8515
2705
941
7186
4702
4415
5295
1305
7900
9468
339
9104
4135
5326
3036
6961
3545
9027
2072
879
2749
6424
9353
1756
5010
294
6269
1104
9431
3587
5762
7129
3684
9656
9858
1027
4865
8879
8086
8409
1332
4706
8462
1558
4509
9596
2416
55
4362
6066
4648
1181
4223
6285
5737
4076
10216
8160
9510
3256
9834
9457
818
8616
9219
7040
4337
207
9173
7577
3805
2609
7674
8437
5518
6851
5893
6420
5117
1451
8298
3832
6247
10019
8818
363
4889
2661
9867
2193
2767
9973
4431
1373
3176
7346
9060
1857
7005
8280
8531
2081
5123
6457
503
2784
1261
10242
10147
3888
6503
9924
4954
1969
5831
6140
1903
3649
5574
5677
1060
7299
9775
3446
443
4217
4263
7734
6870
10322
7032
3093
7819
1470
2401
648
9117
1920
1351
631
3068
9910
6520
7256
8076
5418
4298
2043
8889
4818
127
9619
9434
9857
3674
9573
5549
3577
7805
6697
8648
1117
8223
6594
354
6934
9422
7019
4160
7832
4616
8337
133
2328
2562
889
6211
4437
6038
9467
2168
1728
7176
3346
1143
8217
1123
10282
1370
2501
7888
8263
954
9524
5868
4280
7649
8431
6873
6357
5060
2838
3299
4531
1473
9123
7446
7111
3819
2615
5138
3734
6403
8954
1975
7849
807
6673
4575
8569
4021
7335
2638
2800
2320
9680
144
2347
3209
753
1928
3435
8807
9538
6528
5453
5430
4830
10061
7162
2385
3933
5507
10284
5108
7688
8753
8115
5668
3593
5955
8848
2576
7568
584
6897
7504
5588
6301
6552
2016
5243
644
1497
689
4109
6821
1792
9313
3404
2778
848
7766
1720
430
5786
6733
9890
9279
9628
7215
4386
8689
8062
1238
601
418
8486
4208
6022
3874
7282
5877
4807
5353
9938
5530
314
3849
6428
6061
8021
3335
2983
640
5281
9108
6670
10324
421
8830
9374
7209
367
2485
4753
5407
2177
1771
4569
8575
1554
6029
7435
9138
1657
830
3688
1108
2447
203
10244
3162
7933
7593
1703
6966
4115
3568
5161
447
6651
5693
300
10028
3504
2303
2257
8109
8386
4689
21
46
3077
4486
8208
2861
1397
3766
6590
4848
507
7404
9490
10196
9228
1750
3215
7874
3282
4062
8476
2126
3884
7292
6105
7536
4376
3231
4665
8679
7996
4958
7517
5272
6563
9627
642
9545
5776
4906
4037
9262
2788
1782
1610
7700
7738
3417
8146
3250
9881
679
1195
6759
6132
5578
2951
374
1266
2242
2586
4131
8012
739
9400
2469
814
1046
7678
3460
3423
1226
1642
5205
2375
2666
9691
4547
2905
4644
5940
5600
9537
4902
9154
3137
2970
8814
2932
9046
7523
7360
8739
3959
50
9564
8025
5439
3867
561
5514
2095
4585
9954
3271
5636
8294
5232
6683
3536
445
3045
7884
3292
3517
5864
486
665
551
7231
958
4146
3996
1724
8037
9227
9145
1627
2164
906
6812
6580
5134
3700
505
3738
7417
5219
4476
8958
7250
9481
6825
3087
8376
4679
8665
9945
6011
8906
9272
10027
229
2919
9812
2834
10098
4739
9694
1541
8131
4012
5046
4814
2145
2001
3678
7460
7423
6316
6796
9964
5845
5414
4294
7137
9137
9554
5339
902
10179
8585
3064
365
2475
322
2187
9743
2324
3523
3360
6034
7959
2369
6119
9164
7867
8644
2973
6598
5291
4025
8547
8902
1613
5887
6938
9937
7271
1826
7549
9003
6354
5805
4875
8869
9657
9340
9597
9710
8505
5256
2715
3737
7418
6076
2402
4405
7031
3088
8957
8532
1628
2082
523
869
241
1262
8038
1003
8214
4432
8139
7059
5832
10281
6279
10218
125
957
3518
3893
1039
1452
6694
8283
3831
2876
8548
1114
1390
6597
746
9430
7868
129
6852
6937
5888
8334
2662
8419
2188
4716
4434
10074
5176
4519
2406
10133
9114
8746
9769
9039
1315
1182
9309
7138
284
227
5446
3677
6159
1795
5020
3574
5649
9583
2745
5577
4532
3549
5674
875
9634
4139
4214
9785
8432
1309
9197
7737
3418
6265
10321
604
9404
7112
6196
42
4038
1854
9667
4869
8875
5003
7125
6454
2787
581
4505
9997
10241
7518
7893
4957
2502
8405
5039
9724
3868
4746
196
5114
7831
9759
6244
238
1989
6212
7096
716
9983
10034
5346
2561
9020
2764
6225
6890
4283
4548
3138
1490
5734
1352
5819
5299
4419
2506
8716
4334
7574
8519
2709
1020
9183
7677
8434
10114
3584
1107
2448
3687
1463
7836
4270
7009
1024
6863
3100
1658
4606
1192
1965
6221
1053
5186
7295
9107
1910
6133
9024
5408
2178
3645
9911
7166
6510
8361
5130
6427
225
5878
4808
632
4461
1380
9053
7815
8273
2886
2200
1944
6289
2605
701
4942
4847
7121
1398
57
3809
9466
5900
4251
7326
6413
4602
148
2092
2632
3078
554
516
6341
8066
2258
6086
9598
7033
8207
3664
8153
9658
8701
3567
4885
7762
4230
9856
10259
9415
7687
6410
5107
3836
7584
5508
5564
5761
5024
5667
8808
1480
4361
1927
9130
4273
1331
6880
8461
6527
564
5053
6962
3295
2071
1363
7645
3166
9511
8270
2348
8606
2994
1979
1130
808
2637
2619
2534
3815
9782
1150
1841
6441
9998
4207
1237
4701
942
10260
9866
847
7809
2777
4153
5545
3326
8230
9668
10209
8885
4066
7015
1171
9198
2731
6898
7567
6513
8942
7664
2050
8847
8251
1498
8602
9456
885
5684
1913
3762
5587
81
2184
8338
2327
6037
3776
2931
4438
1118
7864
8647
3272
6740
5231
6698
151
8544
4105
5884
685
1713
10097
4817
1641
3578
8011
4132
432
5250
9118
4901
647
7134
4297
5417
8685
10189
7219
3067
8760
7414
5137
3600
7339
4823
4579
1781
3084
10298
8565
3940
7845
9491
6358
3205
2241
6976
5460
5423
9894
2837
6131
2952
3232
71
760
7887
3636
5271
2313
3514
5867
7291
3439
8034
5959
1727
8119
1624
2167
2793
6680
8218
2389
10163
9814
8817
302
2768
1743
7776
8901
5118
5996
3864
5517
7272
6248
5292
6583
5536
8105
4685
8297
216
4338
817
2002
8438
2566
1542
4011
7578
1286
8132
4544
2310
901
9681
4647
3219
3134
5738
5700
7600
3339
1710
3414
3845
823
9891
602
525
7940
2489
10173
5678
7205
6012
4218
2686
9494
3887
7636
7232
4760
6025
7439
6663
4565
7514
8823
8579
3291
2006
4119
6811
1858
4034
2990
5360
5523
6458
1394
5209
2379
9244
6690
7407
10186
2465
735
9480
8061
398
6021
9936
7281
8916
9203
7877
2963
7353
7530
1948
2909
6302
3955
5593
6551
3668
6986
8735
93
3507
5933
9136
3430
3453
916
2254
538
4589
1791
2099
3074
496
552
10003
5435
8029
6822
1557
9152
8366
1654
4669
8675
6109
4466
3588
3243
2444
7161
1028
331
1603
7693
10026
9265
4022
5874
4804
675
9952
9805
6306
634
458
9384
3786
6570
9226
5404
9028
2174
1199
6755
1620
3407
2149
461
9289
2980
9880
527
4735
5335
8589
3281
4061
9603
5849
3877
1156
3353
3530
6115
320
7668
7955
6894
2365
2676
5162
7507
2479
6652
1494
5688
328
4916
9536
7453
7430
2862
4029
9552
562
8804
669
1772
2736
10255
9255
3049
1276
7588
5504
7243
2056
5028
541
3693
3161
5568
223
4366
9401
6062
4675
804
8669
8022
2998
5282
6573
6829
8466
2538
5215
103
7786
9690
2915
401
9626
2344
9349
5766
8178
3024
1100
9813
6720
8079
9779
3107
7259
1733
3053
3325
5991
2273
3474
8886
2361
7971
6238
5546
3312
4348
7904
1897
9100
247
4065
7016
1552
8448
1301
463
6497
9487
4534
886
4637
1821
4619
7374
5748
6792
4994
3144
7179
3349
6928
5853
5377
97
2207
8632
9078
1528
3835
7950
8258
3618
403
5311
10015
10319
5907
4777
2153
2701
9493
10280
7646
3992
3165
1673
4731
3296
7449
8200
1078
221
9215
10239
4044
543
3816
8605
167
5100
1590
6397
2270
107
8348
230
6047
3259
4079
4448
8619
8637
7474
8534
7325
6750
218
2606
621
8994
3971
6085
4178
7312
1651
3904
8065
5718
5240
4886
9887
454
2461
3374
2808
7144
994
3130
5147
6554
6771
6657
3179
7349
8731
3950
4200
9677
7835
7618
2251
2602
6703
777
9893
2942
4605
10240
1966
2847
9398
731
3646
7992
7165
1428
5185
5930
5972
5477
4258
7296
5078
4632
10293
3449
8044
10279
9615
1670
7816
333
2230
2885
10320
8777
2214
9140
2139
7923
2532
4745
1088
5345
3708
5839
9604
7095
3982
1683
5914
715
3467
3860
4787
9940
6226
3003
2869
6642
5169
9088
4502
7367
2957
2505
8715
5387
165
7189
9476
8402
7384
6782
5329
6610
3114
2746
9230
9488
3039
5364
876
4561
7233
1759
6195
4764
429
6266
662
7126
245
7917
5981
3484
2283
8876
7321
2548
1563
10030
8089
8406
7801
4709
2334
6069
9762
8662
8188
2419
4506
8787
9540
5802
9243
2875
3923
745
1598
5088
7708
8502
2405
5175
5487
7982
6613
9204
5322
7467
4402
9397
1938
4715
6541
10048
2432
787
7860
8745
5943
1316
7001
1796
3367
9678
3189
9876
10261
5445
10004
3384
9686
1825
9888
9630
5806
4876
4406
2519
8709
764
3233
2434
10054
9772
4188
8506
5255
2716
174
6075
9312
4662
5464
3917
5608
7484
10136
3321
9383
3801
4089
6724
8561
709
3020
8764
6627
1812
299
1580
3614
2735
7400
3539
3717
4980
9633
3999
4149
7747
909
9403
963
6924
1222
1275
8254
335
6191
9074
2055
1524
8465
4479
9706
5216
4048
474
4365
8379
4676
9908
3500
8963
8909
5765
1074
9292
7785
4862
53
5560
9336
2916
10307
7660
3478
5049
9723
118
10050
4736
6319
10096
9352
6234
3028
8174
7091
6799
1155
5336
9984
2122
6383
70
4538
6116
7378
3723
5744
4998
3148
7956
2366
9601
1342
2675
9661
9549
10316
4344
7908
9426
4915
8444
9184
3400
7717
7539
8479
4465
7614
980
2129
4379
8365
7999
8676
6332
5623
5779
4909
6558
3747
386
4963
8862
545
6305
8980
8048
9508
7072
7500
1961
676
8149
1424
10217
6756
5074
2589
10183
10267
862
1269
3785
4254
405
2466
8538
465
1049
1442
7478
3660
736
10001
6947
2669
6842
8998
1229
8344
9949
4444
8915
9671
10095
6985
6172
8736
9049
3956
998
7723
9201
3378
10128
2804
7148
4174
10276
6483
3908
9149
5436
1883
5714
915
5639
9584
5617
3846
4768
931
9275
139
5730
2685
7388
1870
2032
9067
5368
3118
7206
6470
8102
6857
6026
6373
8931
4566
2005
1457
8184
7081
7635
2338
8327
6261
1067
1503
6969
4310
2647
6903
1140
3488
2544
8313
1851
3704
1084
1420
7775
3607
5493
5918
6451
1247
9860
837
9907
952
5535
8106
8389
2218
4686
7202
337
5995
3553
4489
8167
8793
6181
10176
9084
2565
1285
9470
518
3769
2760
7630
8837
2040
530
8952
135
8241
4990
793
2438
8566
7846
467
1357
4931
1873
768
12
243
4327
4184
6473
521
3388
2111
3206
1403
4102
6975
8310
5653
8768
6143
5201
6728
2817
260
3635
5067
6370
5468
2297
5604
2901
7488
5707
1697
3775
7607
5084
1594
2579
2823
1
7704
1934
9460
10166
2019
4106
4837
3202
4952
9507
163
686
547
1211
8990
7553
4241
66
6920
9870
7769
5393
4313
6351
1520
7043
5789
6101
4389
8686
340
3630
8489
407
4793
990
4167
5982
2298
5467
7322
3914
5068
588
3839
5708
7175
3345
7487
6727
8661
8193
6624
8767
9373
9419
1680
7802
2818
9676
2160
3387
9622
7445
622
10248
6781
3169
9878
767
1358
8609
7943
661
1976
2437
4562
5860
2616
4328
7255
8075
6641
10047
784
4168
3364
9688
7806
8401
9886
9093
10262
3329
4501
2531
8784
4069
4838
3060
2280
5484
3981
7608
1698
20
1740
4615
7464
1093
416
6713
10022
7839
1068
3322
7914
3175
1663
7345
3487
7006
2648
2223
319
5923
4609
1811
6858
3802
2337
8328
8562
1458
6710
9068
7387
3445
5189
9222
7169
3117
9478
5367
4767
4193
3943
4661
10213
2889
4075
8838
4784
3123
7002
3255
232
5233
6542
2431
6286
3806
7364
2954
9486
5384
7329
8615
8069
2217
9314
838
8168
5801
6089
6743
3608
7981
4401
5321
1583
5093
1248
8501
5917
2263
3464
3035
3546
9765
5474
1306
3991
9305
4732
4136
114
5325
8047
2290
1570
201
1755
6199
8774
3748
8631
6557
5144
9541
4866
6654
105
7240
9687
2415
2702
6065
7718
8085
4705
774
2844
423
6603
5312
9693
4749
1551
1302
3907
5036
5618
2135
1986
3311
719
9877
3010
109
5835
9963
6791
7099
7147
3853
3377
1822
608
997
5349
9553
2865
6394
1690
9744
5816
6044
9631
7930
7972
7185
2362
8634
9163
7477
10313
2509
9396
4416
5296
8719
8537
8997
5165
5992
8516
6948
2706
5971
9941
8866
1573
4631
1829
7546
732
7991
3013
6079
4047
62
99
5259
31
2515
8705
568
7748
5374
2204
9141
866
8136
6772
3240
10305
9755
8732
6276
3718
7056
2941
2252
5904
4774
705
2601
4085
276
7907
749
1036
1894
2879
10031
16
6494
7311
1652
8416
4719
4537
5950
9477
4634
5179
2409
4516
2462
7853
3147
4997
7377
9153
9036
3027
6620
8749
95
9789
3104
9231
10273
198
5449
9563
3972
3930
3185
3477
5646
9953
6156
2146
3368
6315
9269
6182
498
5045
9809
3730
8242
788
8586
6795
4164
1159
5846
8951
5488
7604
1694
6452
2679
7707
1597
5087
396
6390
1937
2476
1852
7468
438
4834
4919
8788
7653
951
4026
7201
7082
6628
666
5553
3995
6262
4145
9200
3535
8970
8932
2814
3046
2739
5064
9354
2059
1279
2294
3493
3918
5607
905
5704
6826
4369
8375
1354
8666
4324
10000
8469
4475
932
970
4187
624
358
7789
8101
8905
5769
9670
7393
2031
4973
7368
2958
1890
1225
9087
2376
5206
6102
2665
6490
5388
6352
1045
427
4788
8919
7730
590
8834
9345
361
2906
9427
3707
3604
1087
3468
9259
9045
6989
1244
4586
2096
834
5635
1212
4242
919
8026
4951
3201
8164
3653
4375
8369
6854
4666
7995
441
8475
4469
9707
9600
2125
8187
1454
6106
7535
8324
5202
2902
1064
7493
7918
9337
9660
137
2644
8973
2547
5775
4905
8145
501
5630
6309
4932
9285
4970
1265
4101
3789
9064
2585
3393
1196
2112
9364
123
973
800
4983
1341
7779
7623
2807
2033
570
2753
4485
4177
9433
5999
5717
9574
5539
10121
10159
8385
5614
3560
8638
8800
1289
3765
6944
2569
5500
8347
532
2121
6398
8320
4447
9506
3216
7092
1413
10041
6048
4303
6910
1133
3336
9871
8778
1510
256
1427
4861
2486
5077
6380
5478
10193
4257
2689
9523
7714
6463
7639
7617
8576
2848
2009
7436
1863
778
9461
6658
6965
10130
3744
6192
4116
5723
5148
1221
983
2015
4800
4638
6171
2575
5747
3779
3623
1513
1898
9833
4347
7050
6913
9174
6498
8447
4320
5400
6841
5785
10287
8983
7560
1441
9338
6237
7765
8485
10169
342
9708
8177
7216
9906
3108
10264
10081
4385
9974
2830
7071
7336
9471
1962
6363
610
4576
10148
6979
861
425
5660
9923
1077
9282
6150
1410
3617
9428
3639
8303
3714
3436
262
9861
4778
5908
10296
7744
10126
2208
8116
5378
6927
5956
8861
6480
8257
2386
6331
1527
1880
9077
9234
6630
3017
2496
5309
1577
8968
1674
2699
10192
8655
9232
9946
7181
3351
3920
4043
9807
7106
244
6202
9267
655
5854
10032
968
8426
4729
9146
2154
6775
4526
7451
84
9760
189
4495
5989
9142
3370
2359
7969
9324
8395
2512
7903
8722
1346
7857
4993
3143
790
3728
7373
8081
6635
7261
4533
28
1734
9942
5490
4621
6388
1819
5352
3975
722
6206
7102
3023
281
7470
8790
4752
164
1299
3473
2274
3054
10180
2525
2249
9257
278
5826
1805
9632
7920
6769
9770
4426
3181
7351
8729
1256
9310
250
8043
8526
2076
175
6082
10134
5628
2396
4655
4968
6553
5262
9429
6607
729
9546
6704
457
1832
3451
1888
8621
7370
2960
9542
6488
3903
5452
3969
5390
4790
993
2425
3857
7143
7728
3373
1176
3261
4081
8752
5182
2412
2459
8495
9709
4722
3470
7975
2656
4395
5315
5795
8993
6846
1649
9339
752
8533
1446
2882
7473
1761
4559
2227
1564
6908
1667
10306
2284
3483
8780
8612
1508
5331
3172
3985
10065
2333
6378
382
3041
5927
6956
5480
10197
5363
7799
8091
3113
4711
6071
2850
2421
780
7383
6660
5150
5979
45
7319
10106
4763
8625
4197
3947
3842
7234
798
3756
5237
3004
9221
8596
49
8936
5841
3127
6785
10297
9268
2141
3305
1545
4072
9808
5171
3558
6747
10021
8640
8798
7924
3332
7191
936
2213
5913
1684
2267
10191
5498
1587
5097
6400
8318
6050
2871
2521
2892
8711
7483
473
5463
7172
10105
7985
8197
4625
8763
5658
509
5965
122
5192
6723
6148
3799
4091
1408
8559
711
2595
4612
2935
3383
1186
4780
5910
2210
5380
6478
10066
7947
7842
3234
2433
1878
763
3319
4798
4640
5944
9621
7756
1900
9097
7305
6092
7048
6500
177
8072
2626
5398
4318
4596
2086
3924
7332
7558
3191
4936
390
455
6717
6539
6614
1097
9258
3110
6999
2828
8945
3627
6801
7089
3724
5743
9862
270
987
4170
8443
8126
1292
5051
2572
6917
1536
4343
1996
6321
1517
6233
5542
7195
9472
10174
4840
945
477
5286
3058
8987
7266
6002
2278
6384
7782
1700
1738
9417
7610
8173
9281
911
2300
5070
6367
5710
6189
2012
3541
1073
1678
7226
4001
4151
2820
8964
7642
2158
2025
209
6006
2692
8911
8307
8095
3613
4481
1523
1360
9073
8253
173
964
8381
6923
4330
5858
2803
8840
2037
7724
7627
10164
9462
4987
1051
5713
4126
1884
10211
2671
6484
2757
1231
4173
840
9872
4945
3195
8170
5641
3266
60
1417
3610
4443
9051
3782
1250
9788
8343
5781
4911
1070
1137
9776
4307
2650
7541
4253
6860
8481
2131
5073
8330
3642
1460
1423
4381
3226
8001
6708
1867
2946
9070
2591
6982
6467
7613
1271
4095
63
5727
4964
1959
5624
8151
9689
8391
9350
5620
2856
4491
4922
9083
6646
3008
1849
56
10082
5156
794
453
6449
2682
1335
1162
1688
5494
8239
2115
1083
3703
8314
6179
3657
8794
7928
3554
3771
6950
5772
8183
10295
9655
9418
6374
4855
7792
2543
6904
2288
8472
1568
8977
929
8016
334
9595
1504
5276
6056
10073
4372
7497
475
1215
3750
6971
2062
7238
1282
9913
977
8929
3397
1766
7720
2742
7079
9879
6259
9290
6816
7044
464
1209
4314
5394
9644
922
4239
6165
10042
4794
6992
2581
5948
586
6296
2021
4391
6618
74
1933
9793
8491
7703
5083
1593
2824
8922
10122
7554
7771
7657
1435
3928
6349
410
6835
6099
5791
489
2109
9787
5557
6144
3792
855
5654
154
5603
4929
6312
9195
3497
544
4016
7065
10033
6474
4183
7750
6325
1874
2899
8855
10212
9665
3238
4472
7397
3720
4977
5199
9513
1404
8372
9479
10113
404
9995
3927
3480
7658
7192
2355
4696
10129
7965
8399
5985
10085
5172
10135
8783
3331
4499
6714
9535
1836
6617
6639
2872
3030
10079
7463
1094
5483
6436
5947
5842
3979
4540
783
1815
5000
3150
7380
8246
2529
9094
4071
7910
1295
288
9771
2726
2142
3363
9311
1166
346
6072
2695
4356
8659
566
2422
4978
7398
8456
5305
1326
8092
4712
3841
3237
9625
7944
9547
5756
4050
266
8611
659
1762
9256
3913
3498
3042
2066
8194
5332
6623
6779
5558
3171
4725
7116
3192
3965
6744
8540
7927
696
7480
3658
4246
7331
9000
179
1687
3463
9135
2264
10181
47
10039
1584
5094
9761
158
2429
7979
8696
4399
5319
10086
5234
3007
1000
4783
2455
3124
9823
8499
7150
3380
8071
6336
3910
10119
5383
9935
7363
1645
2953
536
556
5799
6091
1809
9266
4611
3398
978
9806
4092
6216
2245
712
7841
6560
252
9225
8725
9147
7237
291
6765
4194
3944
2224
8978
1567
9733
8356
1664
8050
13
2287
4659
2522
7913
7498
8712
78
2891
4456
5191
7171
9947
10025
725
5924
721
6043
7101
6789
1418
2556
5920
4622
6393
5351
1549
4751
7826
2220
3309
8633
9548
2511
8721
2758
7628
8082
7262
3854
2038
4988
348
4770
6653
5143
4555
606
6201
5728
6604
7452
2843
1868
6707
773
7390
3989
5370
6468
380
3120
52
9620
5473
7795
2340
8629
8773
5975
7315
7182
4308
3352
1138
9909
3490
3103
1737
4721
9948
2411
5181
751
3826
2881
2277
10190
8988
3057
7309
6493
9148
6918
5451
1893
351
8622
1518
392
6995
3262
7854
3628
8751
4082
988
4633
6535
6081
2440
770
5261
10020
5857
7026
2203
5373
5969
3390
4629
5903
1831
4773
3452
2157
7989
8308
3014
8770
9220
2939
6730
8555
10182
1574
2599
3795
1677
6368
3315
5470
9509
7490
3182
7352
6185
6930
6972
6477
2061
4323
1281
10303
3156
1353
1530
1877
9080
8260
7948
4974
7394
1407
9844
3620
10331
10227
9489
2741
9777
2813
7791
8099
6147
5554
5771
5657
10165
8198
1080
2029
5703
617
4371
3494
2293
8471
5063
4056
8180
1098
3276
6718
7085
2827
1161
272
1693
8949
7603
7557
10137
7654
6240
9455
10275
4833
3772
4350
7047
4492
9098
4921
8450
5397
4317
949
8392
130
308
609
7199
9865
2681
4797
4163
10210
5750
10175
311
4198
3948
7156
974
8371
424
9444
7620
10327
3394
4471
9280
9889
9063
8323
4099
3791
1453
1430
4260
5928
6853
569
5080
6377
1668
6907
636
10335
2228
8974
1955
2643
1507
6311
1063
7494
1243
6016
8492
8921
7276
5098
1588
5497
8056
8350
2268
4392
3603
8317
4450
8163
8797
3654
6748
5792
3557
7772
833
9416
10315
9855
1786
9679
921
4180
4949
9713
3199
5720
577
5238
9465
6546
2022
797
2810
8833
2582
6991
3128
1864
4859
6608
6464
7713
9202
8912
2691
8382
24
4482
3743
4967
5724
925
5627
6806
2550
10002
1134
912
9786
1219
4304
6255
4002
4152
7075
7641
589
371
3286
2011
3542
9672
8190
8925
236
6943
8896
6001
5541
9294
1414
1090
3710
6445
1339
7781
1845
9778
7727
896
2034
3858
7624
8235
2119
597
6802
4984
479
5613
6322
88
1887
9090
1291
4006
5052
6175
2571
2754
6487
6981
2592
859
1272
2236
3713
6126
8304
9602
2105
7069
9662
8152
967
4925
4190
1776
7743
6364
2895
8859
4912
5782
6329
9351
5610
9399
3641
5266
4382
3018
8002
7542
5195
8482
8967
1578
7286
2132
5226
4235
1205
5642
8984
368
7710
5090
1600
6387
141
126
6169
9291
1940
9052
3781
2926
3624
4896
3727
7858
984
1636
6839
2672
6095
412
6914
1232
1052
1439
6345
8006
1514
7716
1770
8677
7434
10104
8574
7519
1555
4114
3746
4039
9388
831
4868
10292
3334
9320
3419
5531
5280
8020
677
9883
6803
6060
2484
6757
3283
8831
3548
6671
1308
4138
9897
737
2982
6591
4418
5298
2467
7405
8518
8893
1622
6946
2708
3532
1751
9673
4549
7875
3214
5818
3139
9719
3505
6650
9248
8737
5160
9376
10311
893
3957
5437
4003
426
5038
3869
7432
5616
2860
1988
6278
6123
3716
7058
5431
3519
273
2233
3434
10064
8039
5954
8114
7746
868
4831
1629
1773
8138
309
9817
2384
7419
7334
5217
3089
9483
2801
4574
72
10233
4677
4020
8868
7283
7548
2321
5263
2917
6572
1721
4737
397
9497
5648
5223
6692
6158
3405
9038
3875
2923
7532
7139
152
7214
5337
2189
8418
10143
10271
7505
4518
2367
4893
7957
6300
6117
6820
7869
255
1038
170
8549
8003
1633
3432
5889
7942
1356
8664
9166
3153
7847
809
3701
9393
8567
6824
1978
5135
7251
2618
1712
7602
4326
2835
147
6010
9325
2349
9247
58
3207
369
5865
664
8809
9966
7230
4762
7885
3044
2816
9556
5509
9696
2296
5362
5066
413
6581
2992
2165
5706
9898
1725
3361
6899
7606
6035
1696
4053
2325
1499
2474
3273
687
9235
10049
5290
4836
4107
4024
7270
8645
8130
1540
7808
113
2144
9387
7461
2000
4815
481
8584
3065
5702
8687
4295
5415
5844
2312
9611
4166
7701
1611
9566
5879
4809
3942
478
395
3847
7153
3251
9956
3602
8762
9066
2950
450
5462
7207
1194
5409
2179
4567
1659
234
9750
6856
6027
4664
6104
762
8326
3230
9156
1456
3885
1066
257
2449
6682
9498
7008
2646
3606
7361
2971
7273
6013
1246
8053
8815
8295
4687
8107
2259
3079
4584
2094
836
5515
8166
10011
6742
8024
3270
2374
5204
1399
3808
9818
4130
815
1783
3461
5941
8836
4645
6543
5252
9211
5601
6288
2904
2553
6396
5739
9594
3218
6046
5814
8232
5294
4414
9654
4339
8636
587
8514
7823
9191
7579
253
2704
8439
9829
4845
940
2607
8205
5034
5119
6249
10221
1984
3760
8600
4887
2052
3565
8940
4291
9991
9370
2769
1859
6656
4864
4118
579
5146
6459
3685
6412
1105
6882
26
9739
41
8578
2846
1967
9132
534
1482
7438
776
8272
275
3647
2488
7901
5679
3544
4134
9105
7297
1304
5476
4219
6960
1152
7817
3338
625
5011
178
8776
6425
1132
1235
9119
264
4205
9034
7218
3106
9194
2202
9407
8887
4600
2090
181
9637
9360
5902
124
9591
5547
6154
417
2775
845
5644
3823
3579
8291
4940
6699
1034
1896
1119
6496
2630
9994
7017
5585
8339
4636
7760
887
8414
4232
8845
9664
4439
4514
7565
8118
5376
2206
5665
864
7023
289
3102
5958
4272
8219
2388
5105
8134
7685
9302
6525
7054
6274
1190
3438
344
1925
9727
9011
9645
4776
5906
3901
6512
7544
6359
8864
7647
1912
3297
3817
7338
1382
2635
1011
5132
4578
6935
8786
470
4161
6595
4028
4693
5486
9022
10154
9452
6433
7669
2478
5689
7466
1833
6210
786
1350
1921
8588
277
8243
1492
1317
6521
5848
9526
6892
2723
7804
2148
82
1163
1022
1797
3366
3675
5061
8453
8430
4281
1323
5807
4877
4530
4353
9503
10222
8955
1974
6828
2999
10328
5753
8668
4407
7110
2614
3735
9180
2539
2717
8507
7589
3916
9436
5569
393
5029
6626
668
955
2500
1371
3048
2063
9980
6421
2098
4588
4243
6850
8028
1392
7113
693
1450
9852
3669
3466
2660
4786
1180
9728
1949
10266
8693
6284
2908
9926
8161
6227
2956
7366
7041
7675
5208
2378
5022
349
3804
6333
5386
1061
6213
1198
9903
877
9029
5575
2747
6871
2400
9580
1471
6267
7735
415
3589
7916
9836
8281
10257
9061
2785
7127
4430
4453
7004
1260
8877
1029
2080
9638
8530
30
8353
9408
4668
8407
4955
6141
5830
4507
10294
6108
7462
2853
5207
2377
9086
7409
4010
3135
900
2311
9568
5701
6228
6643
7879
2907
9958
5153
4545
22
1086
3706
3362
9496
3509
8104
4684
8900
4587
2097
9158
3865
8027
4564
7515
4761
1559
8408
4667
6024
3290
6107
4508
8186
5273
7128
6582
2991
8013
6810
6053
4035
2546
8878
5361
7252
1711
3844
7601
3415
7941
6268
3702
387
9816
2748
7204
211
1197
878
1763
3409
1640
1798
3462
2147
9321
6813
9377
8010
208
8587
599
4900
5251
7135
6293
8684
9168
5602
5942
5847
1318
3879
5086
1596
7706
9698
10263
7509
9896
2930
2972
7362
2185
1936
2477
684
5885
9968
6741
5230
4104
172
145
4027
8545
9558
7865
5270
761
90
149
667
3515
3047
7290
607
4013
1625
8035
5606
6681
8667
4408
3252
7844
3601
6827
8564
3085
8761
4186
8508
7702
2718
1612
7415
3941
1780
5461
2240
6130
3204
4878
5808
1495
9751
888
10272
2329
6895
2364
9624
6039
7954
5746
6114
8649
7431
1993
4346
7018
8123
8446
1533
406
9799
7263
4734
8888
1621
4819
6236
5283
6592
2981
5548
8176
4060
649
488
3280
385
3531
4299
5419
1752
546
557
3069
5334
7217
9534
5139
9519
5214
9157
3818
7337
4577
5532
9473
805
4674
7648
7223
2345
3298
9210
2914
8832
1076
6672
2839
466
549
9957
3616
7889
5869
9567
8805
6003
3437
1729
5957
6926
2169
8117
9076
1526
3160
5505
10010
2387
8256
86
832
9386
10312
8819
4888
6550
9242
8734
9224
2806
3954
5434
10084
1790
4176
5519
3431
3075
8299
559
5716
4123
2255
6691
734
3263
2464
819
1722
2608
10024
1395
7280
6020
9683
4649
8346
8060
3217
7531
4446
336
9134
2802
7818
3337
567
9919
9557
9873
9332
5875
4805
674
9967
6571
2175
5405
2487
6754
3648
3223
1426
9697
9610
452
4256
128
7298
491
5076
2322
7616
5432
3889
9934
1655
2943
8674
7437
9167
1968
8577
9378
4117
9246
2445
10291
4832
7160
1109
6455
7124
3689
9423
9652
7007
1855
3486
8874
8404
6028
4568
6953
4504
9295
2336
1372
10043
4215
191
7386
9109
5366
5062
874
5675
2744
3116
7208
4282
6429
3848
9726
4766
9361
9590
6264
9928
8933
6522
6891
5735
3753
6287
8593
6224
1922
1491
9333
8435
4849
9703
3807
7575
54
10052
4335
1021
4162
6245
7830
2216
9406
8108
10314
933
4688
5115
8209
2765
279
3569
9838
9021
5916
9636
2560
5109
7689
8215
5466
7486
8282
9062
5669
6142
8766
1929
6726
156
9990
9371
6529
166
1183
3386
10125
1062
6355
3208
5804
4874
1977
8568
2436
1472
4404
7848
766
9528
7030
6872
2617
2639
8504
9190
2714
8688
246
10220
8162
1314
4209
188
7753
1239
9115
849
7807
3575
2623
2779
1794
7042
5021
76
4108
10274
1391
3830
688
4933
6422
2083
1115
4593
596
6695
7569
9438
8849
4435
5589
8335
7547
8867
2070
7644
9454
8271
9837
7902
3294
2493
2918
5218
5012
623
2535
3814
4046
1131
3739
1151
4678
8959
2995
9864
867
5025
5565
6411
7585
160
5760
8137
7103
637
9131
1481
4360
4523
7057
6277
959
8460
6881
8423
1330
1037
9927
9845
7906
6599
2730
6939
472
1170
7014
2051
4292
4536
5685
884
8417
6118
7376
3146
4996
80
7665
1343
2368
7958
8250
4517
3026
6203
1840
9037
5338
629
508
6440
3476
576
8884
4738
4700
8231
5544
6157
3679
9581
5647
5823
1911
5579
3644
9025
3547
511
6758
3902
6511
7294
4137
9854
1307
9437
1012
7739
1253
2073
5131
7814
8523
8360
8046
678
4423
4460
1381
2393
4867
1025
9464
6556
10203
2789
3101
3585
4271
616
9012
10155
4959
6220
1964
8678
9445
3906
5037
6340
5438
9527
1987
8700
8738
4884
3958
9981
996
383
1173
4231
3376
7146
3665
2201
1945
2653
5817
2468
8536
4417
5297
7120
7476
700
1443
738
8292
2707
8517
4250
5901
2604
6843
9181
8996
7679
4302
5422
7626
4551
1749
5695
894
3072
2036
4986
3141
652
2305
4127
6589
131
2756
9253
4004
4822
8894
7828
4690
8110
3871
8652
3267
9331
6042
1416
3213
2558
2332
5355
6804
4041
829
9605
1732
4306
2172
2985
10055
3333
116
1136
5872
6030
4570
3227
7521
7892
4755
3284
2483
8573
8829
9241
2947
1866
6669
2842
7433
6466
7210
3850
3421
7935
5529
1705
5142
7595
4113
5726
8690
4894
3626
359
5245
986
7141
4652
14
1537
1719
6916
9736
1634
8127
8004
1516
1997
822
5287
4110
7871
690
8302
5224
8551
3828
5
8986
5522
7267
5891
6735
2191
9263
7213
9803
2924
8822
394
8041
6366
6675
4573
4829
1631
9205
7333
9
5264
5429
3521
3892
9826
439
7284
7227
755
9752
10056
235
6007
3433
2234
2319
3210
6124
5455
10005
8306
7421
3935
2383
8570
7850
2799
3091
7028
1774
499
8113
10202
8755
5953
3595
10077
10014
6817
240
2143
2728
7425
1168
3359
3512
6901
5843
6297
6120
8248
1501
2370
8583
7960
9214
7882
3274
2473
1838
9839
3525
4054
263
5340
6438
2975
7656
4740
4698
4023
7459
1615
7412
3043
2068
663
2351
2920
5556
5220
811
3699
4680
4017
7249
3496
5511
9322
6823
6579
10278
8663
9929
3154
5758
4358
4976
343
8811
578
7396
8458
1562
1328
6338
2261
3081
10037
1784
5440
10201
3425
2857
2373
5203
8698
7512
8740
2903
6544
5157
7359
2969
6647
3960
9439
9614
7525
8054
5939
10117
6014
3882
237
7274
5599
1401
7118
8023
2470
698
740
3656
254
4248
3412
4583
2093
3459
6685
6760
6103
4663
6565
10318
5411
2181
8976
7699
4811
5881
1609
68
8358
680
3249
7496
6057
5277
4458
8017
2451
10238
9529
7154
10187
1193
3396
1767
1661
120
976
533
6218
8680
962
1303
4133
8410
233
3543
3288
5827
10207
4510
1861
9518
7130
4427
6808
8880
6461
2077
8527
9182
1257
10140
8962
6270
5009
2397
4863
3742
7899
6606
5681
9982
2750
880
4221
1015
1983
3682
4341
4008
7581
9798
8441
5033
9450
898
1177
3856
1485
645
10156
537
6885
5741
9274
6230
5813
9015
318
2657
4289
10230
2554
2771
6942
6847
330
8898
5121
2703
8513
7824
1447
6251
4413
5293
6602
4962
2497
5268
3016
267
8863
9009
321
7543
7288
1576
2792
9918
8221
414
9716
9582
9379
4410
8133
7107
1009
2720
8510
460
7742
863
1778
7024
9413
3899
6361
8427
2238
6128
6273
5582
5810
4880
4527
7053
1638
5015
1800
7682
3581
8008
8289
1033
9121
4898
4513
9850
7856
400
1347
347
8413
1320
8341
4441
6207
9033
2928
6701
5228
5643
3824
1121
6153
540
1385
10051
3001
1145
3820
199
1125
9985
6432
2541
5059
2064
7650
8265
10301
4279
3300
9112
8196
535
4354
274
6875
1369
1324
1187
9125
8454
9185
1475
9797
7591
2613
5571
1112
6405
3158
5754
5031
1973
3692
7946
890
7757
9569
7671
8244
5691
3572
9959
2045
8212
9096
4159
2627
7020
1164
37
7803
9783
2724
4694
8890
8225
4597
2087
4852
9159
4937
5550
9517
1834
4058
1096
1919
6716
3278
6434
9372
10094
6519
23
7820
1666
8354
2642
6869
1375
2226
7003
5125
4454
1469
9300
1059
6505
3650
9031
6957
5926
1905
345
7300
6532
6139
9585
6214
1932
1970
3591
8279
4265
9059
3095
5672
5112
7692
3946
4196
1031
7158
8597
4225
4890
265
5236
3671
6283
8694
3757
5592
9169
6548
7572
3126
8852
8937
1788
6419
6334
9362
3803
5895
694
7039
9969
6746
7114
580
852
9651
9559
937
9917
2610
4244
2782
4212
6018
5096
7278
1586
8058
1242
9699
2266
1951
8159
422
2195
2989
10223
4120
5512
825
7157
3843
10177
5359
1764
1561
4759
7203
8580
9212
8812
7440
2352
2490
6376
6665
6023
6958
8825
4563
9827
1709
9745
3340
7599
6906
10012
5525
7939
6054
812
560
8014
5274
1506
8057
5496
2309
7277
9143
6017
10118
5699
7881
8316
3220
1745
3556
9764
8796
7411
83
6585
9304
938
4683
8103
628
9943
10038
1787
2854
384
6547
796
5154
3758
6644
1502
8598
8938
9737
6902
3511
8120
6476
5960
9330
2390
8563
4825
1876
6679
2452
7843
3157
1406
759
3203
5425
1188
3440
9612
1662
5459
9409
5412
2182
2315
5656
6146
7340
3599
2795
8759
4014
5882
4812
9639
3939
4580
9240
3277
550
476
5249
9543
4057
7220
2826
3881
3411
2088
4598
7556
1402
4103
683
1715
4938
10078
6739
7046
6814
2262
2628
3082
5396
4316
4796
9729
7758
8683
6294
7511
9754
8428
6004
2237
7
9738
4528
6127
2841
5141
6830
7245
8670
10304
162
7108
3695
1777
10250
3422
966
4673
1731
6575
2171
5213
4042
670
600
5267
7522
2913
7891
2498
3050
7287
8966
5871
7224
8651
7429
5284
5227
242
4733
9828
4030
3872
7264
5333
6386
2331
2927
6041
2480
6208
3355
1348
6113
3726
651
3142
8590
2363
4897
7953
3529
4301
5421
4552
3071
5850
10200
2150
1534
7455
8124
1619
1637
4821
8007
1994
2979
6569
8673
2944
1200
3092
519
3245
5626
7422
2398
4966
7695
1605
673
6807
4428
1258
8042
8528
1632
2078
3522
10249
4670
9315
3891
3224
5828
6753
3287
6110
8897
4590
2100
6848
5521
3429
5892
8030
7872
3264
2463
8301
1448
733
8552
8821
7355
2192
2965
2658
7142
5595
3953
4651
1178
897
7726
2910
8733
5935
7529
1886
4124
3455
6689
5210
2380
821
6486
5433
4007
4851
697
7926
112
4420
5300
7117
934
1019
2710
8520
4247
1686
6889
5820
1489
6648
3006
8594
5692
6223
5158
3571
8697
3754
4285
9019
8934
7672
332
5040
6337
1990
2858
8211
2743
873
101
1768
9575
10158
6217
6263
5572
1111
548
456
4870
5032
3691
7236
7592
6431
8873
2286
8357
2542
5005
1566
8018
5278
7123
3002
4457
219
6058
9899
9851
3550
9717
9111
4503
6954
7895
1310
8403
4140
851
8285
10149
4697
10231
91
2781
2084
3926
4594
4934
39
5650
5019
6160
1952
6616
1837
9040
402
4211
6437
1241
64
7571
7754
8420
8851
1313
5946
8247
3672
4520
6298
5591
558
6818
1389
9819
542
1040
2624
1167
1793
9773
2727
6280
9005
1931
5803
4873
4357
7060
9175
1327
10141
6531
8457
1184
630
5111
2713
8503
7691
1032
870
3592
5757
8140
4403
3236
5671
1005
10168
9499
462
2641
4018
9975
9032
10302
8870
2067
35
9451
7550
3895
2049
9916
9355
10265
1736
10080
2772
6204
298
9718
3827
5543
6252
4155
5288
6601
6941
3056
7268
8883
5122
2276
7582
8128
7013
7810
8442
1538
1998
8229
3681
4342
9301
6515
9249
5742
1344
1915
883
176
7104
1980
1129
9389
3741
431
1149
8961
9650
2620
7027
5856
2156
4222
8424
6008
8269
4275
5055
4524
5682
9129
1479
2494
3293
7228
961
1676
6879
7643
1365
6462
6409
1862
9592
3813
4442
9516
10040
8342
2654
4229
2557
6844
2603
7827
1444
6702
1122
6415
3268
3810
598
10120
3582
4128
5899
7035
428
9365
7681
8155
10142
1174
2199
9122
4883
6290
9284
153
420
7741
5129
1465
18
73
9344
2394
6865
1379
1909
5581
6706
2948
1963
6509
9796
9992
6362
1055
301
6135
7293
4961
3228
5824
3643
8222
4424
9192
7813
10232
8524
9055
3099
2791
2074
1254
8275
7010
4269
