3465
3554
118
119
3876
518
1251
518
2969
3090
1641
2602
2618
2602
2044
3770
91
929
2975
2208
3334
3091
3777
1749
2938
1988
2938
1967
2938
2684
3267
2397
1241
1406
1241
1594
1884
1595
1884
3408
818
572
1990
338
339
388
2657
2249
2218
1455
1273
3242
1273
2272
2619
3591
2619
715
2619
1198
1197
1006
1005
1605
3997
752
1954
2649
1954
1935
2621
3485
2621
808
2368
2707
3260
1742
3990
4011
3990
988
3990
1577
3990
1614
3990
1558
3990
127
192
193
192
550
969
553
969
2597
2587
3037
2587
3367
2587
3241
1767
2336
1767
1612
1767
2332
1767
2327
1767
1976
1767
2805
1767
1978
1767
2338
1767
3073
1767
427
1767
2333
1767
1979
1767
2335
1767
3071
1767
2326
1767
495
1767
1455
1767
800
1767
2343
1767
3074
1767
2942
1767
1989
1767
3842
1767
1738
1767
2337
1767
860
1767
474
1767
2329
1767
2655
1767
1982
1767
1736
1767
2328
1767
4127
3184
2273
3184
1414
3065
1735
714
1205
3726
2399
3726
3196
2620
650
1991
3938
1136
1715
2909
523
532
2292
2745
2435
2047
806
1240
752
1240
3116
662
2472
662
2477
662
735
2165
2574
2726
1840
1079
2784
2912
3559
2912
2917
2912
1824
3091
3285
3091
3871
3091
1922
2232
4041
832
465
832
4064
3147
2603
3147
3423
3147
4086
3147
2738
3147
2061
1462
457
462
2200
2540
1969
3714
3446
3714
1968
3714
731
3714
3448
3714
3449
3714
815
1832
4218
4190
4262
4190
3042
3036
4131
3036
1837
2079
2487
1165
2460
1165
2157
1662
3136
1662
1840
1662
3982
1662
3801
3744
2820
3744
3310
2840
2376
1047
2916
1308
4130
1308
563
1532
320
194
3998
2136
3952
991
3239
3706
3066
3706
2979
2420
3397
2420
2764
3179
1561
1714
3119
3299
3115
3299
2471
3299
3988
3299
257
218
4011
767
2981
767
4014
767
1707
767
838
1969
781
1294
773
1294
3846
2376
3263
2376
2049
2376
2505
2457
1750
3649
956
954
1750
2419
964
2797
2735
2873
880
2005
2855
2707
2493
2707
4017
1339
3131
990
4226
4222
4273
4222
2445
2421
3303
1818
1755
884
2804
884
2736
4051
2857
2841
3317
2841
2507
2841
2425
2387
2219
3496
1574
3496
945
3496
515
2682
88
3289
3619
2017
3619
2847
2402
2828
2402
1183
2402
3126
2402
3495
2402
1182
2402
1558
2573
3985
2497
743
1518
2813
1518
4192
4225
4272
4225
2754
2752
180
200
772
3105
772
3105
4121
3365
3191
3365
690
3365
2201
2541
2518
1827
2519
1827
2750
1827
1713
1827
2526
1827
1978
513
2329
513
3348
2566
3178
2566
3841
1391
783
1391
3980
3954
1794
1781
1307
3162
65
4171
1180
1447
1174
1447
230
313
263
313
2673
1235
3773
1235
3087
647
1228
647
35
21
4089
2730
82
26
3922
2324
3968
2465
3820
3796
2237
1915
1015
591
804
591
312
310
3323
1851
2177
1851
2531
1851
4074
2213
889
2213
2214
2213
2754
1679
1911
813
2008
1120
718
1120
2553
1527
3578
1527
4
2866
1701
3598
4106
3598
3428
1278
2800
2933
477
1481
2516
2062
3343
3456
3457
3456
942
3456
949
1742
4081
1742
4075
1742
2321
3655
3441
3583
1472
3282
1471
3282
437
2363
1040
1551
877
1551
3268
1551
1939
2636
2293
2636
1730
479
3604
479
1994
1119
1993
1119
893
1550
3306
1550
857
1157
1153
1157
848
806
3940
696
2579
2206
2231
2206
2230
2206
3342
3325
3530
3325
732
3325
1418
3211
3824
3211
477
1480
3980
1087
2504
1087
2897
3348
4246
4204
2674
1121
1785
1121
394
755
369
755
361
755
1103
1102
1936
3200
4153
3200
1016
590
835
590
3440
3439
1902
1605
1334
1605
946
1605
2144
1850
2717
1850
1096
1850
3492
4129
345
4129
3808
506
1273
3232
3731
3232
870
2731
2402
3241
10
1611
1780
2043
1780
3412
1780
73
685
3000
3318
1219
3207
400
405
2374
1972
1047
1390
745
1390
379
390
1406
3220
1189
3220
2588
3021
1837
972
17
848
1405
1865
2987
3420
1685
1372
1685
1415
1685
414
1685
3712
1685
3479
1685
235
189
133
189
909
780
1973
3681
2340
3681
3582
3681
2652
3681
1971
3681
2559
2180
517
1506
2337
3227
1736
3227
483
850
14
4165
719
605
598
605
4077
3019
2610
3019
3188
3019
46
2250
1719
1590
2074
1590
3840
3057
1343
3057
1845
2102
1845
2102
405
1755
3866
1755
2676
1755
1815
1755
2663
1755
1403
1755
1038
1755
2012
1755
3876
1755
3867
1755
1162
1755
1251
1755
1722
1755
1651
1755
704
1755
1175
1755
3924
1755
1716
1755
798
1755
2010
1755
2674
1755
874
1755
552
1755
807
1755
3875
1755
744
1755
1188
1755
1712
1755
3513
1755
828
1755
1489
1755
3925
1755
1785
1755
814
1755
4
230
2139
2121
2713
2121
370
2121
2165
2087
2515
2087
2489
3305
344
1303
990
480
1760
480
3125
480
177
122
1694
1696
4134
1696
2469
1806
2265
2774
811
3002
3984
2157
411
550
2987
2119
2128
2119
3112
3276
3851
3276
3304
3276
1319
1479
1587
1479
1830
1479
411
551
3468
1316
1602
3394
3963
742
2213
2535
2964
1062
742
481
1376
481
740
481
2371
1266
2891
2878
1409
527
823
527
2145
2120
370
2120
2090
1813
737
1813
3918
1813
2106
2436
2108
2436
1571
2436
2498
679
3315
851
1401
851
2362
3738
2281
2251
2535
1591
3578
1591
869
915
3545
3896
2850
2835
2527
1647
984
1647
985
1647
3978
1647
3641
1647
3267
447
2342
447
2707
781
2042
781
2388
781
2039
2665
2040
2665
3291
2944
3542
3854
1717
2181
1894
2181
2638
2181
3153
2181
3156
2181
378
391
387
391
944
2578
2885
3020
3351
3020
2024
3766
1396
3766
1061
3766
4112
2227
1567
2227
456
1513
3930
827
4092
2743
1484
3668
651
3668
1964
3668
1754
3668
428
3435
2615
2771
4114
2771
3148
1362
1589
1212
3147
2124
242
145
4192
4193
359
1932
3711
3636
3883
3636
3243
3063
579
1016
490
3577
1589
688
78
403
408
2348
408
918
3329
4057
3329
1839
3838
1839
3838
808
3866
1852
3570
1627
1209
486
1209
66
1796
758
3171
3024
3171
3024
1860
1608
2806
2940
2943
2940
2024
3754
1396
3754
1061
3754
2726
2163
3019
2163
3158
2163
1405
1238
1177
1238
2538
4041
4057
4041
1281
2941
3688
1639
910
1639
2533
2468
1888
2468
2482
2468
412
784
2569
4032
3483
4032
1729
2184
729
3781
3092
3781
3093
3781
1613
4000
393
394
2239
1918
2269
2897
2246
2897
680
2897
3377
2897
2835
2973
2075
2973
2080
2973
524
854
2278
2254
1974
3659
1609
1594
3022
1594
2032
439
3543
439
1068
2676
2683
2676
2150
4007
1591
1869
1760
1869
1474
1869
454
484
485
484
3539
4011
4181
4226
3580
3526
2616
2770
548
554
1262
1275
3768
1275
3100
1003
4040
1569
564
569
3518
2875
556
2003
1759
3387
1906
1554
1315
1554
2888
1554
67
36
1606
3506
3508
3506
983
3506
799
3506
834
3506
2993
3506
4164
3380
1486
1484
2678
3544
918
2538
554
2302
825
2302
4138
2269
2296
869
1772
2321
206
272
295
272
609
2668
1654
1439
595
594
586
594
1728
2575
2737
4020
4039
4020
194
181
241
181
2455
3103
2453
3103
1580
1854
40
2287
4098
4085
1636
3373
48
918
3866
1394
3513
1394
3069
3672
500
3881
1727
1784
725
2476
3086
2357
1065
639
418
639
2340
2319
1984
2319
3018
4027
2746
4027
2876
4027
2077
3514
3911
2838
1835
1163
3430
3116
1841
608
606
608
2086
608
4003
3309
2584
1758
3016
1758
3437
1758
2898
1758
2592
1758
1848
2699
3415
2699
3046
2699
1881
2512
851
2809
1784
2809
3608
2809
2008
2809
3289
2809
1444
2809
760
2809
3254
2809
1509
2809
1179
2809
2662
2809
2006
2809
1032
2809
1406
2809
2018
2809
3887
2809
3257
2809
611
2809
1228
2809
1189
2809
2011
2809
3815
2809
691
2809
2687
2809
2017
2809
630
2809
3403
2809
1407
2809
3862
2809
768
2809
3909
2809
718
2809
464
3966
81
777
3938
2698
1408
2368
1688
1039
1688
2365
1688
759
1688
3861
1688
746
1688
3747
1688
3707
1688
2021
1688
1411
1688
3808
1688
1329
1688
3085
1688
3888
1688
582
1688
2004
1688
3773
1688
3086
1688
2666
3696
3772
3696
3537
3696
2375
2320
2557
2734
3932
2016
3946
2016
2970
2016
60
1908
4090
933
932
933
932
59
3445
4076
3609
1124
2346
1124
813
3464
873
3464
947
3464
3882
2812
2523
2509
145
275
298
275
1944
362
4274
4191
3640
1711
1944
3197
2906
950
2605
950
3501
4067
1620
4067
3595
4067
3358
2748
3515
2748
3354
2748
2326
1290
2343
1290
131
319
317
319
3974
1039
3610
1039
2045
1039
3623
3068
3247
3068
1725
3190
3052
3190
4017
880
3402
880
1846
880
1902
3471
4068
3471
94
213
335
2272
2628
2272
3959
994
2575
1729
4100
1729
3503
1729
3168
4060
3169
4060
615
872
388
403
228
217
169
217
2583
1906
4177
683
4020
3977
2995
3977
3145
3977
2094
1176
1843
1176
2096
1176
2180
2168
3151
2168
705
753
328
753
326
753
3507
3970
2197
3970
834
3970
571
572
567
572
3940
1603
2766
1913
62
2985
2978
1493
3814
3882
3814
1179
1233
3815
1233
1647
416
815
416
2556
2544
378
379
371
379
2734
2463
2173
2463
2724
2463
1545
2463
2483
2463
2189
2463
3981
1616
596
3608
793
515
2077
515
2251
3424
3560
3424
1927
927
861
927
348
927
1016
2365
3637
2365
835
2365
1427
2365
1698
2365
803
2365
1507
2365
1346
2365
3885
2365
3477
3806
2383
3806
2072
2424
2694
2424
2852
2844
1580
3984
2203
881
3347
881
1491
3844
784
2935
3245
2935
1167
2935
2333
1291
2326
1291
3554
2215
3596
2215
1677
2215
3950
3926
3111
3926
984
815
2524
815
2123
815
1317
1710
4042
1710
546
1008
1998
1008
803
1347
2955
1347
4099
951
3065
1951
2655
1951
4149
347
4053
710
563
2008
936
1815
581
1815
2098
1815
1932
2624
2275
2624
1933
2624
2628
2624
1036
3826
3493
3826
178
235
135
235
2549
3615
2379
1244
730
1244
3955
3944
1628
3944
3464
3416
813
1881
873
1881
947
1881
3456
2533
58
23
79
105
3932
3906
3946
3906
2970
3906
3588
1927
3521
1927
2629
1927
2910
3369
4251
4197
455
3108
3901
1515
872
616
1046
616
619
2663
1907
3645
957
2336
840
2336
962
2336
3482
3481
476
1379
790
1379
9
3260
3628
2694
3628
2388
3628
3896
2833
2455
2833
2453
2833
3838
1416
1602
1416
3447
3446
1528
3446
1832
3914
3561
3404
980
3404
698
3404
1093
2966
304
290
170
290
1
913
1017
603
1546
603
716
1572
2688
3094
3902
3870
1895
1753
3441
3566
3598
3358
2436
1168
3911
1168
2562
2176
2008
3877
3909
3877
1047
1683
696
1683
1194
1683
787
1683
3841
1683
3800
1683
745
1683
627
1683
503
1683
1588
1683
486
1683
3772
1683
778
1683
782
1683
625
1683
1646
1683
1548
1683
3779
1683
2811
1683
1659
1683
3912
1683
1664
1683
1193
1683
1070
1683
1326
1683
783
1683
2360
1683
3799
1683
2361
1683
1514
1683
4178
906
2170
3139
3146
3139
2998
3139
3571
3295
428
1403
1655
3538
2221
1872
923
1872
563
1994
3971
729
801
1880
4013
1880
2415
3076
3621
2039
1503
3251
3573
1305
2378
1950
1037
1950
4067
711
4262
4189
4182
4189
1480
1115
481
1115
466
1612
894
1723
3452
1723
297
280
197
280
2179
3144
2546
3144
3953
3144
876
4092
4104
4092
3649
3874
2419
3874
2723
3561
2816
1033
820
1033
2550
412
1492
412
1671
412
3459
412
3299
759
459
1208
2358
1208
4054
4035
2232
1609
2611
1609
2971
3256
2866
340
1568
717
2366
1764
706
1764
1852
689
1751
689
784
2044
784
2044
2249
1920
401
409
3542
3289
3296
3289
2515
3411
2513
3411
3316
3411
128
186
303
186
1725
1921
2082
1194
2852
1194
3964
3940
3985
3940
786
3940
2858
3940
4012
3940
2446
3940
3080
2654
4076
1887
3603
1887
3345
1887
3172
1887
4087
1887
3486
438
3757
438
4163
2276
4024
1868
3163
1868
4070
1868
484
3901
3368
876
342
876
1405
1239
1252
1239
2593
2584
2102
3821
879
3821
1845
3821
4182
4184
3533
2469
981
2469
855
2469
1186
1638
2141
3947
364
373
2613
1919
2528
341
372
1957
380
1957
3261
3910
3265
3910
2822
3910
2243
3432
662
1675
1102
1675
758
1675
3754
1675
994
1675
1203
1675
1633
1675
473
1675
3623
1675
1269
1675
743
1675
771
1675
2019
1675
2813
1675
3551
1675
1980
1675
1737
1675
756
1675
1658
1675
762
1675
3552
1675
526
1675
452
1675
3762
1675
998
1675
3484
3441
2768
3441
2604
3441
3
1076
3486
437
1172
3926
3239
3782
3239
2079
576
972
576
2103
576
571
576
1476
1568
3956
1568
3401
3400
1332
3400
738
3400
3395
3917
4044
1902
3899
3407
3842
475
474
475
208
293
226
293
753
1475
4084
1475
3981
902
3886
3817
975
3817
3380
4127
1643
4127
3766
3420
3435
3420
2424
3420
3850
3420
1262
3420
1205
3420
1094
3420
1418
3420
1050
3420
3939
3420
1654
3420
1704
3420
1268
3420
3824
3420
629
3420
694
3420
1585
3420
3768
3420
1661
3420
3823
3420
534
3420
1709
3420
3822
3420
788
3420
2948
3420
1293
3420
842
3420
1569
2539
3450
2539
704
568
828
568
3990
1576
767
1576
3997
3427
3496
3427
2539
2172
2720
2494
684
2494
3806
675
635
3810
2334
3810
3282
957
3105
1341
3391
1341
2176
2454
3995
2454
763
2454
920
919
920
919
2941
1297
771
1297
2409
3847
1278
1373
850
1373
1212
1373
3860
1373
1002
1373
1650
1373
1112
1373
1099
1373
995
1373
3429
638
1064
638
398
3987
404
3987
648
3921
2137
2839
2652
2318
3646
2318
1795
3801
3583
1876
3005
1876
3606
1876
4058
1876
2211
1876
2938
868
1815
2384
2277
2268
1112
1438
1718
1438
1800
2669
3269
2669
4091
887
471
3840
1007
2794
181
318
3084
3072
3339
921
3155
921
3340
921
3615
3980
3141
3980
4006
3980
2487
2704
515
1409
2997
920
2174
920
1572
3194
3386
3194
1573
3194
2787
3194
2253
3194
2816
1044
1036
1044
3182
4064
3028
4064
1016
1689
2021
1689
1981
1689
3418
1689
1329
1689
2323
1689
3622
3133
1858
3476
185
253
1710
764
1685
3675
1703
1717
2463
609
1312
609
2486
609
1477
609
489
1340
4069
3015
462
2808
2005
2808
1484
2808
802
2808
857
2808
2432
2808
3724
2808
3764
2808
831
2808
1095
2808
1177
2808
1417
2808
817
2808
1153
2808
1754
2808
1000
2808
2478
2698
2461
2698
1945
1759
793
1412
2077
1412
3106
2962
2066
2033
2076
3974
2086
3974
3455
3974
2220
4094
4103
4094
183
195
182
195
2010
612
3875
612
848
723
2497
2115
2135
2115
471
2332
2879
2508
2996
2508
2189
2508
2188
2508
2741
2508
1688
3069
2036
2672
2481
2672
2679
2672
3700
3691
2284
2280
4100
1728
797
2905
2252
2905
4131
2905
2613
2749
1564
2749
87
46
1579
3961
2523
3961
608
1038
1799
2350
2048
2350
3769
2350
921
2169
1885
2169
3139
1075
2375
1154
2366
1154
259
256
224
256
2041
1203
1592
1203
1201
1203
1560
3467
701
3460
2981
1084
3431
4071
816
433
1537
433
696
1216
1626
1216
1879
1863
84
3178
4098
4107
4098
3502
3501
4160
1936
3514
3540
1532
1012
1321
1012
1424
1524
1419
1524
3415
3384
2985
2979
739
1366
739
1366
3629
1633
3458
1633
2023
1633
2121
378
2120
378
386
378
377
378
239
285
258
285
220
285
2776
3547
1166
1444
2069
1444
1806
2351
2701
2351
2067
2351
1564
1563
111
296
306
296
2594
3510
2761
3510
2893
3510
192
240
911
335
2624
2615
3538
1824
1344
3886
798
1009
552
1009
43
2281
2046
2327
3523
2327
1172
3733
1672
3733
3874
3517
862
3517
3023
4024
3867
644
3924
644
693
965
1755
1965
3903
1644
649
2415
2116
2009
2029
2009
2192
4046
3033
2891
2763
2891
4155
2224
624
824
3890
3786
3082
3786
2703
3112
1560
1335
3174
1335
826
563
559
563
2421
2947
758
444
756
444
3983
2516
4019
4004
883
3588
2726
633
3013
633
980
633
2723
633
2561
633
1612
1378
3073
1378
357
366
3079
366
4146
3521
3647
3521
1509
2313
3236
2313
122
294
307
294
3947
524
2686
524
794
524
2055
524
2100
524
757
524
3157
4016
2864
4016
2721
4016
585
2012
2697
3109
3999
936
2287
2263
3525
863
3329
3593
615
2816
1212
1433
501
1433
2838
3292
3113
3292
3117
2084
711
3138
2175
3138
974
3138
115
116
3757
3631
1672
3631
3025
3343
3895
3642
3071
2306
2942
2306
2117
2693
2912
2777
2781
2777
2519
2154
357
2803
4010
2075
261
314
262
314
260
314
231
314
1849
1169
3974
2038
3321
2984
3137
2984
522
3861
3329
3574
912
3574
192
254
2760
2890
2961
3750
2859
2472
3608
3612
2011
3612
3319
3313
3319
3313
4176
3054
2899
3175
1613
728
1876
2503
212
178
179
178
1169
3757
3524
3757
1534
3757
1662
521
3434
3397
2850
2080
463
487
367
375
2633
4126
3199
4126
343
4126
147
150
182
150
3914
3271
2051
3271
2087
802
3938
802
723
519
1663
519
455
692
748
2202
3026
2202
738
2202
4156
3390
3527
2150
3580
2150
826
557
3965
557
916
2894
2901
2894
2587
2221
3364
2221
3266
3850
2821
3850
2028
3850
679
821
3541
821
1185
821
1679
397
3586
397
1803
473
3610
2369
2045
2369
1505
787
1896
2187
551
968
554
968
4162
3378
1548
441
3779
441
3133
2980
2125
2980
1611
1976
2043
1976
3412
1976
2944
3761
2947
3761
805
1106
2370
1106
3889
2939
3934
2939
3557
1641
3556
1641
4127
4123
2273
4123
565
3857
4101
2219
3281
1673
64
338
1481
1597
3766
1597
3435
1597
3850
1597
1262
1597
1205
1597
1094
1597
1418
1597
1050
1597
3939
1597
1372
1597
1704
1597
1415
1597
3824
1597
629
1597
694
1597
1585
1597
414
1597
3768
1597
1661
1597
3633
1597
3823
1597
1267
1597
534
1597
1709
1597
3479
1597
3713
1597
3822
1597
788
1597
1293
1597
842
1597
2635
3050
3053
3050
349
3050
3090
502
1761
502
2405
502
2568
819
705
819
900
857
2964
857
3942
857
663
3891
264
261
210
261
1715
2618
3462
2257
59
28
1562
2908
355
3051
1569
1640
1912
1640
986
1640
143
144
3992
3933
627
1035
1048
1035
837
440
3543
440
2742
2981
2536
2981
1904
2981
870
2981
2211
2981
319
173
130
173
1513
3224
1586
3224
3484
2562
2880
2562
2241
2562
339
2220
2597
2220
2765
2220
1597
3686
609
820
3073
1113
1736
1113
2291
1725
695
1725
2215
3166
2750
3166
3034
3027
3031
3027
4060
1746
2518
1746
2750
1746
3160
1746
2526
1746
2769
4091
3563
2151
2253
2151
234
177
118
177
4172
2632
240
301
233
301
1084
2081
3312
2081
4051
2862
3602
2862
939
2862
2865
2862
2867
2862
2738
2862
1781
520
1172
520
3018
2127
4052
2127
1357
2066
1847
2066
3298
2066
2485
1078
3019
3013
2852
2078
3506
1066
3313
1066
796
1066
2372
1127
1646
1127
3939
1520
1372
1520
1186
1262
1637
1262
3558
1081
485
2432
6
3135
3601
1312
2801
3216
2600
3362
782
1151
3912
1151
1639
3663
83
25
2854
746
3581
746
2470
746
4120
3178
680
3178
2508
725
3992
725
1323
725
2489
2113
3301
1820
2420
1440
1396
1440
734
2737
2062
2035
3287
2035
2467
2035
3408
2035
823
3833
1586
3833
3908
3204
2945
3204
2722
1309
3237
640
3098
640
2947
3246
3584
2284
3839
3791
1360
3791
2154
1857
1713
1857
4023
1857
1555
1502
751
1502
3749
1819
589
597
4017
1338
1991
673
1995
673
3404
3957
2711
2106
2320
641
2353
641
57
2044
1441
2392
1441
3549
976
1176
1968
1996
1968
389
1968
1999
1968
1776
1968
1995
1968
1101
2354
466
1787
3767
1397
3531
1397
4071
1473
1873
1473
2582
1473
2886
1473
2081
2418
3297
2418
2854
1821
2470
1821
1331
3950
1327
1557
1
874
1150
1712
1150
354
1692
1693
1692
4157
1692
1368
1519
831
1519
3900
1802
3900
1802
1539
3006
293
249
296
249
104
249
995
1375
1718
1375
745
1487
1326
1487
4047
1080
3966
3451
1168
1521
723
1521
3937
1040
3723
2381
1991
1132
1059
1132
1506
1635
850
1635
688
1635
3926
1635
1168
1635
1341
1635
723
1635
1440
1635
1279
1635
1663
1635
3860
1635
1232
1635
1745
1635
1065
1635
1002
1635
418
1635
1650
1635
1112
1635
3406
1635
1410
1635
1099
1635
849
1635
1596
1635
747
1635
501
1635
667
1635
3392
1635
1599
1635
3782
1635
754
1635
1395
1635
995
1635
3765
1635
1245
1635
1718
1635
2114
2847
1415
536
3768
536
615
2427
3778
2791
3599
4056
4082
4056
1779
3235
2709
2701
2896
924
1914
924
589
1344
595
1344
2853
2451
1232
435
849
435
522
760
3563
1865
2635
2916
350
2916
2786
2916
3991
2547
1310
963
1311
963
25
2236
653
836
523
3623
2019
478
998
478
2544
3322
791
3322
2185
3322
2021
1466
1298
1466
2990
2491
3439
1678
1619
1678
2590
1678
3376
333
3777
666
2017
666
3039
3491
3492
3491
4131
3491
3428
1279
3329
2722
1304
2722
4123
2613
171
297
3000
1565
3766
3717
3850
3717
3352
4039
3164
4039
231
225
2554
3533
3534
3533
1929
2903
1532
1118
1734
1118
2771
3353
4093
3353
3462
3652
3722
3710
4034
2490
1660
3285
3372
2606
2246
2606
965
761
1910
761
2972
3747
2441
3747
2819
3747
2467
2450
209
257
3997
1073
1892
1073
1337
1073
4003
997
2395
1205
1814
1205
3865
2790
2131
2700
854
3740
3906
3740
1416
3740
3901
3740
3910
3740
3486
3740
1172
3740
2351
3740
3886
3740
824
3740
2816
3740
3757
3740
820
3740
597
3740
2354
3740
2380
3740
1036
3740
975
3740
1219
3740
1581
3740
1672
3740
3477
3740
3519
3740
2382
3740
3493
3740
459
3740
2358
3740
2383
3740
853
3740
810
3740
706
3740
455
2380
3301
1041
3267
3701
2820
3701
3088
3701
4225
4264
4193
4264
2776
3187
94
2058
2041
1805
1190
2748
3018
3892
2695
2468
2073
2
2805
1491
1997
4192
4228
374
2650
3184
3180
2409
2372
211
110
3754
3721
1633
3721
2227
2580
3445
2580
2969
1761
4032
3141
3365
2756
693
2756
3108
3097
3181
3173
3183
3173
719
2505
2565
2118
1689
3679
2444
2686
1813
2406
4121
4105
2614
4105
2079
565
972
565
2103
565
560
565
2913
3557
2914
3557
2212
3330
103
104
4098
2879
664
1666
3135
3302
3927
3302
3362
1333
3480
1333
943
1333
635
678
2227
3603
832
466
2107
466
3979
466
953
466
4003
466
1899
1478
1309
1836
1468
1836
1740
1836
1864
1836
633
2413
1180
3550
2946
3550
4069
3337
2387
3774
3272
3774
3099
3774
2168
3140
2530
3140
802
1963
2647
1963
2602
3032
2601
3032
4036
3032
2065
3264
30
2265
2363
865
2668
865
821
865
699
865
1063
865
2408
865
841
865
3244
865
1181
865
805
865
2032
865
2373
865
2378
865
766
865
773
865
1426
865
1037
865
230
221
2760
2581
753
1760
819
1760
4084
1760
2733
1760
491
1435
488
1435
2634
2627
2631
2627
343
2627
4276
4270
4229
4270
1306
2579
137
268
179
268
577
3994
2287
344
1805
1191
2263
1924
1928
1924
2069
1536
410
2651
2677
1247
633
635
3957
635
2473
635
2109
635
617
2315
1049
2315
4051
2132
1873
2132
2865
2132
2867
2132
229
305
258
305
1165
2040
3192
4093
4111
4093
1496
1116
1000
1116
1302
1940
3179
3163
1887
809
2172
809
3564
809
892
809
3906
512
2380
512
2223
2209
2420
2024
3538
699
3871
699
682
2608
384
2608
3043
2608
2283
2608
8
1915
734
3352
734
2214
734
3091
3254
1966
3678
1535
2932
3356
4096
4108
4096
3622
2063
1828
2063
185
171
1903
2212
3169
2212
2493
812
3930
509
1880
3124
2257
3560
422
3876
1632
1771
2046
2362
2385
2362
3426
1743
1877
3567
2755
2569
3030
2569
2946
3447
1772
1770
3591
2275
1934
2275
338
875
3026
3401
3194
4121
2258
4121
223
202
2907
3484
532
538
3755
538
4129
3440
2905
3440
2857
3911
3614
3911
3317
3911
3691
1676
2316
1676
2066
668
1798
668
256
245
219
245
2218
321
3313
3907
3319
3907
3488
3907
2543
2869
990
1103
1608
1103
764
1103
2982
1103
3128
1103
896
1103
2980
1254
1184
1254
3975
3417
3148
3417
3914
3820
2051
3820
2031
3820
704
575
2674
575
4125
2594
598
3900
1402
2918
3253
2918
2217
1897
3761
1973
573
1973
1173
1973
381
1973
977
1973
1017
1973
3889
1973
1546
1973
2342
1973
2660
1973
3887
3827
691
3827
1990
838
1991
838
2003
838
403
838
1176
838
1994
838
1997
838
1247
838
2347
838
2002
838
1180
838
816
838
1029
838
2348
838
3429
838
3469
838
1174
838
1537
838
1996
838
3650
838
1992
838
1059
838
1064
838
389
838
709
838
617
838
546
838
1528
838
1999
838
1998
838
1993
838
1049
838
2000
838
1995
838
795
2238
3391
3941
1942
1941
3640
2639
466
476
2689
357
356
357
3574
1468
2528
1468
2134
1184
2501
1184
2845
3932
1667
3410
4006
3981
3149
3981
1551
3832
1557
3832
2915
2784
3096
468
3275
468
1824
3841
3871
3841
1660
3841
3143
941
2129
1476
2715
1357
3600
1319
3605
1838
839
3927
2856
3927
3961
897
2193
973
2186
973
2183
973
3769
2394
1786
3800
3521
1575
598
3920
1711
4135
1717
4135
337
4135
973
2103
3120
2854
1596
1287
747
1287
2968
1269
3311
1269
203
190
136
190
3277
3807
556
1321
3689
1668
2471
2439
665
676
2653
3811
564
3811
3986
2484
2025
1538
36
1302
1675
3662
1771
3662
4119
3363
3459
1875
3153
3003
2265
3421
2279
3421
1931
3421
1929
3421
5
2206
2554
2327
770
427
770
102
262
22
184
479
743
1719
771
2074
771
1604
771
3567
3976
2525
3976
3326
3976
1366
1509
739
1509
852
1509
1829
1812
4065
3016
2028
1063
3973
1063
1491
2688
2107
1320
570
1734
881
4038
413
2408
927
3474
829
3474
2602
2758
3857
1024
2030
1024
1694
1699
2692
1809
767
1512
827
1512
3976
1512
1421
1512
2584
4066
3461
4066
4078
4066
304
302
941
940
4169
3196
2126
2116
2126
2116
3027
4070
461
1094
2592
3461
4093
2603
3359
3168
84
120
333
2906
3047
2906
1925
2906
2625
2906
3781
1139
2953
1139
2772
4077
3328
3323
1362
3622
1081
3622
3975
3622
58
38
3705
3697
3869
3697
3456
2729
3764
1272
3809
1272
2124
3960
940
3960
2130
3960
2124
2068
1069
1076
3968
1076
3893
1076
3553
1076
4090
3967
938
3967
4030
3967
937
3967
2155
3967
1197
1748
532
1748
1480
1748
481
1748
1513
1748
3577
1748
3814
1748
1409
1748
502
1748
1441
1748
476
1748
3784
1748
1726
1748
1187
1748
790
1748
491
1748
3916
1748
3755
1748
1171
1748
3915
1748
3845
1748
1100
1748
2356
1748
843
1748
1343
1748
961
1748
859
1748
1204
1748
823
1748
488
1748
1586
1748
384
2290
708
2290
4
1748
3690
1762
3690
1881
2711
2991
2711
696
1215
2360
1215
460
4026
2463
624
3958
624
3400
2710
717
2347
1041
2347
1693
1935
3647
1935
360
2291
82
114
415
3884
1133
1844
1251
533
814
533
3589
3511
3512
3511
987
1365
1576
1424
222
98
1674
3653
3822
1108
842
1108
2225
3352
4161
3585
4156
3585
4157
3585
4152
3585
4158
3585
4151
3585
4150
3585
883
3585
1943
336
2506
663
1859
663
107
211
3508
3507
2260
2616
2770
2233
2262
2233
2609
2233
721
3386
720
3386
3388
3386
2627
833
1884
1544
313
309
97
309
259
309
3951
3541
71
2436
3532
2021
1463
2671
1463
881
3500
3327
3500
2534
3500
2632
2913
3379
2913
2629
2913
402
966
407
966
456
1978
4150
3379
2463
978
1476
978
1313
978
3463
978
1683
1966
68
1879
463
1494
463
3776
2379
3241
544
2655
544
1843
1833
2450
2416
2577
3527
3539
4014
904
1663
2577
1336
76
2179
3520
2711
2108
3322
2515
2676
424
1162
424
2549
4006
358
365
1745
2927
2936
2927
3648
4044
724
4044
2264
2244
1614
1533
2894
2881
2503
844
1083
844
1810
844
1796
3784
3639
935
2390
2951
1555
2951
3170
3008
3393
2815
3583
1624
3331
1624
3606
1624
4189
4198
4183
4198
3276
2950
54
3042
3039
1333
748
5
229
1066
3867
3736
2305
1299
2305
1031
2305
1517
2305
2648
3751
3929
3751
94
41
2604
2880
1841
2076
815
1068
1898
2872
3503
3576
467
3860
4179
4273
4275
4273
3004
2994
1479
2403
113
199
210
199
3996
3637
3278
3637
3284
3637
2170
2683
3146
2683
2998
2683
4174
2139
3032
3176
3814
3630
3845
3630
2581
2572
2113
2094
4064
3602
3033
2753
2763
2753
728
3303
728
3303
808
3890
3545
3767
2453
3767
992
1587
3884
419
3856
419
3277
2954
2054
1621
1915
3589
2225
3589
479
1368
2484
457
1494
457
2434
457
3101
457
714
376
2151
376
720
376
3477
3760
3519
3760
1078
421
2105
421
3993
421
1077
421
3006
2990
2871
2990
1795
1657
2370
1218
492
1218
1642
2273
346
2273
1643
2273
2877
2197
2590
1619
3111
707
2295
797
2827
3897
2749
873
393
1938
2121
387
397
387
386
387
3314
387
2910
2241
3907
3851
483
841
3170
2884
2627
4122
1836
3391
1947
682
1587
3270
1830
3270
391
402
3568
1975
3569
1975
1704
1105
842
1105
3120
752
2848
752
4269
4219
805
497
1724
497
567
573
2474
2090
1365
1602
774
1602
3396
1602
649
3277
3861
541
1507
541
2665
1232
775
1232
76
55
2169
2147
1722
540
1716
540
2856
2462
4091
1912
4083
1912
2038
1036
2428
1036
878
2091
4002
2091
2122
2091
4038
3433
2522
3433
2534
3433
3346
3165
3548
1726
1505
1745
1931
3047
33
2240
2806
3684
1986
3684
3282
840
1228
420
768
420
4021
2991
4021
2991
4173
1909
3750
3226
630
3226
2
4094
1620
2090
1179
737
1179
3918
1179
3041
2767
3040
2767
2438
2065
2101
2065
314
161
312
161
1066
1065
1779
3244
1678
2179
3425
2179
657
3206
1802
620
3900
620
3249
620
2139
2714
716
2714
721
2714
3984
3136
990
909
3125
909
3128
909
1616
1420
902
1420
3422
1420
2180
1840
3151
1840
4047
1840
3611
1840
2530
1840
1173
2308
3016
2532
3437
2532
2898
2532
608
745
2284
726
1575
726
2027
2662
2398
2662
1456
2662
3068
3214
2617
4115
3370
4115
358
3079
3129
1091
3286
2036
213
141
0
912
524
1540
1997
1147
3469
1147
1717
4097
4102
4097
3304
2832
2690
2832
1912
3450
2151
4124
1865
4124
2128
4124
2963
1541
2680
1541
1088
1541
2002
602
1999
602
2187
1090
994
1497
743
1497
714
1573
3436
2518
183
146
3959
1752
3443
2105
8
97
95
3958
975
3642
1402
3805
1402
3353
3457
724
1682
1876
3951
3143
1841
2336
1387
2332
1387
3045
3375
2587
938
3364
938
3566
3005
3531
3797
3843
3797
2566
1873
4085
1873
3173
1873
4096
1873
574
1797
567
1797
1742
1707
3933
619
1324
619
3132
619
2860
619
1323
619
2499
619
2324
657
3076
657
2391
657
3632
2339
1804
2818
3930
1421
3963
1376
760
1457
1189
1457
1949
368
2663
621
3875
621
3481
1419
3288
1419
864
1419
1990
587
2000
587
897
2969
898
2969
3637
3790
3885
3790
352
2294
3166
2551
1870
1363
755
1636
3384
1636
1725
1636
875
1636
4135
1636
3386
1636
3383
1636
4058
2742
854
535
1416
535
1569
3490
3450
3490
986
3490
818
2481
2516
2481
362
1933
1581
3062
853
3062
418
436
849
436
2416
2679
1102
1213
1603
1213
2875
2527
3460
2527
2586
2527
1527
1866
2521
1866
749
1866
3145
1866
4015
1866
822
878
44
2278
2142
3497
2289
2915
4027
2851
2484
2851
2616
2235
2262
2235
2245
2235
584
835
1339
1730
1475
1730
1338
1730
1700
1730
4043
1730
1474
1730
2868
1324
3097
1465
3808
1465
686
4054
4079
4054
3648
944
3648
944
1806
665
2701
665
2067
665
1655
665
1303
2781
2915
2781
2917
2781
3049
2781
2193
2162
2186
2162
4089
2162
2183
2162
2210
2162
619
2447
1576
2827
1547
1020
599
1020
1797
578
2415
2391
2779
1566
105
106
2011
1021
2052
1021
1154
3700
2351
3700
700
3700
3453
3700
2353
3700
2358
3700
2500
2972
2972
2390
2968
2390
2830
2390
2408
3741
1607
3741
746
3732
3747
3732
2279
2780
1887
987
2957
3707
1708
1731
2514
1731
3575
1731
86
630
1057
3403
1057
2009
1019
2007
1019
3560
2605
3376
2605
2625
2605
2262
4145
2260
4145
2862
2850
2573
2480
4014
2480
1707
2480
988
2480
1577
2480
1614
2480
1590
3711
976
3711
3839
3711
1015
3711
3253
3711
1060
3711
2026
3711
2034
3711
528
3711
1783
3711
600
3711
1485
3711
751
3711
487
1206
762
1206
3378
4128
2786
4128
2202
2550
1818
1002
3917
1002
728
1002
987
774
1632
1774
585
2002
2570
3157
3969
3119
3960
3293
2472
2696
2477
2696
3430
2696
2774
3592
2903
3592
4118
3592
3251
2806
1087
3288
2687
3087
699
2303
1653
2303
89
131
2512
3121
2991
3121
4021
3121
4178
4155
3935
2019
2050
1250
3633
1250
3036
2590
3491
2590
2076
2057
2086
2057
3455
2057
777
3102
416
3720
427
3720
2226
2755
3366
3181
681
3181
2003
731
1994
731
3250
731
1152
731
3429
731
3469
731
1064
731
617
731
546
731
1049
731
1758
2506
981
2506
2164
2506
2161
2506
991
1987
3083
1987
1778
1987
2327
3727
1976
3727
4009
2685
904
1180
2963
2021
1089
2021
1807
2405
560
566
1579
1578
618
2020
3800
1227
3912
1227
2165
2513
2650
3238
364
3238
1163
1162
1400
1162
1855
1162
10
1944
1408
1665
2426
1665
423
1181
4057
465
325
465
719
3996
313
289
304
289
1897
324
1165
730
776
730
3315
1835
1747
2647
3133
1251
1828
1251
2125
1251
3504
2591
2596
2591
3102
3266
2503
3312
3872
3613
1546
3613
1933
2266
2630
2266
4028
1878
2363
866
781
866
3544
866
2668
866
821
866
699
866
1538
866
1063
866
1424
866
841
866
1181
866
805
866
1490
866
2373
866
2378
866
1549
866
1653
866
2370
866
837
866
2377
866
766
866
3763
866
3543
866
687
866
492
866
1426
866
1277
866
1724
866
1037
866
785
866
2157
3120
3433
3120
3136
3120
1833
3776
2094
3776
2096
3776
482
2813
481
1436
488
1436
3870
3551
3943
3551
2410
3551
931
933
3587
933
1169
1535
3524
1535
1170
1535
1856
2479
1328
636
1656
636
2466
363
1848
363
3566
3331
3195
3643
861
3643
4158
3643
3740
2316
700
2316
2353
2316
2807
2316
3425
3342
2435
2673
3849
1219
893
1219
3306
1219
1921
2597
3638
2597
361
2597
2258
2597
1813
2050
2206
3991
3161
3991
3534
3991
4038
1618
3327
1618
2522
1618
1621
1257
528
1257
2973
3261
57
2641
4155
1939
3390
354
2640
354
3053
354
2402
1187
1281
1980
1107
1980
2667
1980
1788
1980
2134
2976
1711
1894
2639
1894
897
1221
702
1221
858
1221
707
3629
1832
418
3894
418
994
1369
1788
1369
462
1202
2423
1202
1906
3150
1315
3150
2888
3150
4227
4223
1669
3336
300
271
291
271
121
271
194
196
198
196
954
1006
955
1006
958
1006
2682
3771
405
3080
3866
3080
2676
3080
2663
3080
1403
3080
1038
3080
2012
3080
3876
3080
3867
3080
1162
3080
1251
3080
1722
3080
1651
3080
2675
3080
704
3080
1175
3080
3924
3080
1716
3080
798
3080
2010
3080
2670
3080
2674
3080
874
3080
552
3080
807
3080
3875
3080
744
3080
1188
3080
1712
3080
3513
3080
828
3080
1489
3080
3925
3080
1785
3080
814
3080
4126
3368
2248
3368
2632
3556
1575
3556
2783
3556
839
3127
3926
3066
1440
3066
2003
1013
1994
1013
3251
432
837
432
3258
3081
3259
3081
736
1862
4275
4214
3938
1135
662
1632
1102
1632
758
1632
3754
1632
1203
1632
1633
1632
473
1632
743
1632
771
1632
2019
1632
2813
1632
3551
1632
1737
1632
756
1632
762
1632
3552
1632
526
1632
1782
1632
452
1632
998
1632
2001
1632
4052
2746
4204
4196
2559
3151
2015
1220
293
279
225
279
262
279
3554
3359
2238
3359
1677
3359
2200
2725
1618
1178
1478
2166
1697
2166
1561
2166
3283
2027
1198
1981
2618
1562
2731
3539
4046
3539
2536
3539
2394
3724
1747
3724
2401
3724
3831
3724
1422
3724
4152
2640
4054
4033
2474
737
2220
1908
4103
1908
1832
2051
1922
3186
2654
3673
1965
3673
3847
1051
1326
1051
1945
908
3373
3372
3941
1737
772
1737
3100
1737
2622
3035
2002
2309
2000
2309
552
562
828
562
2728
981
3087
3704
2397
3704
1801
3704
2052
3704
725
2440
573
1027
2007
1027
21
185
3836
1166
4055
2178
2421
2820
1143
3746
392
3746
3911
3113
3936
632
1318
2135
1317
2135
4042
2135
1407
2312
2264
2262
3411
862
502
1432
1100
1432
382
2013
2809
3078
558
3078
759
3716
3747
3716
1897
2520
323
2520
3010
2520
127
128
4193
4221
4264
4221
1889
2521
4045
2521
3851
2375
3304
2375
2690
2375
3997
2487
1892
2487
1337
2487
572
2006
2269
4120
3372
4120
2881
2557
2572
2557
2207
2557
290
163
263
163
99
163
2696
3494
3848
3494
1836
2692
2950
2802
2532
2519
368
369
2708
2473
2063
2397
2963
1418
2680
1418
1088
1418
3973
2821
4063
4050
3196
894
2270
894
698
980
698
980
3124
2441
2456
2441
2459
2441
2441
2968
88
167
2018
1354
3257
1354
3398
2787
3511
4057
1905
4057
2883
939
2692
3106
3933
618
1324
618
3132
618
2443
618
1323
618
2499
618
605
3609
1197
1284
3915
1284
2999
2857
3294
2819
2718
2502
2073
1050
2448
1050
1325
1050
2677
2338
229
239
3018
2565
2746
2565
2876
2565
2835
2678
2075
2678
2080
2678
2685
2678
2829
2678
2834
2678
4041
1613
465
1613
2520
1613
1883
1613
2282
2279
539
1722
3121
879
114
115
1171
1236
843
1236
2204
413
1492
413
1670
413
2123
413
949
3454
4081
3454
4075
3454
3415
2466
2702
1491
3923
1491
736
1491
3190
1916
1921
1916
908
1916
1802
1032
2022
1032
2116
1547
2029
1547
2126
1547
3494
1140
571
581
128
158
193
158
3555
2865
1503
2344
3754
3735
3551
3735
1661
3794
3823
3794
1658
1451
452
1451
580
579
574
579
609
627
2073
651
3293
651
2448
651
2836
1427
1814
1427
2065
1791
2508
3956
4118
1701
2617
1701
2775
1701
476
1381
2356
1381
4168
2635
1857
1847
1612
1380
474
1380
2667
3247
91
4254
88
4254
26
4254
10
4254
17
4254
78
4254
66
4254
36
4254
81
4254
62
4254
9
4254
3
4254
46
4254
84
4254
25
4254
57
4254
1
4254
94
4254
8
4254
5
4254
38
4254
4
4254
71
4254
68
4254
76
4254
54
4254
41
4254
55
4254
2
4254
95
4254
86
4254
29
4254
63
4254
44
4254
51
4254
48
4254
24
4254
6
4254
30
4254
85
4254
72
4254
42
4254
56
4254
39
4254
40
4254
70
4254
69
4254
15
4254
47
4254
14
4254
93
4254
27
4254
37
4254
31
4254
16
4254
83
4254
49
4254
50
4254
12
4254
33
4254
52
4254
89
4254
90
4254
13
4254
32
4254
92
4254
65
4254
53
4254
80
4254
79
4254
61
4254
7
4254
11
4254
20
4254
82
4254
0
4254
87
4254
43
4254
64
4254
45
4254
2467
650
2164
650
855
650
2161
650
489
805
1913
2205
3180
2205
1645
2205
869
695
2962
1790
2823
1790
1547
1018
1531
1018
1591
1700
1977
3240
1664
1450
3537
1450
1872
580
2162
580
1871
580
2155
580
365
3201
372
3201
364
372
2838
756
3532
756
3113
756
302
267
227
267
1469
3308
778
3217
1193
3217
1714
1606
1478
1606
2555
1606
3844
1141
3891
1141
2335
505
2328
505
3150
1097
2732
1097
422
1173
650
1490
2594
1903
2243
1903
2895
1903
1415
3210
3824
3210
3186
686
3186
686
330
686
479
3939
400
406
67
22
3300
1406
2562
3328
3995
3328
1744
3328
1825
3839
3858
3839
3675
1686
3676
1686
2517
903
480
490
1103
490
4252
4227
1186
2097
2188
2173
178
203
1616
1505
902
1505
793
1505
3422
1505
3135
3118
1473
606
3601
606
2486
606
2176
2141
1744
2141
763
2141
29
3177
3345
1819
1756
526
1756
2404
1372
885
1372
120
207
3526
1580
3163
1580
4070
1580
3527
1580
1336
1580
3023
1580
2900
2761
1635
3687
3772
450
3779
450
1975
3669
3078
3669
856
2190
1359
700
2396
700
3848
700
1568
2018
1800
2018
3269
2018
405
3680
1755
3680
1965
3680
798
3680
1970
3680
1188
3680
3309
790
997
790
2958
790
869
1695
4155
1695
3399
1695
385
1695
4159
1695
4153
1695
1735
1695
360
1695
3640
1695
393
1695
715
1695
3398
1695
195
298
1363
1805
1364
1805
3522
1805
1001
3073
4097
2997
3156
2997
3299
1650
4206
4244
2799
3221
1361
3315
4117
3041
374
380
1927
2247
2626
2247
4158
2247
1578
847
1367
847
1199
847
2753
1315
3138
3132
1638
3764
2097
3764
1637
3764
374
381
4117
3040
3020
2191
778
2924
3799
2924
2239
701
3473
701
2556
791
1812
3856
1804
3856
3770
427
784
427
1167
427
2192
2536
3962
1651
1793
1627
4031
1579
3738
451
1657
451
1647
3894
1266
1265
1505
1581
2894
2760
3417
2435
2474
2435
1884
2140
2348
547
546
547
1085
2963
2433
2032
1831
2032
2088
2032
906
916
2904
916
482
491
137
138
1082
2478
4013
2478
2545
2478
4094
3595
2851
2836
1414
1413
1728
1879
3576
1879
4022
1879
1893
1879
4100
1879
2542
1879
1029
613
1999
613
2150
722
2389
2666
2037
2333
3409
3396
1639
3658
96
258
2503
3274
1810
3274
3254
3756
3887
3756
569
2920
227
101
1862
1133
2873
3571
891
3571
892
3571
1809
3864
3899
3864
2624
3044
63
1563
2764
2595
2764
2598
2764
3602
698
939
698
2738
698
1908
2208
937
2208
1827
808
1857
808
3298
808
3122
808
1838
3935
1613
3935
765
3935
888
3935
579
1015
1926
2609
2612
3634
3597
3634
3635
3634
1097
2144
963
962
123
315
233
315
260
208
692
508
762
508
2780
332
2625
332
1307
2612
3343
2723
3457
2723
942
2723
92
44
906
2902
2439
539
3115
539
3988
539
166
133
3476
3524
429
3524
430
3524
1544
4017
2140
4017
2863
4017
3847
3739
3771
3739
1627
3739
1626
3739
2240
2568
3147
4010
1099
494
1289
494
3540
2675
1190
2675
1191
2675
51
632
2919
2118
454
703
454
1856
454
989
454
2548
454
1732
454
3896
2957
3103
2957
3643
2239
2247
2239
927
1584
829
1584
2171
839
1861
839
1039
3787
1329
3787
340
1469
3573
1469
856
4047
1703
2638
2368
669
3807
669
3547
2887
4200
4234
4246
4234
1194
1276
1659
1276
383
384
2540
2868
2725
2868
3009
2868
3334
4001
935
4001
934
4001
564
704
2939
3780
3067
3780
3577
2921
491
2921
3021
2194
4049
2194
2899
2194
3904
1072
212
137
903
794
1743
4040
3363
4040
1680
4040
742
1654
1376
1654
740
1654
299
250
126
250
1440
654
1065
654
4115
3516
3592
3516
423
1794
2707
2072
2707
2072
142
153
316
153
3910
3880
3493
3880
483
1704
2748
2876
1609
3599
321
3599
3167
3599
1112
1384
3392
1384
108
109
1665
1268
2106
2438
2110
2438
1701
1669
4106
1669
525
2373
1490
2297
687
2297
3927
469
3110
469
2035
3887
3008
4021
3442
4021
3017
4021
1851
1839
1363
1839
1364
1839
580
584
586
584
4056
1318
3568
2341
3569
2341
1269
1454
1658
1454
3547
3546
3187
3546
1690
3546
3369
3172
2907
3172
4022
1494
460
1494
1896
1494
2552
1494
3200
3381
1572
3381
875
3381
1573
3381
2787
3381
4139
3381
3052
3381
2286
3381
3385
3381
80
48
3439
2576
1619
2576
3029
2576
682
3504
2607
3504
317
157
132
157
181
152
144
152
4227
4220
2219
1539
1574
1539
945
1539
2872
2475
3007
2475
3969
3115
85
24
1333
1332
4201
4195
4272
4195
821
1508
2377
1508
1723
3438
2230
3438
1016
3665
1427
3665
3240
3665
582
3665
2276
3466
2294
3466
2270
3466
1683
1962
2609
3033
3185
3033
2245
3033
3512
4074
1538
1144
1063
1144
1882
3319
100
263
2095
2412
2104
2412
2461
2412
1874
2717
2349
2340
3700
3694
3881
2015
75
74
2687
3835
3862
3835
2078
1808
4276
4192
915
2759
695
2759
1917
2759
3494
1698
3985
3964
2089
2689
1539
2133
2871
2133
2196
2133
2221
3349
1552
2409
1060
1138
1360
1138
3182
3355
1827
3971
171
149
197
149
3994
3283
2116
3283
2126
3283
551
3582
3781
3582
554
3582
3801
3582
2009
3582
1666
3582
2020
3582
2013
3582
3872
3582
2007
3582
825
3582
3869
3582
607
803
1753
777
1746
777
2511
777
2160
777
690
693
2614
693
2216
2203
3536
3535
2715
3298
3359
3169
1551
1749
550
1749
3891
1749
1321
1749
1734
1749
365
1749
3890
1749
1657
1749
402
1749
3609
1749
380
1749
3908
1749
1531
1749
1046
1749
3531
1749
3082
1749
407
1749
2355
1749
599
1749
553
1749
1649
1749
931
4061
3587
4061
2166
984
551
3470
3781
3470
3801
3470
1666
3470
573
3470
381
3470
2374
3470
3872
3470
977
3470
2014
3470
1017
3470
3889
3470
825
3470
3255
3470
1648
3470
789
3470
3869
3470
807
1350
744
1350
323
1905
2217
1905
2332
472
3842
472
3687
890
1634
890
3193
3191
1673
1672
1791
1672
2681
1672
652
3477
1424
1280
1277
1280
780
503
779
503
1733
503
1992
1054
1995
1054
3013
2728
3158
2728
2561
2728
2113
1175
1833
1175
141
266
316
266
81
112
3476
2069
2452
2069
430
2069
6
62
4174
940
1327
2068
1327
2130
1327
4009
1327
2117
1327
2025
3924
2085
3618
2849
3618
1647
415
3497
415
2842
415
2827
1281
87
127
3270
1112
3114
1112
4092
1615
2693
2824
1877
3986
2525
3986
3326
3986
2539
891
3898
3846
4115
4099
3592
4099
1550
3804
3849
3804
90
30
1989
516
2329
516
1887
2444
1161
3233
3546
2563
977
1351
2660
1351
1911
947
85
123
1794
2366
2909
3648
2908
3648
926
3648
1303
2633
3038
3426
3371
3426
1662
1979
850
1109
754
1109
2016
2936
1050
3816
1661
3816
3645
2524
1682
2524
944
2524
3440
2216
1619
2216
1076
816
3001
2863
656
3625
98
168
289
168
219
168
810
1263
706
1263
3407
3406
1790
3406
3976
1816
2488
2433
1662
3916
2566
3012
1868
3444
2599
3480
2708
2109
610
979
3280
2378
3898
2378
3300
3487
2129
1313
3600
3605
4152
351
74
1947
2432
1516
2423
1516
2550
3904
1670
3904
1671
3904
2560
3009
781
3414
3544
3414
2370
3414
3413
3414
3543
3414
687
3414
1277
3414
3939
1224
1704
1224
2071
3946
1691
1891
4048
1891
725
615
822
615
1853
615
500
2335
3134
2112
3274
1415
1083
1415
578
2644
3497
2965
3481
3824
3288
3824
864
3824
326
327
3968
1069
1366
2054
739
2054
1623
2054
4001
2175
2445
1503
403
3250
2347
3250
2002
3250
1059
3250
1998
3250
1993
3250
2000
3250
3782
672
1395
672
4039
1890
734
1890
1861
1472
3130
1472
1402
905
349
350
2961
3257
1924
3038
3470
1984
1890
749
1695
1693
3644
1693
1621
1777
2956
1777
2212
3154
2212
3154
3088
3075
1468
1803
1469
1803
1740
1803
1470
1803
177
264
112
264
1723
1306
1660
3871
2873
3564
2832
3084
1640
2138
1266
1956
3764
1956
1584
1583
3854
1549
2825
1549
1827
3972
3529
3581
260
111
3772
453
3537
453
2906
3528
2605
3528
761
2193
3590
2193
2916
2277
4130
2277
1554
703
240
299
2057
877
2731
793
4046
793
3410
793
2536
793
3955
793
1628
793
913
2528
2710
3545
2152
3545
2989
3545
1743
1886
3363
1886
1680
1886
3262
3070
664
1653
4187
4200
4243
4200
415
3859
1948
383
1075
1849
2491
1849
1530
1849
3390
355
352
355
921
4062
1885
4062
4251
4246
685
3399
3510
1895
1582
1895
2457
611
2060
611
2974
611
3197
3192
3374
3192
1610
900
2812
2331
1493
2331
2345
2331
2445
2331
253
214
462
1429
1095
1429
2343
493
2328
493
924
577
2162
577
3349
577
923
577
3970
2170
2685
629
2824
629
2834
629
3516
3515
1412
1411
2114
2828
3960
2448
3960
2448
3618
2961
3617
2961
85
241
198
1080
2143
3520
2143
2546
2143
3324
2143
2870
2143
3454
988
2056
2960
7
2171
1538
3868
2408
3868
1412
1410
2457
610
1476
610
1313
610
2060
610
3463
610
2974
610
1328
1058
670
1058
1545
2724
1545
2724
1116
901
3620
901
1344
2330
2704
3836
2495
3836
2460
3836
21
72
23
72
28
72
22
72
18
72
75
72
19
72
34
72
232
259
3081
3243
334
3243
1747
1134
690
3638
3466
3465
3189
3465
4132
3043
2778
3043
965
922
2757
922
1917
922
3096
3071
3275
3071
308
220
473
1342
1737
1342
485
1099
3054
716
1411
3213
1507
3213
2244
2763
2245
2763
1770
3666
1792
1716
221
99
3401
3434
748
3434
1332
3434
2574
3158
3126
2099
2288
342
296
251
262
251
201
251
4145
1922
1926
1922
2593
4078
2427
3088
1886
2134
2559
2134
2
238
1775
3698
882
3936
607
3936
4171
1901
3006
2999
2871
2999
2196
2999
454
2058
2464
1610
3987
410
399
410
984
3968
985
3968
3978
3968
3540
3755
1190
3755
1570
1171
2043
1171
2229
3034
375
3683
3697
3683
1173
3683
381
3683
1601
3683
1532
1988
390
1988
872
1988
3844
1988
1557
1988
3767
1988
1535
1988
1547
1988
372
1988
3719
1988
1652
1988
3843
1988
2346
1988
1585
1143
788
1143
398
411
404
411
781
1285
1426
1285
1812
1228
2818
1228
733
1228
1748
1629
3698
1629
1849
1170
3539
1577
2059
1493
2133
429
125
126
2887
1900
1690
1900
3347
4088
3821
1611
4033
895
4055
895
54
4161
4225
4256
4193
4256
3850
2648
1585
2648
32
2249
2347
1355
617
1355
1076
849
1002
1383
3392
1383
4020
3959
2995
3959
3145
3959
3604
3959
2702
653
3320
653
3923
653
648
653
1924
886
4110
886
3399
4139
3804
1793
3565
1877
2641
1703
2578
3508
1682
3508
1907
3508
1253
1296
817
1296
1663
1453
1245
1453
3095
2374
605
3872
1015
583
2030
583
411
549
3989
549
93
42
3308
956
1470
956
2182
1367
2484
458
1494
458
2434
458
3101
458
1335
3928
3641
3928
2992
3928
3416
3614
4004
3614
2537
3614
624
1588
1696
2634
2717
3572
1096
3572
539
1189
4159
1937
379
388
387
388
2570
2864
2037
3808
2059
2345
410
798
3342
2198
3530
2198
732
2198
1540
1259
2956
1259
395
708
594
2010
904
1658
2541
3945
2551
3945
3332
3945
773
1217
492
1217
2268
2599
1542
2599
2182
2523
1198
2326
362
3644
1759
3644
3054
3644
875
3644
336
3644
368
3644
383
3644
1703
3644
4160
3644
911
3644
395
3644
7
232
2580
3606
79
56
1197
3405
532
3405
1480
3405
481
3405
1513
3405
3577
3405
3814
3405
3840
3405
1409
3405
502
3405
1441
3405
476
3405
468
3405
3784
3405
1187
3405
790
3405
491
3405
3864
3405
3916
3405
3755
3405
1171
3405
3915
3405
3845
3405
1242
3405
899
3405
1100
3405
843
3405
964
3405
1343
3405
961
3405
1204
3405
823
3405
488
3405
1586
3405
2719
2443
178
156
136
156
80
102
3024
2564
3419
2564
2813
498
2411
498
2138
2471
3321
2471
3137
2471
3118
3110
1809
2823
457
3915
301
175
124
175
2229
2892
3120
2470
3116
3111
2472
3111
811
983
2185
2148
1366
3749
1623
3749
4272
4232
4254
4277
3311
3294
59
39
2335
504
1738
504
60
40
2525
3129
3565
3129
1651
1053
3925
1053
1316
4084
327
4084
328
4084
588
2011
809
739
1933
3048
2362
3719
2588
4037
4248
4235
4240
4235
1853
4002
2241
2768
584
804
3350
2204
1872
4030
2959
694
1553
694
3994
2029
2218
4082
3167
4082
3585
1694
1695
1694
3644
1694
3278
1029
3284
1029
1322
1029
2752
3153
2882
3153
733
1804
733
1804
145
151
195
151
4128
2776
2261
2776
1964
3670
910
3670
4277
4179
3952
3083
69
4172
566
2307
825
2307
1976
1739
1982
1739
1893
4022
1893
4022
176
312
1321
1011
553
1011
1966
3677
503
3677
1588
3677
625
3677
3014
3536
2384
2670
3506
2053
42
2282
395
3382
1716
1504
2621
3189
2294
3189
355
3189
1930
3189
3844
1148
1649
1148
2606
3356
4142
3356
806
1983
1590
1983
3857
1983
976
1983
3774
1983
3884
1983
2951
1983
752
1983
1540
1983
1541
1983
1015
1983
979
1983
1777
1983
3745
1983
3253
1983
1328
1983
1060
1983
1360
1983
528
1983
670
1983
1511
1983
1656
1983
600
1983
1485
1983
751
1983
2957
2352
3777
3568
851
3568
3608
3568
1444
3568
2418
3568
3704
3568
1406
3568
2018
3568
611
3568
1189
3568
2011
3568
2017
3568
3403
3568
3862
3568
768
3568
718
3568
257
247
255
247
694
1223
3822
1223
2387
3815
3852
3815
1880
2517
3144
2517
1247
2946
1368
1498
1752
1498
258
278
205
278
164
278
2203
2559
4088
2559
4080
2559
4191
4194
4252
4194
437
3626
1990
3448
1991
3448
1997
3448
1180
3448
816
3448
709
3448
3317
2489
2507
2489
1443
2643
555
2643
4277
4216
3426
3425
3357
3425
3108
2671
2833
2817
895
3985
1708
3985
1067
3845
1399
3845
867
3845
2954
658
3775
658
3575
1708
2003
1010
1998
1010
3972
1798
1859
2859
3261
3908
3265
3908
2822
3908
2357
3418
3703
3418
3758
3418
2661
3418
3725
3418
922
4053
4072
4053
2371
1264
817
1264
2447
1388
938
937
938
937
2634
3559
3986
2434
336
2789
3424
1314
4113
1314
3999
588
2098
588
586
588
4105
3339
3045
3339
845
3339
70
2668
2925
841
2925
3684
2925
2378
2925
135
136
69
2368
3828
3888
3828
2424
2399
759
1458
3861
1458
2119
367
2699
367
4124
367
363
367
3186
3167
2611
3167
851
1442
1444
1442
2758
3026
2601
3026
2440
3280
1650
3715
3765
3715
3927
1822
3118
1822
1221
779
3983
3287
836
1501
1666
1501
4176
2145
2802
642
414
642
1506
1260
3765
1260
211
206
106
206
215
270
300
270
394
2765
574
2126
2709
2067
909
2430
1221
2430
1402
3745
3839
3745
3856
3745
2960
3745
804
3745
2026
3745
2030
3745
2034
3745
3474
3473
573
1014
566
1014
1444
1522
3815
1522
2394
3728
1134
3728
1900
1691
3289
1801
2422
1747
697
1747
1825
1747
15
2462
1310
839
1310
4135
3045
2286
3045
950
949
2449
556
2093
556
928
556
3965
556
2357
3237
2462
1311
3127
1311
1947
385
4271
4255
68
4164
3468
705
922
2195
4072
2195
3517
1152
894
795
3452
795
401
2348
1308
1690
1758
1655
2154
1655
1713
1655
4023
1655
1820
1800
643
3230
2127
455
1091
455
2480
455
1092
455
3944
3409
3410
3409
463
486
1540
1261
1622
1261
3854
1585
1133
1585
2115
3919
3964
3919
2198
1082
1330
1329
503
3202
2451
2431
813
856
2749
856
3034
856
2892
856
3360
856
335
2256
3048
2256
1934
2256
715
2256
4192
4252
3628
1596
2407
495
570
2674
4228
4201
782
1500
783
1500
1340
1107
2878
1893
951
1893
3337
1893
1688
1977
2597
3364
1923
3364
1731
786
2195
2186
2123
3949
2294
353
2788
353
2269
396
708
396
4253
4269
2233
4100
2235
4100
289
243
222
243
3528
3483
919
3989
4062
3989
404
3989
1544
2982
3001
2982
847
3849
3104
1396
2574
2561
1038
1353
744
1353
2582
3555
3431
3555
4219
4203
4244
4203
1854
2474
2488
2474
2978
1786
2979
1786
3434
1786
713
1786
1850
893
978
977
915
3052
2637
3052
832
2107
832
2107
1103
500
897
500
898
500
702
500
1978
1283
2333
1283
235
317
166
317
1724
1495
4249
4242
4185
4242
589
596
595
596
3500
3498
2209
3335
2732
1856
18
1091
2082
1842
2082
2242
329
2351
3819
2383
3819
3004
2861
3967
585
580
585
818
1486
2062
1486
2468
1486
3960
1486
3287
1486
3069
2928
52
4162
2081
1455
3252
1455
991
800
3083
800
1778
800
3800
655
1070
655
845
690
4136
690
3501
2200
1620
2200
3595
2200
2994
1795
1072
1795
2861
1795
2156
1795
1071
1795
3948
1795
3991
3007
1878
2152
3535
2152
1635
1705
1598
1705
416
3429
4180
4245
3840
1385
3864
1385
4258
4259
4208
4259
2087
1556
9
1949
3623
3222
792
3222
2917
2631
2039
3253
2040
3253
775
3253
458
747
1934
2630
887
801
886
801
4083
801
2973
691
2413
691
2244
3185
3169
2201
3160
2201
3159
2201
2686
522
2055
522
1183
522
2967
522
3495
522
1182
522
4129
4119
2905
4119
1969
3708
403
3708
389
3708
709
3708
388
2014
1068
1067
1046
1126
2346
1126
2719
2860
1699
1642
3198
1642
3924
1145
874
1145
2969
501
1807
501
4085
2736
2879
2736
2741
2736
1562
2222
1419
1779
2508
822
1319
3114
81
47
75
1441
442
3784
442
2571
2560
652
3469
384
2607
3562
2607
2734
3992
2173
3992
2189
3992
422
1174
1992
1055
1049
1055
3322
3316
3276
3262
3036
3031
3491
3031
2166
985
4076
1904
3603
1904
4087
1904
2373
1192
2377
1192
4164
4149
3907
3304
3470
2652
3177
3346
856
2131
464
996
780
2370
779
2370
1733
2370
3264
3772
3281
3772
4095
2582
226
292
4179
4207
484
2343
1320
3395
952
3395
2727
2525
2400
2371
1748
1762
4216
4215
2391
3519
3922
3519
941
2130
1409
537
3755
537
2198
4013
3950
3458
1826
2426
2092
2426
3572
2042
293
244
103
244
795
3596
1640
2846
3137
2846
3454
1614
1844
2825
1617
2825
2465
2445
413
2445
1069
2445
3928
2445
2324
3798
3076
3798
2391
3798
3629
3798
3458
3798
2023
3798
4273
4212
90
166
3356
2889
4108
2889
2033
667
3972
667
2386
667
2540
3142
3012
3142
925
3142
3011
3142
2571
3142
607
3549
2699
358
363
358
2689
358
356
358
2430
1467
2429
1467
2226
3030
26
2237
1760
4043
417
837
3886
3783
597
3783
1219
3783
412
414
2564
2546
2451
2959
1211
2959
2584
1898
3461
1898
4078
1898
344
2917
2070
3855
2740
3955
858
898
2263
3371
3559
3371
3049
3371
3394
3768
3838
3768
1839
3768
3514
1414
1190
1414
1191
1414
3238
2645
2464
2964
561
1837
1656
3883
1836
467
3303
467
3395
467
1343
2299
961
2299
736
1358
2743
1667
1615
1667
4073
1667
878
3898
4002
3898
2122
3898
668
1225
3234
1225
1278
1288
747
1288
220
246
223
246
610
614
1486
2334
319
193
167
193
4102
2720
3758
3736
3086
3736
1745
2923
1410
2923
1247
1246
2018
1042
611
1042
428
1537
3910
1130
2351
1130
184
197
458
762
4161
2626
1674
3654
3920
3278
2133
2452
4047
3324
2047
3085
1462
3085
3094
3085
3097
3085
2954
3085
3855
3085
2955
3085
3098
3085
1161
3085
3859
3759
3552
3759
2084
2382
2083
2382
3472
2382
619
1996
2944
1131
1648
1131
4170
4159
1341
2792
2510
2702
1901
3155
470
3074
880
2407
1730
2407
2157
904
2976
904
1178
904
3982
904
2501
904
2558
2721
2678
1985
2084
2687
2083
2687
3472
2687
4203
4236
4206
4236
950
4081
3109
3096
3107
3096
3571
2055
2181
2174
695
2757
2869
2719
2724
2719
71
4168
2515
2492
2513
2492
3316
2492
2190
3327
1358
2422
417
2046
2712
2842
3471
3579
1314
4073
3139
1530
3469
1137
1059
1137
3945
3320
2400
778
2982
3125
3814
1766
899
1766
964
1766
3579
3146
2808
3688
3505
3688
3566
2751
2878
460
951
460
3015
460
3362
735
2191
735
2599
735
1691
735
943
735
2552
2542
464
3963
3123
1830
3281
2681
91
139
1357
1660
1847
1660
3122
1660
4250
4218
3233
3693
3703
3693
3157
2727
2558
2727
3400
2025
1331
2025
2989
2025
2064
2401
366
3205
2454
2400
2439
2400
3119
2400
3115
2400
1182
2400
1455
3731
1989
3731
700
3742
3519
3742
1085
2680
4249
4261
4247
4261
2036
1661
2679
1661
3892
1661
14
1330
1328
2716
1185
4026
461
2480
461
1425
461
2529
461
1919
948
2282
3376
1854
1831
554
2349
2009
2349
375
2349
836
2349
3701
2349
566
2349
2020
2349
2013
2349
1173
2349
406
2349
2817
2349
2949
2349
2007
2349
1546
2349
3934
2349
1262
1255
534
1255
4171
4160
1919
2595
2162
574
3594
574
3436
2750
351
4146
4147
4146
352
4146
349
4146
3291
2953
3518
2586
177
228
93
3256
3712
2950
3712
833
4104
342
4104
2248
4104
3517
3650
2082
1196
119
215
234
215
2862
4009
4071
2883
2582
2883
2886
2883
686
3503
846
3503
576
1531
2016
2656
1974
3657
1940
4143
1941
4143
4149
4143
2295
4143
4149
2274
993
992
3649
874
2419
874
862
874
2066
2386
2184
1874
1732
1874
3962
1992
4173
4153
1899
2555
1181
531
766
531
207
282
291
282
1679
4102
2744
4102
3792
2796
3381
3591
3382
3591
2785
3591
2283
3591
3541
2706
1185
2706
2498
2706
2147
4029
4061
4029
2512
2485
2991
2485
4021
2485
523
2377
3144
2456
4159
2293
2102
3523
879
3523
1845
3523
4274
4199
63
4170
3047
2911
4169
4156
1559
1574
4155
3389
1644
3092
1093
2855
1308
2600
3547
2600
3187
2600
4116
2231
3035
3182
3192
3182
482
831
131
132
12
1948
2661
1461
4180
4263
4267
4263
2142
2496
2240
328
2636
2785
385
2785
3798
661
2363
2929
1181
2929
1823
2395
1811
2395
221
265
302
265
263
265
78
107
1990
1025
1993
1025
3279
3248
1997
660
1152
660
4116
2230
2390
830
1817
830
1797
3863
2658
3863
4175
1735
309
308
161
308
1417
1460
1799
1460
1923
3037
2777
2910
2500
3311
3634
2601
2373
3225
766
3225
3300
766
750
1778
3197
2622
2275
2622
2630
2622
721
2713
1427
3218
3615
3307
3141
3307
4006
3307
3157
3307
2864
3307
2721
3307
1795
3552
2506
2137
3124
3300
1840
3300
2456
3300
2459
3300
3916
530
1243
530
102
103
1243
1242
717
1046
2669
1046
3172
3341
3803
3633
240
159
254
159
126
159
3166
3332
4000
3979
3104
1061
480
482
1869
482
2290
4137
385
4137
4138
4137
3954
1086
2502
1086
2504
1086
3147
3000
548
552
978
807
4179
4180
4179
4180
1850
773
847
773
3858
697
2889
2207
4270
4267
4245
4267
802
1156
857
1156
167
129
2841
3852
1866
741
3935
3392
78
27
369
3563
3415
3563
653
782
4099
4069
703
2182
2548
2182
1732
2182
382
392
551
970
406
970
1696
3199
1365
852
774
852
3396
852
461
1095
1940
2252
2058
1592
903
2100
1205
507
1094
507
4261
4258
4217
4258
213
180
316
180
2874
1545
2868
1323
146
147
1571
2101
3856
646
751
646
290
162
302
162
101
162
6
96
2688
3775
756
1446
452
1446
4007
3443
3444
3443
1074
3443
1920
3022
329
3022
550
971
407
971
2600
943
4074
2567
3913
1826
235
174
134
174
3553
1845
95
359
360
2637
2033
3823
1798
3823
2386
3823
3490
3995
741
740
3979
2958
3480
1899
2600
1899
2973
3265
819
3001
2733
3001
1870
1364
2187
1425
1603
1214
1203
1214
2344
3413
1615
4058
1314
4058
35
37
3958
625
822
2122
2736
2867
1636
1934
4137
1934
2753
2888
729
1060
3092
1060
3093
1060
76
143
2469
3903
2701
3903
692
1526
3897
1526
515
526
1821
3803
2848
3803
4008
2060
2509
2437
1578
2437
141
142
1665
1267
3639
934
3769
3234
2026
1122
600
1122
3628
1289
3560
4113
331
4113
1925
4113
3537
2814
2682
1625
1657
425
3843
425
367
364
358
364
1062
899
1610
899
3942
899
341
1740
3574
1740
4056
1317
1926
2245
3945
3923
2696
1359
2336
2298
3074
2298
4135
845
3424
2226
4113
2226
2147
826
3989
826
2153
826
1867
826
77
1943
3031
3360
1903
3160
2619
4116
2256
4116
521
1971
375
1971
836
1971
3710
1971
566
1971
406
1971
2014
1971
2949
1971
1648
1971
789
1971
3934
1971
3705
1971
1972
446
2949
446
895
2514
3387
3367
3190
3367
3194
3367
361
3367
3193
3367
2035
1646
3964
1101
786
1101
2858
1101
4012
1101
2446
1101
88
31
16
2223
323
2565
2732
2338
545
1979
545
4253
4248
1439
3056
517
1507
1101
1100
2009
592
1017
592
2478
2095
1753
1852
2511
1852
2160
1852
3920
3284
67
838
1970
3520
2986
2546
2986
3953
2986
3841
1392
1646
1392
2224
4108
907
4108
2904
4108
994
1782
1603
1782
487
1782
692
1782
3623
1782
1269
1782
1006
1782
3859
1782
1658
1782
3651
1782
1007
1782
792
1782
4018
3161
2909
1741
2222
1741
926
1741
1730
3952
3427
2156
1899
1697
2839
1773
2442
1773
3310
1773
1846
1807
2521
2995
633
1552
3957
1552
2473
1552
2109
1552
34
242
1876
2718
3455
2086
3455
2086
1346
1482
2664
1482
1420
2061
2074
2061
1604
2061
3544
3879
1037
3879
699
2304
1490
2304
490
1104
577
3999
1254
1253
2847
2677
2828
2677
2143
2677
2099
2677
1306
2593
2231
2593
2230
2593
3962
3493
1896
2529
1896
2529
1696
3462
4133
3462
4242
4238
4209
4238
1041
3269
417
1548
3365
2896
1916
2896
2846
1183
796
3488
3078
1974
2341
1974
1165
3621
1165
3621
1895
2511
627
628
1588
628
1759
361
2693
2829
929
2449
3432
2885
2585
2885
2762
2885
1949
1848
4246
4187
1796
3779
3339
931
2747
931
3774
2300
3253
2300
2831
2955
1095
1428
1422
1428
4168
4157
2372
2811
2815
2811
2015
2811
2814
2811
1625
2811
4189
4260
4183
4260
584
1017
4077
4065
2610
4065
3188
4065
1388
2810
1817
2810
1622
2810
993
3123
1644
1059
3971
1059
3114
2064
992
2064
2004
3703
4062
930
2626
3195
3071
2301
3074
2301
3490
1744
3150
989
4141
3512
3468
3512
3302
3258
2697
3258
4166
360
93
212
1341
3674
667
3674
1634
3674
1598
3674
1395
3674
2118
1098
2479
1098
989
1098
2761
3351
2585
3351
2762
3351
2417
2023
3558
3975
3546
2510
3154
2510
1915
3164
4074
3164
2978
733
2979
733
3397
733
1749
2322
1988
2322
238
288
209
288
255
288
3870
3531
3943
3531
2410
3531
3570
3542
2112
3542
1751
3542
1874
3290
3836
3089
1221
1733
3081
2942
334
2942
2706
3297
1331
3117
605
3875
1734
1023
1531
1023
3168
3159
581
2098
581
2098
663
1360
311
169
1835
3723
2458
3723
1400
3723
83
1727
1989
3003
4034
1894
4034
4102
4034
684
4034
2476
744
2091
744
2276
1930
3500
3478
1066
1064
3970
2998
1610
2059
1610
2059
3949
2059
486
1210
1659
1210
2163
2715
1565
2715
649
2017
2691
1211
1075
428
2491
428
1073
428
1530
428
871
428
3525
428
4157
4147
2091
3617
2543
2483
3632
2649
2281
1931
3443
848
3993
848
1077
848
38
2295
4154
2248
49
606
3610
50
1979
3752
1982
3752
3459
3004
3044
2772
4114
2772
1403
1229
1162
1229
1875
1361
1071
1361
253
148
2213
2553
2740
1628
4001
974
1695
3647
3644
3647
1166
2393
1003
2356
3941
2356
772
2356
2859
2477
2629
2783
3987
548
3989
548
4177
3640
2639
2286
2638
2286
2789
2286
1873
3601
1918
4101
3474
4101
3473
4101
1731
2853
2858
2853
2986
2104
1655
664
1859
664
4101
945
379
389
712
709
2367
709
1789
709
2988
1617
854
1258
810
1258
2216
2199
811
799
12
3928
3893
457
1659
4123
2598
2035
3888
3521
2914
1692
2914
1098
459
1823
459
1811
459
722
1571
3444
1571
1074
1571
318
172
144
172
1069
417
3893
417
3553
417
3142
4005
1921
2234
693
2234
2280
1543
1575
1543
2914
1543
2431
1589
1211
1589
1553
1589
2877
834
3293
1325
522
1188
2408
3763
1419
3763
2032
3763
773
3763
2380
1464
459
1464
3181
4095
3183
4095
618
1346
3813
3273
495
499
1738
499
979
623
2056
623
1079
712
2730
1871
710
1871
4025
1871
3557
4117
3556
4117
84
33
2071
1423
2845
1423
525
534
2136
1843
2131
1843
1641
926
1753
1882
1891
1882
3014
1882
3988
1870
3438
3437
3131
3128
776
775
107
108
3853
1952
4043
3402
844
3209
1417
3209
4028
2149
3411
3912
1750
3912
791
3430
2148
3430
769
3430
225
201
2912
2769
2781
2769
4277
4181
3102
2028
4026
1093
1090
1093
2529
1093
3776
1177
2108
1570
2101
1570
2110
1570
1728
3575
3576
3575
3369
2604
4273
4271
4277
4271
52
3347
4080
3648
1907
1333
738
2710
3931
2152
3931
2989
3931
2634
3049
3199
3049
3949
3942
3407
3842
2962
3842
2823
3842
844
3831
651
3831
2429
3831
3433
3982
3524
2684
1170
2684
1534
2684
4182
4183
490
1738
4170
907
996
2404
972
570
973
570
559
570
4029
2093
3383
4136
1624
2177
2027
1028
2006
1028
2614
2754
2330
3812
588
3812
1197
1292
1204
1292
1712
1149
3513
1149
1668
3661
953
952
3405
1775
2356
1775
4016
3422
2815
3077
2877
2993
3485
2270
17
4178
4140
4133
3528
870
3030
870
2132
882
3143
882
841
3229
3421
1926
3462
1926
2159
2488
4128
2243
2261
2243
3387
3385
1938
3385
914
3385
421
843
1849
1534
1362
423
1081
423
2976
423
1178
423
3975
423
2501
423
4167
2271
3175
4018
4037
4018
4049
4018
854
3453
3906
3453
1416
3453
3901
3453
3910
3453
3486
3453
1172
3453
3886
3453
824
3453
2816
3453
3757
3453
820
3453
597
3453
2380
3453
1036
3453
975
3453
1219
3453
1581
3453
1672
3453
3477
3453
3519
3453
2382
3453
3493
3453
459
3453
2383
3453
853
3453
810
3453
706
3453
1073
871
1073
871
653
1712
852
1623
1388
1499
2026
1499
950
2558
3336
2558
683
3586
3003
3586
3380
346
1527
464
1869
464
749
464
4015
464
351
2788
2538
325
3998
1834
3571
2967
1187
543
3548
543
3967
589
577
589
864
1417
3482
1417
3
209
2730
571
710
571
4025
571
3594
571
2885
4048
3351
4048
1269
1459
792
1459
2063
2398
3486
3788
2353
3788
996
2337
885
2337
3650
659
1528
659
3839
3793
1555
3793
1423
1799
2210
4025
1863
2858
3617
617
2085
617
2849
617
1673
1709
1791
1709
2681
1709
2347
1389
1996
1389
13
1945
423
1664
2057
630
3937
630
1936
2747
1909
2747
2292
2747
709
2310
2428
2045
86
125
2853
2691
3771
2801
3077
2801
3770
3245
614
3228
2190
2522
31
2260
3241
860
2336
860
1612
860
2332
860
2327
860
1976
860
1978
860
2338
860
3073
860
427
860
1413
860
2333
860
1979
860
2335
860
3243
860
3071
860
2326
860
495
860
1455
860
800
860
2343
860
3074
860
2942
860
1989
860
3842
860
1738
860
2337
860
474
860
2329
860
2655
860
1982
860
1736
860
2328
860
3860
1765
2984
3126
2138
3126
2432
1430
2429
1430
1648
3067
3934
3067
4020
3145
4020
3145
2541
736
2547
736
2872
736
2551
736
3007
736
3332
736
3235
3215
785
3215
1618
2501
3325
3321
105
260
211
260
1480
1114
790
1114
3956
3463
2413
2822
1941
3492
1699
3492
2259
3492
2975
560
2449
560
2093
560
561
560
1606
2167
3921
2442
3920
2026
1322
2026
932
561
2147
561
2153
561
4063
561
1867
561
2588
4049
4066
982
662
3789
1633
3789
1007
3789
1536
3543
3089
3543
2393
3543
3805
2977
3432
2893
467
474
3947
1186
903
1186
1819
3651
1675
1674
1774
1674
132
188
237
188
2143
2500
1557
1052
3908
1052
1590
1256
528
1256
2608
2596
4184
4262
4184
4262
4202
4262
4276
4274
2786
2261
2285
2261
2267
2261
2594
2585
2895
2585
2884
4019
2205
4019
3017
4019
1692
861
3379
861
883
861
1063
3737
1549
3737
1512
2329
688
1431
1099
1431
652
3513
1939
4142
3389
4142
907
4142
2630
3374
2975
928
41
4154
2844
1195
954
1007
955
1007
958
1007
976
1348
979
1348
110
236
106
236
292
236
2703
2690
1792
2655
3075
2800
3889
2800
3884
3730
905
3730
3737
3702
3905
3702
1039
631
803
631
4205
4239
169
300
307
300
1664
2311
3799
2311
4194
4265
4239
4265
4205
4265
181
316
143
316
3523
2385
4202
4249
982
2556
1582
2556
3509
2556
3626
2949
3273
2949
806
1631
3857
1631
3774
1631
3884
1631
752
1631
1541
1631
3856
1631
979
1631
1328
1631
2810
1631
1511
1631
1555
1631
1201
1200
2271
348
3810
2795
572
2007
3344
3152
1920
4144
2611
4144
2242
4144
2492
2705
4005
2486
4163
4152
3559
1928
2111
2455
3435
431
2317
431
2684
3722
2672
3082
3367
4103
2228
4103
89
2866
1861
3573
1861
90
2277
3597
8
2856
3283
2052
3302
3107
383
2283
3781
674
1666
674
3579
2495
2998
2495
1475
1474
1475
1474
965
3590
2756
3590
3338
3590
353
2786
3485
2786
1040
3889
877
3889
3268
3889
3626
1982
3813
1982
120
234
2254
4106
4118
4106
2696
2396
1741
1561
416
2353
2752
3340
845
3340
2006
1026
718
1026
2392
1167
2767
1560
1583
1560
4126
2779
2627
2779
917
2779
1102
1222
1107
1222
195
320
242
320
3478
2114
3489
2114
3499
2114
2457
3301
4008
3301
2257
4118
332
4118
232
222
477
1736
3034
3347
2892
3347
3360
3347
3901
2642
2358
2642
2133
430
2137
3310
3977
765
4035
1860
4033
1860
2178
1860
1548
3753
2361
3753
3162
3014
1900
3014
2885
3014
3597
3014
3635
3014
865
3685
2806
3685
3414
3685
3616
3685
3718
3685
2943
3685
1367
1201
2437
1201
109
273
292
273
295
273
2999
3317
1541
3208
1551
1045
872
1045
1631
1630
421
452
1752
1370
2048
1370
4066
1582
3307
1085
3466
4125
3189
4125
3852
3272
1318
3131
1317
3131
1593
3131
218
276
255
276
378
382
371
382
851
1155
768
1155
2150
1074
2743
2192
1615
2192
4073
2192
3961
702
539
792
2678
3479
596
1652
13
92
135
4184
4208
3054
721
86
32
3372
2904
400
407
1552
687
1603
3762
487
3762
692
3762
1006
3762
3859
3762
1007
3762
792
3762
2364
3762
1097
1096
3894
2031
92
3940
492
4153
4148
2540
719
2725
719
2560
719
2874
719
19
2344
1607
3571
757
2481
3892
594
1546
4065
2898
2013
1959
381
1959
4166
1917
3002
2142
983
2142
2167
2142
576
2030
3561
2467
2729
2467
980
2467
698
2467
2194
2467
2482
2467
2053
3943
3916
1237
843
1237
469
964
1822
964
1064
645
1528
645
3784
1445
1171
1445
3335
1889
4059
1889
3010
1889
1735
720
3259
334
2258
2614
689
1825
65
1710
1846
1544
1846
2140
1846
2863
1846
896
1846
1330
3403
313
219
170
219
924
923
924
923
2146
3130
2143
3913
1302
3042
458
1426
1372
1371
824
626
975
626
3432
2762
1932
4114
2266
4114
963
1343
840
1343
1194
1525
1514
1525
2172
525
891
525
3564
525
2095
525
2104
525
2461
525
2771
3423
2289
343
4184
4209
3881
1626
2119
371
2120
371
4124
371
377
371
1441
426
3845
426
1831
3813
2488
3813
2088
3813
4019
2537
125
233
1
100
665
3778
1773
3778
4165
1923
2232
3361
3186
3361
330
3361
2779
4112
3373
2246
2778
2246
3361
846
3937
3268
55
2288
47
2225
556
825
4044
1334
809
1720
3749
2667
2237
889
1168
445
1232
445
3464
3998
4004
3998
2537
3998
2808
1964
3505
1964
2766
1645
2533
3983
2729
3983
1888
3983
2851
2837
1067
3843
1399
3843
867
3843
1652
1030
599
1030
3140
3489
1279
1299
2656
1299
463
2358
3823
1142
788
1142
3599
4055
4082
4055
1456
3236
2288
917
1472
959
1471
959
410
546
412
2414
3846
3792
610
3792
3248
3792
2049
3792
3032
3174
3064
3055
787
1757
1625
1757
1312
607
2132
607
2486
607
1477
607
1420
1719
4167
4158
2202
1492
4248
4186
1802
1031
3900
1031
1345
1031
3249
1031
3305
2096
1878
2985
3535
2985
2149
2985
1941
4131
3198
4131
2255
4131
1685
1687
2940
1687
3675
1687
1654
1687
629
1687
3479
1687
1160
1687
514
1407
83
118
294
274
199
274
593
1721
1295
1721
2506
652
648
652
50
4169
1363
1792
525
1792
3522
1792
2375
1702
192
176
315
176
1086
2074
1871
2155
1737
1382
998
1382
4085
2996
138
155
179
155
2450
3286
2476
2085
576
582
3
3259
1865
370
720
370
1722
1452
814
1452
2621
3452
2620
3452
2270
3452
35
1176
1448
1174
1448
390
1961
402
1961
289
281
224
281
216
281
701
3170
2586
3170
1540
3692
2339
3692
905
3692
804
3692
1360
3692
2030
3692
670
3692
1340
2411
1184
1828
4125
2895
2544
1331
2148
1331
735
1331
769
1331
3919
2429
2853
2429
2476
2849
2068
3962
2130
3962
882
3962
3007
648
2201
648
1898
648
3332
648
2236
4141
328
4141
2331
3620
1786
3620
2897
4107
53
1808
1277
1196
1277
1195
1277
1638
1193
2097
1193
1720
1193
317
237
2025
1528
4095
2886
635
2070
565
2653
1650
3627
1245
3627
1817
2956
2233
2583
2235
2583
2742
2549
1904
2549
2211
2549
367
374
371
374
2756
4072
2759
4072
916
3502
2901
3502
3811
1763
210
117
3095
2342
1678
3530
1680
3357
2414
1158
1153
1158
217
269
294
269
116
269
3544
3878
687
3878
3990
2071
1439
3713
2406
3713
2399
3713
3262
3713
2826
3713
80
421
3537
3467
3350
3176
3350
3174
3350
3821
2043
79
1089
1088
3686
3676
4191
4272
4252
4272
4252
4272
60
34
61
1000
999
2407
1724
2835
1330
4010
1330
882
1330
3179
3171
3027
3171
3902
2410
2382
3743
1702
3743
4051
3143
2591
3143
3355
3143
3555
3143
3028
3143
2013
1960
2014
1960
112
113
347
3475
1642
3475
2274
3475
2623
3475
824
1034
820
1034
560
2034
1694
3198
961
960
1862
2988
946
4068
3634
4036
2250
330
2953
3255
2606
2901
2902
2901
2904
2901
3406
3058
594
1999
1584
724
4117
724
2772
2610
3043
3183
3562
3183
681
3183
58
2159
2088
1032
1043
611
1043
1746
3134
1851
3522
676
2922
3904
1071
2524
3978
2841
3099
2163
2158
3490
763
3323
2716
2177
2716
2531
2716
2450
3291
2695
3291
850
1374
995
1374
2520
3600
1889
3600
4045
3600
1883
3600
2896
4089
1914
4089
2111
2453
29
2296
2568
3333
1335
3641
1335
3641
2390
3632
413
1070
3647
3485
514
528
409
2793
2758
2877
2601
2877
4036
2877
1762
3607
1775
3607
3497
2703
2496
2703
2712
2703
1335
3553
3008
3553
2884
3553
3641
3553
3442
3553
2992
3553
665
2383
3511
4059
4162
4151
4222
4266
4181
4266
634
1648
1179
1249
2398
1249
357
2355
1359
3862
2705
3862
2396
3862
2251
331
3432
2900
2250
2611
4088
3611
2199
3611
4080
3611
557
828
339
2228
394
2228
1938
2228
3051
2285
1935
2285
2640
2285
351
2285
1937
4138
3389
4138
4150
2629
2219
2577
1559
2577
4022
2493
1893
2493
2542
2493
239
205
470
961
2406
448
1709
448
932
559
933
559
4050
559
4029
559
929
559
1861
1471
2146
1471
1918
946
3474
946
3473
946
2711
2110
2836
1823
809
517
1365
517
3409
517
1527
4015
1527
4015
7
730
1443
1164
1443
3475
1564
1681
1564
3398
3388
3373
3562
396
3562
3394
3393
3838
3393
1839
3393
2812
643
1493
643
2345
643
1339
489
1338
489
3402
489
1846
489
1327
1326
670
671
1485
671
624
1345
3840
859
3864
859
899
859
964
859
347
2259
2966
1198
812
1198
2144
1198
2855
1198
3290
1198
1096
1198
3511
3010
2209
4045
3010
4045
2016
1599
579
2658
56
2217
3608
3785
1032
3785
2847
817
2099
817
760
1523
1509
1523
816
434
3429
434
3072
2937
3707
2937
3593
1864
1304
1864
549
3853
2659
3853
2603
2588
3423
2588
4086
2588
1506
1634
3926
1634
1168
1634
1341
1634
1373
1634
723
1634
1440
1634
1663
1634
1232
1634
1745
1634
1065
1634
418
1634
1410
1634
849
1634
747
1634
501
1634
667
1634
3392
1634
1289
1634
3782
1634
754
1634
1395
1634
1600
1634
3765
1634
1245
1634
1718
1634
2053
789
3902
789
2557
2189
1079
2367
387
399
398
399
2212
4028
2563
4028
3154
4028
4096
925
2818
1153
733
1153
1829
1153
2041
1204
1592
1204
1200
1204
1616
3930
4016
3930
2590
3029
1570
3412
4143
4134
119
248
291
248
204
248
2937
3219
3313
3902
3319
3902
3488
3902
146
277
182
277
863
776
871
776
1815
1768
2012
1768
3090
3822
1761
3822
2405
3822
4209
4185
2064
2048
1084
1083
606
3937
4096
3011
2205
3442
3504
3431
2589
3431
3142
2129
28
241
634
670
2022
3249
4254
4276
4156
352
3024
3148
3171
3148
3419
3148
4202
4182
3496
1892
1305
1470
340
1470
713
2111
1975
3667
1407
3667
558
3667
3909
3667
501
1111
754
1111
469
470
1822
470
1310
470
1311
470
2539
892
3796
3689
696
3689
3696
3689
1194
3689
787
3689
3841
3689
3800
3689
745
3689
627
3689
3739
3689
503
3689
1588
3689
486
3689
778
3689
782
3689
625
3689
1646
3689
1104
3689
1548
3689
3779
3689
1659
3689
3912
3689
1664
3689
1193
3689
1070
3689
1326
3689
1048
3689
783
3689
3799
3689
1514
3689
2145
2983
2663
1352
807
1352
4276
4275
1297
3660
3721
3660
1771
3660
3735
3660
2202
1670
4151
3053
11
1484
1129
668
1129
1590
1282
1511
1282
2718
2504
2567
3578
889
3578
708
4132
3382
4132
3377
4132
3906
3837
1581
3837
2376
1048
3117
2083
2268
1307
2581
2739
3570
3922
2112
3922
1751
3922
415
768
2402
1776
3241
3802
2338
3802
238
165
4179
4229
3572
2694
3855
3830
3888
3830
2169
2153
2654
2804
2257
1925
3652
1925
319
187
129
187
1855
2458
1068
1399
2412
1789
3318
634
3404
634
1565
634
2473
634
2158
634
2363
2314
2032
2314
2564
3953
45
2264
1087
864
2072
2388
3577
1434
502
1434
3295
523
2141
523
794
523
2444
523
2100
523
757
523
1344
3885
3299
1817
585
599
2862
2708
1754
2798
1758
1859
982
1859
1582
1859
3509
1859
1940
345
797
345
3142
4008
2204
1671
51
3584
2236
326
2622
4111
650
1489
3198
1643
826
564
559
564
23
183
758
443
3552
443
27
2223
20
1100
1517
1204
1517
2005
1110
2430
1110
82
1727
823
954
471
1803
471
959
471
11
1946
2716
2498
3184
1559
1645
1559
4109
1559
3863
1955
3610
2428
70
4167
2837
1811
310
306
261
306
4182
4250
129
130
0
3581
2848
1746
649
2547
649
2475
649
480
483
1869
483
2424
1300
1293
1300
3876
1449
1175
1449
2440
3279
4249
4237
4185
4237
1901
1885
3340
1885
3931
3472
548
553
3506
1829
832
772
2107
772
952
772
473
1004
1006
1004
2089
356
4165
393
1866
477
3605
477
888
477
2745
3587
1909
3587
3340
3587
2505
2974
1512
1511
1405
3505
668
3505
1368
3505
1752
3505
730
3505
2430
3505
1253
3505
2414
3505
1164
3505
2423
3505
3809
3505
1729
2548
2573
1896
1533
1896
2840
3769
2839
3769
2442
3769
4204
4188
664
783
139
179
180
179
2193
2183
2193
2183
1563
3580
948
3580
2598
3580
1412
853
1803
3899
369
2253
914
2253
3046
2253
795
1677
1594
1593
1595
1593
787
1529
1514
1529
2318
3664
3996
1322
3990
1089
3025
942
2728
2164
123
124
2381
1159
2414
1159
2764
3023
1669
4075
1511
1510
3860
1117
1002
1117
1698
3695
2352
3695
1711
2744
3891
3834
3890
3834
620
3203
3246
3064
789
3064
97
224
694
1301
1293
1301
359
715
919
3965
3987
3965
920
3965
930
3965
2977
3758
2843
3758
3895
3758
3312
1810
1714
2123
735
2123
2555
2123
1697
2123
3917
998
728
998
727
998
549
1998
373
3059
4053
2210
3609
1123
1652
1123
2400
810
3936
3865
1985
3865
66
4173
726
1715
1543
1715
3170
3017
844
2930
3809
2930
1268
3223
534
3223
2152
2989
2152
2989
1327
3934
3804
2360
2132
2117
1513
510
3915
510
863
2159
1073
2159
871
2159
2832
3098
259
216
3723
1164
37
1942
1922
3468
4144
3468
1542
3635
1920
322
3307
3482
685
2089
1316
2733
705
2733
3333
2733
87
3438
3436
2898
3436
261
226
311
226
821
529
785
529
1489
677
3925
677
588
593
3526
3525
3527
3525
1336
3525
4253
4206
4253
4206
1473
1853
712
3799
2367
3799
1789
3799
713
3104
1426
1286
1277
1286
161
304
456
1783
1860
896
1094
511
1418
511
3487
3548
3866
1393
1489
1393
1329
1356
3624
1356
4005
1477
1536
2004
3089
2004
2393
2004
3475
2229
1681
2229
1983
1772
1927
829
2271
829
3919
1553
3820
2361
362
2628
3959
885
3435
449
1709
449
2706
3252
2020
1483
977
1483
1416
2931
853
2931
1136
1649
1135
1649
1556
1649
3803
1295
1267
1295
2047
1248
746
1248
4197
4240
4186
4240
1904
2211
1904
2211
2875
3459
3467
3459
3460
3459
3176
3459
2586
3459
3174
3459
3014
811
956
955
198
287
320
287
3041
3518
3040
3518
1583
3518
3272
3773
3099
3773
2425
3773
3805
2843
876
3445
4104
3445
3952
488
750
488
2196
2871
2196
2871
1050
3818
3479
3818
18
73
454
2423
4228
4210
4195
4210
3965
558
1475
3604
1700
3604
1890
3604
1474
3604
4015
3604
2349
3646
618
2346
1808
3428
1196
3428
1195
3428
806
1234
3774
1234
3399
3415
139
140
406
967
2014
967
2881
2543
2207
2543
2739
2543
2608
2589
2826
2325
3012
2188
925
2188
3011
2188
1882
2464
663
788
1082
3988
3346
3988
4013
3988
3341
3988
3152
3988
2545
3988
908
1914
2234
1914
2494
398
397
398
4034
398
3314
398
2890
2571
2889
2571
2705
3848
2651
3905
401
3905
3500
3499
3386
2258
3563
2258
3652
2617
2279
2617
2911
2617
2509
1199
1608
858
764
858
896
858
2020
3825
3872
3825
3024
3993
4007
3993
1868
3993
722
3993
2576
3993
3171
3993
1634
1598
557
2659
336
337
3279
3263
1538
3616
1424
3616
1987
3616
1549
3616
1653
3616
837
3616
1724
3616
4194
4231
689
3782
1358
3782
697
3782
2641
684
4035
4031
4033
4031
2178
4031
3280
2049
1593
4042
2181
404
2494
404
2490
404
2997
404
1566
2907
1567
2907
880
754
2591
3028
2591
3028
3050
4130
2285
4130
2755
2570
3483
2570
3030
2570
1086
1604
3812
1769
96
223
4032
3149
2135
4012
1844
3296
1617
3296
2833
2952
3611
2870
3358
3565
3515
3565
3354
3565
20
4176
2485
1077
1866
993
4175
2128
133
134
2004
3709
3773
3709
4105
2882
1060
1128
1485
1128
3598
3354
2254
2775
3323
2077
1624
2077
1667
2077
1628
2077
570
1993
16
4177
771
1270
526
1270
886
4083
886
4083
4160
2292
4018
3534
3766
3729
3070
3729
171
182
184
182
4262
4233
2556
769
2012
604
2010
604
91
43
887
3177
886
3177
4083
3177
3903
3093
3935
1754
169
291
4093
4086
180
154
140
154
3636
3671
1630
3671
3692
3671
3719
1404
2038
1049
2369
1049
2965
3882
2842
3882
2496
3882
1685
1684
3686
1684
2883
2738
3393
2389
2672
2945
2831
2664
1605
1337
4067
598
3967
598
974
598
3416
1858
2537
1858
1552
3925
2817
2799
789
2799
3318
2709
1565
2709
2158
2709
1072
3805
1071
3805
3948
3805
3111
2417
1875
3948
3767
1398
1649
1398
3144
2459
368
914
1479
1788
2117
2834
1532
1967
1551
1967
1780
1967
390
1967
550
1967
3738
1967
872
1967
3844
1967
3891
1967
1557
1967
1321
1967
1734
1967
365
1967
3890
1967
3767
1967
1657
1967
402
1967
1535
1967
3609
1967
1547
1967
372
1967
380
1967
3908
1967
1531
1967
1046
1967
3531
1967
1652
1967
407
1967
3843
1967
2355
1967
599
1967
553
1967
1649
1967
2346
1967
2945
1967
193
303
2782
2623
254
160
233
160
124
160
3507
2712
2197
2712
2993
2712
3516
1558
3354
1558
3138
2499
1411
1271
1461
1271
2070
3624
3417
3918
2554
3408
3161
3408
3534
3408
569
2926
2935
2926
409
2926
373
2926
3810
2926
366
2926
2803
2926
678
2926
676
2926
3811
2926
365
2926
620
2926
657
2926
578
2926
3238
2926
1535
2926
632
2926
3798
2926
614
2926
3863
2926
392
2926
3812
2926
3778
2926
3792
2926
1031
2926
3620
2926
2355
2926
643
2926
3853
2926
3865
2926
593
2926
3905
2926
555
2926
3929
2926
656
2926
1038
1488
1651
1488
3487
1243
64
2190
2534
3954
1727
2502
1727
3307
1727
2504
1727
2773
3188
2591
3025
3355
3025
3028
3025
3427
1401
2994
1401
217
252
117
252
113
252
2274
1681
1643
1681
2782
1681
2427
2660
608
1037
726
1542
1543
1542
761
4063
3590
4063
3294
2830
2008
3569
3750
3569
760
3569
1509
3569
1179
3569
2006
3569
1032
3569
3887
3569
1228
3569
3815
3569
691
3569
630
3569
1407
3569
558
3569
3909
3569
2171
2146
804
601
600
601
2952
3705
3134
1751
3200
3193
3375
3193
3383
3193
462
910
2005
910
1405
910
1266
910
1484
910
2350
910
802
910
857
910
2432
910
1787
910
2381
910
668
910
2379
910
844
910
1368
910
1752
910
730
910
651
910
3764
910
1134
910
2430
910
2371
910
831
910
1095
910
1417
910
2414
910
2429
910
817
910
1153
910
2423
910
1754
910
3809
910
1252
910
1000
910
1878
713
3536
713
3320
713
3923
713
2510
713
2149
713
1029
622
1996
622
3622
2125
3643
2766
2247
2766
4208
4217
2127
1842
1882
3973
1886
2530
2102
3281
3121
3281
3384
3046
4139
3046
1423
1422
1580
3558
549
555
2576
3419
1193
1274
2389
1274
376
386
2714
386
1902
2196
1334
2196
4068
2196
2698
706
3913
706
3002
796
799
796
2167
796
557
3909
1506
3212
1410
3212
3562
3366
3328
2531
324
1883
323
1883
4059
1883
3936
1656
827
456
509
456
1091
456
1816
456
1842
456
1092
456
376
377
370
377
2983
377
1910
3338
2454
3495
1879
485
1708
485
2514
485
3575
485
835
3829
3885
3829
4252
4205
3857
1953
1541
1953
2034
1953
1576
1586
310
307
311
307
976
1349
1656
1349
596
600
2728
855
3129
1092
2274
2255
3584
4150
3167
1595
329
1595
322
1595
777
1750
53
911
1029
3449
2348
3449
1174
3449
1537
3449
1992
3449
2005
496
831
496
4246
4243
217
284
115
284
978
2831
1414
3242
678
3231
4119
1680
2061
2661
4253
4251
89
45
514
785
1101
2328
19
77
3330
2185
2563
2185
3154
2185
1946
395
4274
4202
1401
1400
919
929
920
929
930
929
2278
1929
207
121
391
400
399
400
3921
1395
2137
1395
1797
1785
4275
4241
4224
4241
1946
680
2322
3682
1403
1231
1175
1231
2050
2948
3803
2948
2986
2461
4202
4253
2401
1496
1913
1911
3180
1911
4109
1911
15
4166
3604
750
3334
595
935
595
934
595
2874
595
3353
2574
3025
2574
344
4140
342
4140
4154
4140
343
4140
3913
2092
1361
1855
306
295
226
295
4151
349
2016
1600
2208
586
4030
586
934
586
1871
586
2155
586
1309
953
1864
953
234
204
202
286
220
286
164
286
2657
3929
382
3929
1486
1485
2403
1377
2019
1377
1592
1293
1200
1293
2418
1456
1786
656
4172
883
517
3809
2990
1796
429
1796
2452
1796
1530
1796
1858
1796
700
1706
2382
1706
3864
1386
2356
1386
61
4175
4090
2874
1620
2874
938
2874
937
2874
3502
2874
2527
2992
49
4163
1136
1555
1135
1555
1556
1555
1078
422
2105
422
3993
422
1077
422
1490
3718
2377
3718
492
3718
785
3718
3325
3137
800
3873
2337
3873
24
2242
489
842
305
255
308
255
1636
2778
3381
2778
3637
1125
1346
1125
2054
1622
4023
1713
4023
1713
2296
1910
3796
3748
1070
3748
100
227
3117
751
3931
751
3094
1146
1140
1146
836
1601
3869
1601
1176
1230
1537
1230
3165
2735
3341
2735
3344
2735
532
542
1187
542
2966
2037
812
2037
461
2037
2855
2037
2495
2460
2495
2460
1948
681
3807
3725
2673
3725
2671
3725
3775
3725
2664
3725
3624
3725
114
210
391
401
399
401
1818
727
4216
4268
4215
4268
4271
4268
691
1056
3403
1056
1254
1252
200
191
140
191
3465
2592
795
2592
3801
3699
3722
3699
3105
3100
4040
986
176
311
3345
3344
3758
1161
1850
3306
3140
3969
3498
3969
2846
1182
4207
4257
4241
4257
565
718
936
2000
581
2000
2098
2000
3451
995
1203
1207
487
1207
2227
4087
4191
4230
4223
4230
2752
3314
683
3314
3361
4079
913
3573
3574
3573
4061
1867
1188
2934
292
283
108
283
3510
3509
2194
1888
2136
437
1080
437
2700
437
3324
437
1834
437
2870
437
3600
4003
2215
2526
3512
2214
711
3958
2175
3958
2724
3958
1545
3958
2483
3958
974
3958
1079
814
2412
814
2715
3122
524
3765
390
1958
380
1958
2610
2899
2773
2899
2403
2001
3897
2001
2411
2001
957
2364
840
2364
962
2364
2136
2425
2700
2425
1834
2425
767
2845
1720
1637
2994
3895
2861
3895
2156
3895
414
1160
2325
1160
4122
1567
917
1567
2971
2826
932
3594
933
3594
4050
3594
2195
3594
2183
3594
2981
514
3951
514
2716
514
1863
2446
3132
2022
2860
2022
3371
4110
3109
3275
3302
3275
4027
3101
801
2545
1678
732
2368
2323
1039
2323
759
2323
3861
2323
746
2323
3747
2323
3637
2323
835
2323
1140
2323
1427
2323
803
2323
1411
2323
3808
2323
2352
2323
1507
2323
3888
2323
1346
2323
582
2323
3885
2323
3773
2323
2359
2323
4190
4211
4250
4211
1554
1732
2319
3656
2803
2646
4174
3398
3642
2971
2977
2971
2843
2971
2384
1022
1785
1022
4148
3383
2292
3383
509
1514
1421
1514
1816
1514
1801
1226
3862
1226
561
567
3594
567
866
2943
1891
2160
1473
3455
4260
4213
4183
4213
1549
3734
1653
3734
2580
2740
2751
2740
3478
3529
3489
3529
3499
3529
3256
2317
3551
3795
3859
3795
1408
1245
1826
1245
2092
1245
3021
4023
3175
4023
4037
4023
3084
2359
2676
637
3867
637
1462
1298
4000
1001
3309
1001
997
1001
1838
1001
765
1001
888
1001
0
231
959
958
2636
3377
4138
3377
39
2289
1098
1814
1931
2625
161
170
1358
3858
495
1437
800
1437
2949
3060
2774
3370
1929
3370
3977
888
3378
2267
2683
867
3456
2482
2418
3061
2766
4109
912
1304
924
3639
3349
3639
923
3639
3271
3086
2031
3086
2619
2773
2256
2773
5
2697
1781
2807
1702
2807
634
1995
1315
2552
2583
2552
1001
1000
3963
1718
741
1718
3173
2741
2891
4052
4069
4052
4069
4052
1943
3156
4184
4247
3266
3869
2821
3869
2028
3869
1942
2782
3533
2161
308
164
2845
2970
866
1986
2704
2392
2495
2392
2460
2392
3614
2507
3292
3095
3532
3095
4207
4224
2480
2852
2727
3326
2447
2056
