3554
119
518
3090
2602
3770
91
2975
3334
3777
2938
3267
1241
1884
818
1990
339
2657
2218
1273
2619
1197
1005
3997
1954
2621
2368
3260
3990
192
969
2587
1767
3184
3065
714
3726
2620
1991
1136
2909
532
2745
2047
1240
662
2165
2726
1079
2912
3091
2232
832
3147
1462
462
2540
3714
1832
4190
3036
2079
1165
1662
3744
2840
1047
1308
1532
194
2136
991
3706
2420
3179
1714
3299
218
767
1969
1294
2376
2457
3649
954
2419
2797
2873
2005
2707
1339
990
4222
2421
1818
884
4051
2841
2387
3496
2682
88
3619
2402
2573
2497
1518
4225
2752
200
3105
3365
2541
1827
513
2566
1391
3954
1781
3162
4171
1447
313
1235
647
21
2730
26
2324
2465
3796
1915
591
310
1851
2213
1679
813
1120
1527
2866
3598
1278
2933
1481
2062
3456
1742
3655
3583
3282
2363
1551
2636
479
1119
1550
1157
806
696
2206
3325
3211
1480
1087
3348
4204
1121
755
1102
3200
590
3439
1605
1850
4129
506
3232
2731
3241
10
1780
685
3318
3207
405
1972
1390
390
3220
3021
972
17
1405
2987
1685
189
780
3681
2180
1506
3227
850
4165
605
3019
2250
1590
3057
2102
1755
230
2121
2087
3305
1303
480
122
1696
1806
2774
3002
2157
550
2119
3276
1479
551
1316
3394
742
2535
1062
481
1266
2878
527
2120
1813
2436
679
851
3738
2251
1591
915
3896
2835
1647
447
781
2665
2944
3854
2181
391
2578
3020
3766
2227
1513
827
2743
3668
3435
2771
1362
1212
2124
145
4193
1932
3636
3063
1016
3577
688
78
408
3329
3838
3866
3570
1209
66
758
3024
1608
2940
3754
2163
1238
4041
2941
1639
2468
784
4032
2184
3781
4000
394
1918
2897
2973
854
2254
3659
1594
439
2676
4007
1869
484
4011
4226
3526
2770
554
1275
1003
1569
569
2875
2003
3387
1554
36
3506
3380
1484
3544
2538
2302
2269
869
2321
272
2668
1439
594
2575
4020
181
3103
1854
2287
4085
3373
918
1394
3672
3881
1784
2476
2357
639
2319
4027
3514
2838
1163
3116
608
3309
1758
2699
2512
2809
3966
81
3938
1408
1688
3696
2320
2734
2016
60
4090
932
59
4076
1124
3464
2812
2509
275
362
4191
1711
3197
950
4067
2748
1290
319
1039
3068
3190
880
3471
213
2272
994
1729
4060
872
403
217
1906
683
3977
1176
2168
753
3970
572
1603
1913
62
2978
3814
1233
416
2544
379
2463
1616
3608
515
3424
927
2365
3806
2424
2844
3984
881
3844
2935
1291
2215
3926
815
1710
1008
1347
951
1951
347
710
2008
1815
2624
3826
235
3615
1244
3944
3416
1881
2533
23
105
3906
1927
3369
4197
3108
1515
616
2663
3645
2336
3481
1379
9
3628
2833
1416
3446
3914
3404
2966
290
913
603
1572
3094
3870
1753
3566
3358
1168
2176
3877
1683
906
3139
3295
1403
3538
1872
1994
729
1880
3076
2039
3251
1305
1950
711
4189
1115
1612
1723
280
3144
4092
3874
3561
1033
412
759
1208
4035
1609
3256
340
717
1764
689
2044
1920
409
3289
3411
186
1921
1194
3940
2654
1887
438
2276
1868
3901
876
1239
2584
3821
4184
2469
1638
3947
373
1919
341
1957
3910
3432
1675
3441
3
3486
1172
3239
576
1568
3400
3917
1902
3407
475
293
1475
902
3817
4127
3420
2539
568
1576
3427
2172
2494
675
3810
957
1341
2454
919
1297
3847
1373
638
3987
3921
2839
2318
3801
1876
868
2384
2268
1438
2669
887
3840
2794
318
3072
921
3980
2704
1409
920
3194
1044
4064
1689
3133
3476
253
764
3675
1717
609
1340
3015
2808
2698
1759
1412
2962
2033
3974
4094
195
612
723
2115
2332
2508
3069
2672
3691
2280
1728
2905
2749
46
3961
1038
2350
2169
1075
1154
256
1203
3467
3460
1084
4071
433
1216
1863
84
4098
3501
1936
3540
1012
1524
3384
2979
1366
1633
378
285
3547
1444
2351
1563
296
3510
240
335
2615
1824
3886
1009
2281
2327
3733
3517
4024
644
965
1965
1644
2415
2009
4046
2891
2224
824
3786
3112
1335
563
2947
444
2516
4004
3588
633
1378
366
3521
2313
294
524
4016
2012
3109
936
2263
863
3593
2816
1433
3292
2084
3138
116
3631
3343
3642
2306
2693
2777
2154
2803
2075
314
1169
2038
2984
3861
3574
254
2890
3750
2472
3612
3313
3054
3175
728
2503
178
3757
521
3397
2080
487
375
4126
150
3271
802
519
692
2202
3390
2150
557
2894
2221
3850
821
397
473
2369
787
2187
968
3378
441
2980
1976
3761
1106
2939
1641
4123
3857
2219
1673
338
1597
3050
502
819
857
3891
261
2618
2257
28
2908
3051
1640
144
3933
1035
440
2981
173
3224
2562
2220
3686
820
1113
1725
3166
3027
1746
4091
2151
177
2632
301
2081
2862
520
2127
2066
1078
3013
2078
1066
1127
1520
1262
1081
2432
3135
1312
3216
3362
1151
3663
25
746
3178
725
2113
1820
1440
2737
2035
3833
3204
1309
640
3246
2284
3791
1857
1502
1819
597
1338
673
3957
2106
641
57
1441
976
1968
2354
1787
1397
1473
2418
1821
3950
1557
1
1150
1692
1519
1802
3006
249
1375
1487
1080
3451
1521
1040
2381
1132
1635
2847
536
2427
2791
4056
3235
2701
924
1344
2451
435
760
1865
2916
2547
963
2236
836
3623
478
3322
1466
2491
1678
333
666
3491
1279
2722
2613
297
1565
3717
4039
225
3533
2903
1118
3353
3652
3710
2490
3285
2606
761
3747
2450
257
1073
997
1205
2790
2700
3740
2380
1041
3701
4264
3187
94
2041
1190
3018
2695
2073
2805
1997
4228
2650
3180
2372
110
3721
2580
1761
3141
2756
3097
3173
2505
2118
3679
2686
2406
4105
565
3557
3330
104
2879
1666
3302
1333
678
3603
466
1478
1836
2413
3550
3337
3774
3140
1963
3032
3264
2265
865
221
2581
1760
1435
2627
4270
2579
268
3994
344
1191
1924
1536
2651
1247
635
2315
2132
305
2040
4093
1116
1940
3163
809
512
2209
2024
699
2608
8
734
3254
3678
2932
4096
2063
171
2212
812
509
3124
3560
3876
1771
2362
1743
3567
2569
3447
1770
2275
875
3401
4121
202
3484
538
3440
3911
1676
668
245
321
3907
2869
1103
1254
3417
3820
575
2594
3900
2918
1897
1973
3827
838
2238
3941
1941
2639
476
357
1468
1184
3932
3410
3981
3832
2784
468
3841
941
1476
1357
1319
1838
3927
897
973
2394
3800
1575
3920
4135
2103
2854
1287
1269
190
3807
1321
1668
2439
676
3811
2484
1538
1302
3662
3363
1875
3003
3421
5
2554
770
262
184
743
771
3976
1509
1812
3016
1063
2688
1320
1734
4038
2408
3474
2758
1024
1699
1809
1512
4066
302
940
3196
2116
4070
1094
3461
2603
3168
120
2906
1139
4077
3323
3622
38
3697
2729
1272
3960
2068
1076
3967
1748
2290
4
3690
2711
1215
4026
624
2710
2347
1935
2291
114
3884
1844
533
3511
1365
1424
98
3653
1108
3352
3585
336
663
211
3507
2616
2233
3386
833
1544
309
3541
71
3532
1463
3500
2913
966
1978
3379
978
1966
68
463
2379
544
1833
2416
3527
4014
1663
1336
76
3520
2108
2515
424
4006
365
2927
4044
2244
1533
2881
844
3784
935
2951
3008
2815
1624
4198
2950
54
3039
748
229
3867
2305
3751
41
2880
2076
1068
2872
3576
3860
4273
2994
2403
199
3637
2683
2139
3176
3630
2572
2094
3602
2753
3303
3890
3767
1587
419
2954
1621
3589
1368
457
376
3760
421
2990
1657
1218
2273
2197
1619
707
797
3897
873
1938
387
2241
3851
841
2884
4122
3391
682
3270
402
1975
1105
752
4219
497
573
2090
1602
3277
541
1232
55
2147
540
2462
1912
1036
2091
3433
3165
1726
1745
3047
2240
3684
840
420
2991
1909
3226
2
1620
1179
2767
2065
161
1065
3244
2179
3206
620
2714
3136
909
1420
1840
2308
2532
745
726
2662
3214
4115
3079
1091
2036
141
912
1540
1147
4097
2832
3450
4124
1541
602
1090
1497
1573
2518
146
1752
2105
97
95
975
1402
3457
1682
3951
1841
1387
3375
938
3005
3797
1873
1797
1707
619
657
2339
2818
1421
1376
1457
368
621
1419
587
2969
3790
2294
2551
1363
1636
2742
535
3490
2481
1933
3062
436
2679
1213
2527
1866
878
2278
3497
2915
2851
2235
835
1730
1324
1465
4054
944
665
2781
2162
2447
2827
1020
578
2391
1566
106
1021
3700
2972
2390
3741
3732
2780
987
3707
1731
86
1057
1019
2605
4145
2850
2480
3711
1206
4128
2550
1002
774
1774
2002
3157
3119
3293
2696
3592
2806
3288
3087
2303
131
3121
4155
2019
1250
2590
2057
3102
3720
2755
3181
731
2506
1987
3727
2685
1180
2021
2405
566
1578
2020
1227
2513
3238
1162
1944
1665
1181
465
3996
289
324
730
1835
2647
1251
2591
3266
3312
3613
2266
1878
866
3120
3776
2813
1436
3551
933
1535
2479
636
363
3331
3643
2316
3342
2673
1219
2597
2050
3991
1618
1257
3261
2641
1939
354
1187
1980
2976
1894
1221
3629
418
1369
1202
3150
4223
3336
271
196
1006
3771
3080
3368
3556
3127
3066
1013
432
3081
1862
4214
1135
1632
2746
4196
3151
1220
279
3359
2725
1178
2166
2027
1981
1562
3539
3724
2640
4033
737
1908
2051
3186
3673
1051
908
3372
1737
3035
2309
562
981
3704
2440
1027
185
1166
2178
2820
3746
3113
632
2135
2312
2262
862
1432
2013
3078
3716
2520
128
4221
2521
2375
2487
2006
4120
2557
163
3494
2692
2802
2519
369
2473
2397
1418
2821
4050
894
980
2441
2968
167
1354
2787
4057
939
3106
618
3609
1284
2857
2819
2502
1050
2338
239
2565
2678
1613
2279
1722
879
115
1236
413
3454
2466
1491
1916
1032
1547
1140
581
158
2865
2344
3735
3794
1451
579
627
651
1427
1791
3956
1701
1381
2635
1847
1380
3247
4254
650
805
2205
695
1790
1018
1700
3240
1450
580
3201
372
756
267
3308
3217
1606
1141
505
1097
1173
1490
1903
3210
686
3939
406
22
1406
3328
3839
1686
903
490
4227
2097
2173
203
1505
3118
606
2141
29
3345
1756
1372
207
1580
2761
3687
450
3669
2190
700
2018
3680
790
1695
298
1805
3073
2997
1650
4244
3221
3315
3041
380
2247
847
1315
3132
3764
381
3040
2191
2924
701
791
3856
427
2536
1651
1627
1579
451
3894
1265
1581
2760
2435
2140
547
2963
2032
916
491
138
2478
3595
2836
1413
1879
613
722
2666
2333
3396
3658
258
3274
3756
2920
101
1133
3571
3864
3044
63
2764
698
2208
808
3935
1015
2609
3634
2144
962
315
208
508
332
2612
2723
44
2902
539
133
3524
4017
3739
2568
4010
494
2675
51
2919
454
2957
2239
1584
839
3787
1469
4047
2638
669
2887
4234
1276
384
2868
4001
704
3780
2921
2194
1072
137
794
4040
1654
250
654
3516
1794
2072
153
3880
1704
2876
3599
1384
109
1268
2438
1669
2373
2297
469
3887
4021
1839
584
1318
2341
1454
3546
3172
1494
3381
48
2576
3504
157
152
4220
1539
2475
3115
24
1332
4195
1508
3438
3665
3466
1962
3033
4074
1144
3319
263
2412
2717
2340
3694
2015
74
3835
1808
4192
2759
1698
3964
2689
2133
3349
2409
1138
3355
3971
149
3283
3582
803
777
693
2203
3535
3298
3169
1749
4061
984
3470
1350
1905
472
890
3191
1672
3477
1280
503
1054
2728
1175
266
112
2069
6
4174
1327
3924
3618
415
1281
127
1112
1615
2824
3986
891
3846
4099
3804
30
516
2444
3233
2563
1351
947
123
2366
3648
2633
3426
1979
1109
2936
3816
2524
2216
816
2863
3625
168
1263
3406
1816
2433
3916
3012
3444
3480
2109
979
2378
3487
1313
3605
351
1947
1516
3904
3009
3414
1224
3946
1891
615
2335
2112
1415
2644
2965
3824
327
1069
2054
2175
1503
3250
672
1890
1472
905
350
3257
3038
1984
749
1693
1777
3154
3075
1803
264
1306
3871
3564
3084
2138
1956
1583
1549
3972
3581
111
453
3528
2193
2277
703
299
877
793
2528
3545
1886
3070
1653
4200
3859
383
1849
355
4062
4246
3399
1895
611
3192
900
2331
214
1429
493
577
2170
629
3515
1411
2828
2448
2961
85
198
2143
988
2960
2171
3868
1410
610
1058
2724
901
2330
3836
72
259
3243
1134
3638
3465
3043
922
3071
220
1342
1099
716
3213
2763
3666
1716
99
3434
3158
2099
342
251
1922
4078
3088
2134
238
3698
3936
1901
2999
2058
1610
410
3968
3755
1171
3034
3683
1988
1143
411
1285
1228
1629
1170
1577
1493
429
126
1900
4088
1611
895
4161
4256
2648
2249
1355
849
1383
3959
653
886
4139
1793
1877
1703
3508
1296
1453
2374
3872
583
549
42
956
1367
458
3928
3614
1588
2634
3572
1189
1937
388
2864
3808
2345
798
2198
1259
708
2010
1658
3945
1217
2599
2523
2326
3644
232
3606
56
3405
2443
156
102
2564
498
2471
3110
2823
3915
175
2892
2470
3111
983
2148
3749
4232
4277
3294
39
504
40
3129
1053
4084
2011
739
3048
3719
4037
4235
4002
2768
804
2204
4030
694
2029
4082
1694
1029
3153
1804
151
2776
3670
4179
3083
4172
2307
1739
4022
312
1011
3677
3536
2670
2053
2282
3382
1504
3189
1148
3356
1983
2352
3568
247
1223
3815
2517
2946
1498
278
2559
4194
3626
3448
2489
2643
4216
3425
2671
2817
3985
3845
658
1708
1010
1798
2859
3908
3418
4053
1264
1388
937
3559
2434
2789
1314
588
3339
70
2925
136
69
3828
2399
1458
367
3167
1442
3026
3280
3715
1822
779
3287
1501
2145
642
1260
206
270
2765
2126
2067
2430
3745
3473
1014
1522
3728
1691
1801
1747
15
1310
3045
949
556
3237
1311
385
4255
4164
705
2195
1152
795
2348
1690
1655
1800
3230
455
3409
486
1261
1585
3919
1082
1329
3202
2431
856
2256
4252
1596
495
2674
4201
1500
1107
1893
1977
3364
786
2186
3949
353
396
4269
4100
243
3483
3989
2982
3849
1396
2561
1353
3555
4203
2474
1786
893
977
3052
2107
500
1283
317
1495
4242
596
3498
3335
1856
18
2082
329
3819
2861
585
1486
2928
4162
1455
800
655
690
2200
1795
3007
2152
1705
3429
4245
1385
4259
1556
1949
3222
2631
3253
747
2630
801
691
3185
2201
522
4119
3708
2014
1067
1126
2860
1642
1145
501
2736
2222
1779
822
3114
47
75
442
2560
3469
2607
3992
1174
1055
3316
3262
3031
985
1904
1192
4149
3304
2652
3346
2131
996
2370
3772
2582
292
4207
2343
3395
2525
2371
1762
4215
3519
2130
537
4013
3458
2426
2042
244
3596
2846
1614
2825
2445
3798
4212
166
2889
667
3142
3549
358
1467
3030
2237
4043
837
3783
414
2546
2959
1898
2917
3855
3955
898
3371
3768
1414
2645
2964
1837
3883
467
2299
1358
1667
3898
1225
1288
246
614
2334
193
2720
3736
2923
1246
1042
1537
1130
197
762
2626
3654
3278
2452
3324
3085
3759
2382
1996
1131
4159
2792
2702
3155
3074
2407
904
2721
1985
2687
4236
4081
3096
2055
2174
2757
2719
4168
2492
3327
2422
2046
2842
3579
4073
1530
1137
3320
778
3125
1766
3146
3688
2751
460
735
2542
3963
1830
2681
139
1660
4218
3693
2727
2025
2401
3205
2400
3731
3742
2680
4261
1661
14
1328
1185
461
948
3376
1831
2349
1255
4160
2595
574
2750
4146
2953
2586
228
93
3712
4104
3650
1196
215
4009
2883
3503
1531
2656
3657
4143
2274
992
874
2386
1874
1992
4153
2555
531
282
4102
2796
3591
2706
4029
2485
2377
2456
2293
3523
4199
4170
2911
4156
1574
3389
3092
2855
2600
2231
3182
831
132
1948
1461
4263
2496
328
2785
661
2929
2395
265
107
1025
3248
660
2230
830
3863
1735
308
1460
3037
2910
3311
2601
3225
766
1778
2622
2713
3218
3307
3552
2137
3300
530
103
1242
1046
3341
3633
159
3332
3979
1061
482
4137
1086
3000
552
807
4180
773
697
2207
4267
1156
129
3852
741
3392
27
3563
782
4069
2182
392
970
3199
852
1095
2252
1592
2100
507
4258
180
1545
1323
147
2101
646
162
96
3775
1446
3443
3022
971
943
2567
1826
174
1845
359
2637
3823
3995
740
2958
1899
3265
3001
1364
1425
1214
3413
4058
37
625
2122
2867
1934
2888
1060
143
3903
1526
526
3803
2060
2437
142
1267
934
3234
1122
1289
4113
2814
1625
425
364
899
1740
1317
2245
3923
1359
2298
845
2226
826
1943
3360
3160
4116
1971
446
2514
3367
1646
1101
31
16
323
2732
545
4248
3056
1507
1100
592
2095
1852
3284
67
1970
2986
1392
4108
1782
3161
1741
3952
2156
1697
1773
1807
2995
1552
242
2718
2086
1482
2061
3879
2304
1104
3999
1253
2677
2593
3493
2529
3462
4238
3269
1548
2896
1183
3488
1974
3621
2511
628
361
2829
2449
2885
1848
4187
3779
931
2300
2955
1428
4157
2811
4260
1017
4065
2810
3123
1059
2064
3703
930
3195
2301
1744
989
3512
3258
360
212
3674
1098
3351
2023
3975
2510
3164
733
2322
288
3531
3542
3290
3089
1733
2942
3297
3117
3875
1023
3159
2098
1360
169
3723
83
1989
4034
744
1930
3478
1064
2998
2059
1210
2715
2017
1211
428
4147
3617
2483
2649
1931
848
2295
2248
49
3610
50
3752
3004
2772
1229
1361
148
2553
1628
974
3647
2393
2356
2477
2783
548
3640
2286
3601
4101
2853
2104
664
945
389
709
1617
1258
2199
799
12
3893
1659
2598
3888
2914
459
1571
172
417
4005
2234
1543
1589
834
1325
1188
3763
1464
4095
1346
3273
499
623
712
1871
4117
33
1423
534
1843
926
1882
1870
3437
3128
775
108
1952
3402
3209
2149
3912
3430
201
2769
4181
2028
1093
1177
1570
3575
2604
4271
52
4080
1907
738
3931
3049
3942
3842
3831
3982
2684
4183
1738
907
2404
570
2093
4136
2177
1028
2754
3812
1292
1149
3661
952
1775
3422
3077
2993
2270
4178
4133
870
882
3229
1926
2488
2243
3385
843
1534
423
2271
4018
3453
871
1712
1623
1499
2558
3586
346
464
2788
325
1834
2967
543
589
1417
209
571
4048
1459
2398
3788
2337
659
3793
1799
4025
2858
617
1709
1389
1945
1664
630
2747
2310
2045
125
2691
2801
3245
3228
2522
2260
860
1765
3126
1430
3067
3145
736
3215
2501
3321
260
1114
3463
2822
3492
560
2167
2442
2026
561
4049
982
3789
3543
2977
2893
474
1186
3651
1674
188
2500
1052
1256
2596
4262
4274
2261
2585
4019
861
3737
2329
1431
3513
4142
3374
928
4154
1195
1007
1348
236
2690
2655
2800
3730
3702
631
4239
300
2311
4265
316
2385
4249
2556
2949
1631
1200
348
2795
2007
3152
4144
2705
2486
4152
1928
2455
431
3722
3082
4103
89
1861
90
3597
2856
2052
3107
2283
674
2495
1474
3590
2786
3889
1982
234
4106
2396
1561
2353
3340
1026
1167
1560
2779
1222
320
2114
3301
4118
222
1736
3347
2642
430
3310
765
1860
3753
3014
3685
1201
273
3317
3208
1045
1630
452
1370
1582
1085
4125
3272
3131
276
382
1155
1074
2192
702
792
3479
1652
13
135
4208
721
32
2904
407
687
3762
1096
2031
92
492
4148
719
19
1607
757
3892
1546
2898
1959
1917
2142
2030
2467
3943
1237
964
645
1445
1889
720
334
2614
1825
65
1846
3403
219
923
3130
3913
3042
1426
1371
626
2762
4114
1343
1525
525
3423
343
4209
1626
371
426
3813
2537
233
100
3778
1923
3361
4112
2246
846
3268
2288
2225
825
1334
1720
2667
889
445
3998
1964
1645
3983
2837
3843
1030
3489
1299
2358
1142
4055
3236
917
959
546
2414
3792
3174
3055
1757
607
1719
4158
1492
4186
1031
2096
2985
4131
1687
1407
118
274
1721
652
4169
1792
1702
176
2074
2155
1382
2996
155
3286
2085
582
3259
370
1452
3452
35
1448
1961
281
3170
3692
2411
1828
2895
1331
2429
2849
3962
648
4141
3620
4107
53
1277
1193
237
1528
2886
2070
2653
3627
2956
2583
2549
374
4072
3502
1763
117
2342
3530
3357
1158
269
3878
2071
3713
80
3537
3350
2043
79
1088
3676
4272
34
61
999
1724
1330
3171
2410
3743
3143
1960
113
3475
1034
2034
3198
960
2988
4068
4036
330
3255
2901
3058
1999
724
2610
3183
58
2088
1043
3134
3522
2922
1071
3978
3099
2158
763
2716
3291
1374
3600
4089
2453
2296
3333
3641
3632
1070
3485
528
2793
2877
3607
2703
3553
2383
4059
4151
4266
1648
1249
2355
3862
331
2900
2611
3611
828
2228
2285
4138
2629
2577
2493
205
961
448
559
1471
946
2110
1823
517
4015
7
1443
1564
3388
3562
3393
643
489
1326
671
1345
859
2259
1198
3010
4045
1599
2658
2217
3785
817
1523
434
2937
1864
3853
2588
1634
789
2189
2367
399
4028
925
1153
1204
3930
3029
3412
4134
248
3219
3902
277
776
1768
3822
4185
2048
1083
3937
3011
3442
3431
2129
241
670
3249
4276
352
3148
4182
1892
1470
2111
3667
1111
470
892
3689
2983
1352
4275
3660
1670
3053
11
1129
1282
2504
3578
4132
3837
1048
2083
1307
2739
3922
768
1776
3802
165
4229
2694
3830
2153
2804
1925
187
2458
1399
1789
634
2314
3953
2264
864
2388
1434
523
3885
1817
599
2708
2798
1859
345
4008
1671
3584
326
4111
1489
1643
564
183
443
2223
20
1517
1110
82
823
471
1946
2498
1559
1955
2428
4167
1811
306
4250
130
0
2848
649
483
1300
1449
3279
4237
1885
3472
553
1829
772
1004
356
393
477
3587
2974
1511
3505
2548
1896
3769
4188
783
179
2183
3580
853
3899
2253
1677
1593
1529
3664
1322
1089
942
2164
124
1159
3023
4075
1510
1117
3695
2744
3834
3203
3064
224
1301
715
3965
3758
1810
2123
998
1998
3059
2210
1123
810
3865
4173
1715
3017
2930
3223
2989
3934
2360
2117
510
2159
3098
216
1164
1942
3468
3635
322
3482
2089
2733
87
3436
226
529
677
593
3525
4206
1853
3799
3104
1286
304
1783
896
511
3548
1393
1356
1477
2004
2229
1772
829
1553
2361
2628
885
449
3252
1483
2931
1649
1295
1248
4240
2211
3459
811
955
287
3518
3773
2843
3445
488
2871
3818
73
2423
4210
558
3604
3646
2346
3428
1234
3415
140
967
2543
2589
2325
2188
2464
788
3988
1914
398
2571
3848
3905
3499
2258
2617
1199
858
3825
3993
1598
2659
337
3263
3616
4231
3782
684
4031
2049
4042
404
2907
754
3028
4130
2570
1604
1769
223
3149
4012
3296
2952
2870
3565
4176
1077
993
2128
134
3709
2882
1128
3354
2775
2077
1993
4177
1270
4083
2292
3534
3729
182
4233
769
604
43
3177
3093
1754
291
4086
154
3671
1404
1049
3882
1684
2738
2389
2945
2664
1337
598
1858
3925
2799
2709
3805
2417
3948
1398
2459
914
1788
2834
1967
303
2623
160
2712
1558
2499
1271
3624
3918
3408
2926
1488
1243
64
2534
1727
3188
3025
1401
252
1681
2660
1037
1542
4063
2830
3569
2146
601
3705
1751
3193
910
713
622
2125
2766
4217
1842
3973
2530
3281
3046
1422
3558
555
3419
1274
386
2196
706
796
3909
3212
3366
2531
1883
1656
456
377
3338
3495
485
3829
4205
1953
1586
307
1349
600
855
1092
2255
4150
1595
1750
911
3449
496
4243
284
2831
3242
3231
1680
2661
4251
45
785
2328
77
2185
395
4202
1400
929
1929
121
400
1395
1785
4241
680
3682
1231
2948
2461
4253
1496
1911
4166
750
595
2574
4140
2092
1855
295
349
1600
586
953
204
286
3929
1485
1377
1293
1456
656
883
3809
1796
1706
1386
4175
2874
2992
4163
1555
422
3718
3137
3873
2242
842
255
2778
1125
1622
1713
1910
3748
227
751
1146
1601
1230
2735
542
2037
2460
681
3725
210
401
727
4268
1056
1252
191
2592
3699
3100
986
311
3344
1161
3306
3969
1182
4257
718
2000
995
1207
4087
4230
3314
4079
3573
1867
2934
283
3509
1888
437
4003
2526
2214
3958
814
3122
3765
1958
2899
2001
2364
2425
2845
1637
3895
1160
1567
2826
3594
514
2446
2022
4110
3275
3101
2545
732
2323
4211
1732
3656
2646
3398
2971
1022
3383
1514
1226
567
2943
2160
3455
4213
3734
2740
3529
2317
3795
1245
4023
2359
637
1298
1001
231
958
3377
2289
1814
2625
170
3858
1437
3060
3370
888
2267
867
2482
3061
4109
1304
3639
3086
2773
2697
2807
1995
2552
1000
1718
2741
4052
3156
4247
3869
2782
2161
164
2970
1986
2392
2507
3095
4224
2852
3326
2056
