3554
3465
119
118
518
3876
518
1251
3090
2969
2602
1641
2602
2618
3770
2044
91
2975
929
3334
2208
3777
3091
2938
1749
2938
1988
2938
1967
3267
2684
1241
2397
1241
1406
1884
1594
1884
1595
818
3408
1990
572
339
338
2657
388
2218
2249
1273
1455
1273
3242
2619
2272
2619
3591
2619
715
1197
1198
1005
1006
3997
1605
1954
752
1954
2649
2621
1935
2621
3485
2368
808
3260
2707
3990
1742
3990
4011
3990
988
3990
1577
3990
1614
3990
1558
192
127
192
193
969
550
969
553
2587
2597
2587
3037
2587
3367
1767
3241
1767
2336
1767
1612
1767
2332
1767
2327
1767
1976
1767
2805
1767
1978
1767
2338
1767
3073
1767
427
1767
2333
1767
1979
1767
2335
1767
3071
1767
2326
1767
495
1767
1455
1767
800
1767
2343
1767
3074
1767
2942
1767
1989
1767
3842
1767
1738
1767
2337
1767
860
1767
474
1767
2329
1767
2655
1767
1982
1767
1736
1767
2328
3184
4127
3184
2273
3065
1414
714
1735
3726
1205
3726
2399
2620
3196
1991
650
1136
3938
2909
1715
532
523
2745
2292
2047
2435
1240
806
1240
752
662
3116
662
2472
662
2477
2165
735
2726
2574
1079
1840
2912
2784
2912
3559
2912
2917
3091
1824
3091
3285
3091
3871
2232
1922
832
4041
832
465
3147
4064
3147
2603
3147
3423
3147
4086
3147
2738
1462
2061
462
457
2540
2200
3714
1969
3714
3446
3714
1968
3714
731
3714
3448
3714
3449
1832
815
4190
4218
4190
4262
3036
3042
3036
4131
2079
1837
1165
2487
1165
2460
1662
2157
1662
3136
1662
1840
1662
3982
3744
3801
3744
2820
2840
3310
1047
2376
1308
2916
1308
4130
1532
563
194
320
2136
3998
991
3952
3706
3239
3706
3066
2420
2979
2420
3397
3179
2764
1714
1561
3299
3119
3299
3115
3299
2471
3299
3988
218
257
767
4011
767
2981
767
4014
767
1707
1969
838
1294
781
1294
773
2376
3846
2376
3263
2376
2049
2457
2505
3649
1750
954
956
2419
1750
2797
964
2873
2735
2005
880
2707
2855
2707
2493
1339
4017
990
3131
4222
4226
4222
4273
2421
2445
1818
3303
884
1755
884
2804
4051
2736
2841
2857
2841
3317
2841
2507
2387
2425
3496
2219
3496
1574
3496
945
2682
515
88
3619
3289
3619
2017
2402
2847
2402
2828
2402
1183
2402
3126
2402
3495
2402
1182
2573
1558
2497
3985
1518
743
1518
2813
4225
4192
4225
4272
2752
2754
200
180
3105
772
3105
772
3365
4121
3365
3191
3365
690
2541
2201
1827
2518
1827
2519
1827
2750
1827
1713
1827
2526
513
1978
513
2329
2566
3348
2566
3178
1391
3841
1391
783
3954
3980
1781
1794
3162
1307
4171
65
1447
1180
1447
1174
313
230
313
263
1235
2673
1235
3773
647
3087
647
1228
21
35
2730
4089
26
82
2324
3922
2465
3968
3796
3820
1915
2237
591
1015
591
804
310
312
1851
3323
1851
2177
1851
2531
2213
4074
2213
889
2213
2214
1679
2754
813
1911
1120
2008
1120
718
1527
2553
1527
3578
2866
4
3598
1701
3598
4106
1278
3428
2933
2800
1481
477
2062
2516
3456
3343
3456
3457
3456
942
1742
949
1742
4081
1742
4075
3655
2321
3583
3441
3282
1472
3282
1471
2363
437
1551
1040
1551
877
1551
3268
2636
1939
2636
2293
479
1730
479
3604
1119
1994
1119
1993
1550
893
1550
3306
1157
857
1157
1153
806
848
696
3940
2206
2579
2206
2231
2206
2230
3325
3342
3325
3530
3325
732
3211
1418
3211
3824
1480
477
1087
3980
1087
2504
3348
2897
4204
4246
1121
2674
1121
1785
755
394
755
369
755
361
1102
1103
3200
1936
3200
4153
590
1016
590
835
3439
3440
1605
1902
1605
1334
1605
946
1850
2144
1850
2717
1850
1096
4129
3492
4129
345
506
3808
3232
1273
3232
3731
2731
870
3241
2402
10
1780
1611
1780
2043
1780
3412
685
73
3318
3000
3207
1219
405
400
1972
2374
1390
1047
1390
745
390
379
3220
1406
3220
1189
3021
2588
972
1837
17
1405
848
2987
1865
1685
3420
1685
1372
1685
1415
1685
414
1685
3712
1685
3479
189
235
189
133
780
909
3681
1973
3681
2340
3681
3582
3681
2652
3681
1971
2180
2559
1506
517
3227
2337
3227
1736
850
483
4165
14
605
719
605
598
3019
4077
3019
2610
3019
3188
2250
46
1590
1719
1590
2074
3057
3840
3057
1343
2102
1845
2102
1845
1755
405
1755
3866
1755
2676
1755
1815
1755
2663
1755
1403
1755
1038
1755
2012
1755
3876
1755
3867
1755
1162
1755
1251
1755
1722
1755
1651
1755
704
1755
1175
1755
3924
1755
1716
1755
798
1755
2010
1755
2674
1755
874
1755
552
1755
807
1755
3875
1755
744
1755
1188
1755
1712
1755
3513
1755
828
1755
1489
1755
3925
1755
1785
1755
814
230
4
2121
2139
2121
2713
2121
370
2087
2165
2087
2515
3305
2489
1303
344
480
990
480
1760
480
3125
122
177
1696
1694
1696
4134
1806
2469
2774
2265
3002
811
2157
3984
550
411
2119
2987
2119
2128
3276
3112
3276
3851
3276
3304
1479
1319
1479
1587
1479
1830
551
411
1316
3468
3394
1602
742
3963
2535
2213
1062
2964
481
742
481
1376
481
740
1266
2371
2878
2891
527
1409
527
823
2120
2145
2120
370
1813
2090
1813
737
1813
3918
2436
2106
2436
2108
2436
1571
679
2498
851
3315
851
1401
3738
2362
2251
2281
1591
2535
1591
3578
915
869
3896
3545
2835
2850
1647
2527
1647
984
1647
985
1647
3978
1647
3641
447
3267
447
2342
781
2707
781
2042
781
2388
2665
2039
2665
2040
2944
3291
3854
3542
2181
1717
2181
1894
2181
2638
2181
3153
2181
3156
391
378
391
387
2578
944
3020
2885
3020
3351
3766
2024
3766
1396
3766
1061
2227
4112
2227
1567
1513
456
827
3930
2743
4092
3668
1484
3668
651
3668
1964
3668
1754
3435
428
2771
2615
2771
4114
1362
3148
1212
1589
2124
3147
145
242
4193
4192
1932
359
3636
3711
3636
3883
3063
3243
1016
579
3577
490
688
1589
78
408
403
408
2348
3329
918
3329
4057
3838
1839
3838
1839
3866
808
3570
1852
1209
1627
1209
486
66
758
1796
3024
3171
3024
3171
1608
1860
2940
2806
2940
2943
3754
2024
3754
1396
3754
1061
2163
2726
2163
3019
2163
3158
1238
1405
1238
1177
4041
2538
4041
4057
2941
1281
1639
3688
1639
910
2468
2533
2468
1888
2468
2482
784
412
4032
2569
4032
3483
2184
1729
3781
729
3781
3092
3781
3093
4000
1613
394
393
1918
2239
2897
2269
2897
2246
2897
680
2897
3377
2973
2835
2973
2075
2973
2080
854
524
2254
2278
3659
1974
1594
1609
1594
3022
439
2032
439
3543
2676
1068
2676
2683
4007
2150
1869
1591
1869
1760
1869
1474
484
454
484
485
4011
3539
4226
4181
3526
3580
2770
2616
554
548
1275
1262
1275
3768
1003
3100
1569
4040
569
564
2875
3518
2003
556
3387
1759
1554
1906
1554
1315
1554
2888
36
67
3506
1606
3506
3508
3506
983
3506
799
3506
834
3506
2993
3380
4164
1484
1486
3544
2678
2538
918
2302
554
2302
825
2269
4138
869
2296
2321
1772
272
206
272
295
2668
609
1439
1654
594
595
594
586
2575
1728
4020
2737
4020
4039
181
194
181
241
3103
2455
3103
2453
1854
1580
2287
40
4085
4098
3373
1636
918
48
1394
3866
1394
3513
3672
3069
3881
500
1784
1727
2476
725
2357
3086
639
1065
639
418
2319
2340
2319
1984
4027
3018
4027
2746
4027
2876
3514
2077
2838
3911
1163
1835
3116
3430
608
1841
608
606
608
2086
3309
4003
1758
2584
1758
3016
1758
3437
1758
2898
1758
2592
2699
1848
2699
3415
2699
3046
2512
1881
2809
851
2809
1784
2809
3608
2809
2008
2809
3289
2809
1444
2809
760
2809
3254
2809
1509
2809
1179
2809
2662
2809
2006
2809
1032
2809
1406
2809
2018
2809
3887
2809
3257
2809
611
2809
1228
2809
1189
2809
2011
2809
3815
2809
691
2809
2687
2809
2017
2809
630
2809
3403
2809
1407
2809
3862
2809
768
2809
3909
2809
718
3966
464
81
3938
777
1408
2698
1688
2368
1688
1039
1688
2365
1688
759
1688
3861
1688
746
1688
3747
1688
3707
1688
2021
1688
1411
1688
3808
1688
1329
1688
3085
1688
3888
1688
582
1688
2004
1688
3773
1688
3086
3696
2666
3696
3772
3696
3537
2320
2375
2734
2557
2016
3932
2016
3946
2016
2970
60
4090
1908
932
933
932
933
59
4076
3445
1124
3609
1124
2346
3464
813
3464
873
3464
947
2812
3882
2509
2523
275
145
275
298
362
1944
4191
4274
1711
3640
3197
1944
950
2906
950
2605
4067
3501
4067
1620
4067
3595
2748
3358
2748
3515
2748
3354
1290
2326
1290
2343
319
131
319
317
1039
3974
1039
3610
1039
2045
3068
3623
3068
3247
3190
1725
3190
3052
880
4017
880
3402
880
1846
3471
1902
3471
4068
213
94
2272
335
2272
2628
994
3959
1729
2575
1729
4100
1729
3503
4060
3168
4060
3169
872
615
403
388
217
228
217
169
1906
2583
683
4177
3977
4020
3977
2995
3977
3145
1176
2094
1176
1843
1176
2096
2168
2180
2168
3151
753
705
753
328
753
326
3970
3507
3970
2197
3970
834
572
571
572
567
1603
3940
1913
2766
62
2978
2985
3814
1493
3814
3882
1233
1179
1233
3815
416
1647
416
815
2544
2556
379
378
379
371
2463
2734
2463
2173
2463
2724
2463
1545
2463
2483
2463
2189
1616
3981
3608
596
515
793
515
2077
3424
2251
3424
3560
927
1927
927
861
927
348
2365
1016
2365
3637
2365
835
2365
1427
2365
1698
2365
803
2365
1507
2365
1346
2365
3885
3806
3477
3806
2383
2424
2072
2424
2694
2844
2852
3984
1580
881
2203
881
3347
3844
1491
2935
784
2935
3245
2935
1167
1291
2333
1291
2326
2215
3554
2215
3596
2215
1677
3926
3950
3926
3111
815
984
815
2524
815
2123
1710
1317
1710
4042
1008
546
1008
1998
1347
803
1347
2955
951
4099
1951
3065
1951
2655
347
4149
710
4053
2008
563
1815
936
1815
581
1815
2098
2624
1932
2624
2275
2624
1933
2624
2628
3826
1036
3826
3493
235
178
235
135
3615
2549
1244
2379
1244
730
3944
3955
3944
1628
3416
3464
1881
813
1881
873
1881
947
2533
3456
23
58
105
79
3906
3932
3906
3946
3906
2970
1927
3588
1927
3521
1927
2629
3369
2910
4197
4251
3108
455
1515
3901
616
872
616
1046
2663
619
3645
1907
2336
957
2336
840
2336
962
3481
3482
1379
476
1379
790
9
3628
3260
3628
2694
3628
2388
2833
3896
2833
2455
2833
2453
1416
3838
1416
1602
3446
3447
3446
1528
3914
1832
3404
3561
3404
980
3404
698
2966
1093
290
304
290
170
913
1
603
1017
603
1546
1572
716
3094
2688
3870
3902
1753
1895
3566
3441
3358
3598
1168
2436
1168
3911
2176
2562
3877
2008
3877
3909
1683
1047
1683
696
1683
1194
1683
787
1683
3841
1683
3800
1683
745
1683
627
1683
503
1683
1588
1683
486
1683
3772
1683
778
1683
782
1683
625
1683
1646
1683
1548
1683
3779
1683
2811
1683
1659
1683
3912
1683
1664
1683
1193
1683
1070
1683
1326
1683
783
1683
2360
1683
3799
1683
2361
1683
1514
906
4178
3139
2170
3139
3146
3139
2998
3295
3571
1403
428
3538
1655
1872
2221
1872
923
1994
563
729
3971
1880
801
1880
4013
3076
2415
2039
3621
3251
1503
1305
3573
1950
2378
1950
1037
711
4067
4189
4262
4189
4182
1115
1480
1115
481
1612
466
1723
894
1723
3452
280
297
280
197
3144
2179
3144
2546
3144
3953
4092
876
4092
4104
3874
3649
3874
2419
3561
2723
1033
2816
1033
820
412
2550
412
1492
412
1671
412
3459
759
3299
1208
459
1208
2358
4035
4054
1609
2232
1609
2611
3256
2971
340
2866
717
1568
1764
2366
1764
706
689
1852
689
1751
2044
784
2044
784
1920
2249
409
401
3289
3542
3289
3296
3411
2515
3411
2513
3411
3316
186
128
186
303
1921
1725
1194
2082
1194
2852
3940
3964
3940
3985
3940
786
3940
2858
3940
4012
3940
2446
2654
3080
1887
4076
1887
3603
1887
3345
1887
3172
1887
4087
438
3486
438
3757
2276
4163
1868
4024
1868
3163
1868
4070
3901
484
876
3368
876
342
1239
1405
1239
1252
2584
2593
3821
2102
3821
879
3821
1845
4184
4182
2469
3533
2469
981
2469
855
1638
1186
3947
2141
373
364
1919
2613
341
2528
1957
372
1957
380
3910
3261
3910
3265
3910
2822
3432
2243
1675
662
1675
1102
1675
758
1675
3754
1675
994
1675
1203
1675
1633
1675
473
1675
3623
1675
1269
1675
743
1675
771
1675
2019
1675
2813
1675
3551
1675
1980
1675
1737
1675
756
1675
1658
1675
762
1675
3552
1675
526
1675
452
1675
3762
1675
998
3441
3484
3441
2768
3441
2604
3
3486
1076
1172
437
3239
3926
3239
3782
576
2079
576
972
576
2103
576
571
1568
1476
1568
3956
3400
3401
3400
1332
3400
738
3917
3395
1902
4044
3407
3899
475
3842
475
474
293
208
293
226
1475
753
1475
4084
902
3981
3817
3886
3817
975
4127
3380
4127
1643
3420
3766
3420
3435
3420
2424
3420
3850
3420
1262
3420
1205
3420
1094
3420
1418
3420
1050
3420
3939
3420
1654
3420
1704
3420
1268
3420
3824
3420
629
3420
694
3420
1585
3420
3768
3420
1661
3420
3823
3420
534
3420
1709
3420
3822
3420
788
3420
2948
3420
1293
3420
842
2539
1569
2539
3450
568
704
568
828
1576
3990
1576
767
3427
3997
3427
3496
2172
2539
2494
2720
2494
684
675
3806
3810
635
3810
2334
957
3282
1341
3105
1341
3391
2454
2176
2454
3995
2454
763
919
920
919
920
1297
2941
1297
771
3847
2409
1373
1278
1373
850
1373
1212
1373
3860
1373
1002
1373
1650
1373
1112
1373
1099
1373
995
638
3429
638
1064
3987
398
3987
404
3921
648
2839
2137
2318
2652
2318
3646
3801
1795
1876
3583
1876
3005
1876
3606
1876
4058
1876
2211
868
2938
2384
1815
2268
2277
1438
1112
1438
1718
2669
1800
2669
3269
887
4091
3840
471
2794
1007
318
181
3072
3084
921
3339
921
3155
921
3340
3980
3615
3980
3141
3980
4006
2704
2487
1409
515
920
2997
920
2174
3194
1572
3194
3386
3194
1573
3194
2787
3194
2253
1044
2816
1044
1036
4064
3182
4064
3028
1689
1016
1689
2021
1689
1981
1689
3418
1689
1329
1689
2323
3133
3622
3476
1858
253
185
764
1710
3675
1685
1717
1703
609
2463
609
1312
609
2486
609
1477
1340
489
3015
4069
2808
462
2808
2005
2808
1484
2808
802
2808
857
2808
2432
2808
3724
2808
3764
2808
831
2808
1095
2808
1177
2808
1417
2808
817
2808
1153
2808
1754
2808
1000
2698
2478
2698
2461
1759
1945
1412
793
1412
2077
2962
3106
2033
2066
3974
2076
3974
2086
3974
3455
4094
2220
4094
4103
195
183
195
182
612
2010
612
3875
723
848
2115
2497
2115
2135
2332
471
2508
2879
2508
2996
2508
2189
2508
2188
2508
2741
3069
1688
2672
2036
2672
2481
2672
2679
3691
3700
2280
2284
1728
4100
2905
797
2905
2252
2905
4131
2749
2613
2749
1564
46
87
3961
1579
3961
2523
1038
608
2350
1799
2350
2048
2350
3769
2169
921
2169
1885
1075
3139
1154
2375
1154
2366
256
259
256
224
1203
2041
1203
1592
1203
1201
3467
1560
3460
701
1084
2981
4071
3431
433
816
433
1537
1216
696
1216
1626
1863
1879
84
4098
3178
4098
4107
3501
3502
1936
4160
3540
3514
1012
1532
1012
1321
1524
1424
1524
1419
3384
3415
2979
2985
1366
739
1366
739
1633
3629
1633
3458
1633
2023
378
2121
378
2120
378
386
378
377
285
239
285
258
285
220
3547
2776
1444
1166
1444
2069
2351
1806
2351
2701
2351
2067
1563
1564
296
111
296
306
3510
2594
3510
2761
3510
2893
240
192
335
911
2615
2624
1824
3538
3886
1344
1009
798
1009
552
2281
43
2327
2046
2327
3523
3733
1172
3733
1672
3517
3874
3517
862
4024
3023
644
3867
644
3924
965
693
1965
1755
1644
3903
2415
649
2009
2116
2009
2029
4046
2192
2891
3033
2891
2763
2224
4155
824
624
3786
3890
3786
3082
3112
2703
1335
1560
1335
3174
563
826
563
559
2947
2421
444
758
444
756
2516
3983
4004
4019
3588
883
633
2726
633
3013
633
980
633
2723
633
2561
1378
1612
1378
3073
366
357
366
3079
3521
4146
3521
3647
2313
1509
2313
3236
294
122
294
307
524
3947
524
2686
524
794
524
2055
524
2100
524
757
4016
3157
4016
2864
4016
2721
2012
585
3109
2697
936
3999
2263
2287
863
3525
3593
3329
2816
615
1433
1212
1433
501
3292
2838
3292
3113
2084
3117
3138
711
3138
2175
3138
974
116
115
3631
3757
3631
1672
3343
3025
3642
3895
2306
3071
2306
2942
2693
2117
2777
2912
2777
2781
2154
2519
2803
357
2075
4010
314
261
314
262
314
260
314
231
1169
1849
2038
3974
2984
3321
2984
3137
3861
522
3574
3329
3574
912
254
192
2890
2760
3750
2961
2472
2859
3612
3608
3612
2011
3313
3319
3313
3319
3054
4176
3175
2899
728
1613
2503
1876
178
212
178
179
3757
1169
3757
3524
3757
1534
521
1662
3397
3434
2080
2850
487
463
375
367
4126
2633
4126
3199
4126
343
150
147
150
182
3271
3914
3271
2051
802
2087
802
3938
519
723
519
1663
692
455
2202
748
2202
3026
2202
738
3390
4156
2150
3527
2150
3580
557
826
557
3965
2894
916
2894
2901
2221
2587
2221
3364
3850
3266
3850
2821
3850
2028
821
679
821
3541
821
1185
397
1679
397
3586
473
1803
2369
3610
2369
2045
787
1505
2187
1896
968
551
968
554
3378
4162
441
1548
441
3779
2980
3133
2980
2125
1976
1611
1976
2043
1976
3412
3761
2944
3761
2947
1106
805
1106
2370
2939
3889
2939
3934
1641
3557
1641
3556
4123
4127
4123
2273
3857
565
2219
4101
1673
3281
338
64
1597
1481
1597
3766
1597
3435
1597
3850
1597
1262
1597
1205
1597
1094
1597
1418
1597
1050
1597
3939
1597
1372
1597
1704
1597
1415
1597
3824
1597
629
1597
694
1597
1585
1597
414
1597
3768
1597
1661
1597
3633
1597
3823
1597
1267
1597
534
1597
1709
1597
3479
1597
3713
1597
3822
1597
788
1597
1293
1597
842
3050
2635
3050
3053
3050
349
502
3090
502
1761
502
2405
819
2568
819
705
857
900
857
2964
857
3942
3891
663
261
264
261
210
2618
1715
2257
3462
28
59
2908
1562
3051
355
1640
1569
1640
1912
1640
986
144
143
3933
3992
1035
627
1035
1048
440
837
440
3543
2981
2742
2981
2536
2981
1904
2981
870
2981
2211
173
319
173
130
3224
1513
3224
1586
2562
3484
2562
2880
2562
2241
2220
339
2220
2597
2220
2765
3686
1597
820
609
1113
3073
1113
1736
1725
2291
1725
695
3166
2215
3166
2750
3027
3034
3027
3031
1746
4060
1746
2518
1746
2750
1746
3160
1746
2526
4091
2769
2151
3563
2151
2253
177
234
177
118
2632
4172
301
240
301
233
2081
1084
2081
3312
2862
4051
2862
3602
2862
939
2862
2865
2862
2867
2862
2738
520
1781
520
1172
2127
3018
2127
4052
2066
1357
2066
1847
2066
3298
1078
2485
3013
3019
2078
2852
1066
3506
1066
3313
1066
796
1127
2372
1127
1646
1520
3939
1520
1372
1262
1186
1262
1637
1081
3558
2432
485
3135
6
1312
3601
3216
2801
3362
2600
1151
782
1151
3912
3663
1639
25
83
746
2854
746
3581
746
2470
3178
4120
3178
680
725
2508
725
3992
725
1323
2113
2489
1820
3301
1440
2420
1440
1396
2737
734
2035
2062
2035
3287
2035
2467
2035
3408
3833
823
3833
1586
3204
3908
3204
2945
1309
2722
640
3237
640
3098
3246
2947
2284
3584
3791
3839
3791
1360
1857
2154
1857
1713
1857
4023
1502
1555
1502
751
1819
3749
597
589
1338
4017
673
1991
673
1995
3957
3404
2106
2711
641
2320
641
2353
57
1441
2044
1441
2392
976
3549
1968
1176
1968
1996
1968
389
1968
1999
1968
1776
1968
1995
2354
1101
1787
466
1397
3767
1397
3531
1473
4071
1473
1873
1473
2582
1473
2886
2418
2081
2418
3297
1821
2854
1821
2470
3950
1331
1557
1327
1
1150
874
1150
1712
1692
354
1692
1693
1692
4157
1519
1368
1519
831
1802
3900
1802
3900
3006
1539
249
293
249
296
249
104
1375
995
1375
1718
1487
745
1487
1326
1080
4047
3451
3966
1521
1168
1521
723
1040
3937
2381
3723
1132
1991
1132
1059
1635
1506
1635
850
1635
688
1635
3926
1635
1168
1635
1341
1635
723
1635
1440
1635
1279
1635
1663
1635
3860
1635
1232
1635
1745
1635
1065
1635
1002
1635
418
1635
1650
1635
1112
1635
3406
1635
1410
1635
1099
1635
849
1635
1596
1635
747
1635
501
1635
667
1635
3392
1635
1599
1635
3782
1635
754
1635
1395
1635
995
1635
3765
1635
1245
1635
1718
2847
2114
536
1415
536
3768
2427
615
2791
3778
4056
3599
4056
4082
3235
1779
2701
2709
924
2896
924
1914
1344
589
1344
595
2451
2853
435
1232
435
849
760
522
1865
3563
2916
2635
2916
350
2916
2786
2547
3991
963
1310
963
1311
2236
25
836
653
3623
523
478
2019
478
998
3322
2544
3322
791
3322
2185
1466
2021
1466
1298
2491
2990
1678
3439
1678
1619
1678
2590
333
3376
666
3777
666
2017
3491
3039
3491
3492
3491
4131
1279
3428
2722
3329
2722
1304
2613
4123
297
171
1565
3000
3717
3766
3717
3850
4039
3352
4039
3164
225
231
3533
2554
3533
3534
2903
1929
1118
1532
1118
1734
3353
2771
3353
4093
3652
3462
3710
3722
2490
4034
3285
1660
2606
3372
2606
2246
761
965
761
1910
3747
2972
3747
2441
3747
2819
2450
2467
257
209
1073
3997
1073
1892
1073
1337
997
4003
1205
2395
1205
1814
2790
3865
2700
2131
3740
854
3740
3906
3740
1416
3740
3901
3740
3910
3740
3486
3740
1172
3740
2351
3740
3886
3740
824
3740
2816
3740
3757
3740
820
3740
597
3740
2354
3740
2380
3740
1036
3740
975
3740
1219
3740
1581
3740
1672
3740
3477
3740
3519
3740
2382
3740
3493
3740
459
3740
2358
3740
2383
3740
853
3740
810
3740
706
2380
455
1041
3301
3701
3267
3701
2820
3701
3088
4264
4225
4264
4193
3187
2776
94
2041
2058
1190
1805
3018
2748
2695
3892
2073
2468
2805
2
1997
1491
4228
4192
2650
374
3180
3184
2372
2409
110
211
3721
3754
3721
1633
2580
2227
2580
3445
1761
2969
3141
4032
2756
3365
2756
693
3097
3108
3173
3181
3173
3183
2505
719
2118
2565
3679
1689
2686
2444
2406
1813
4105
4121
4105
2614
565
2079
565
972
565
2103
565
560
3557
2913
3557
2914
3330
2212
104
103
2879
4098
1666
664
3302
3135
3302
3927
1333
3362
1333
3480
1333
943
678
635
3603
2227
466
832
466
2107
466
3979
466
953
466
4003
1478
1899
1836
1309
1836
1468
1836
1740
1836
1864
2413
633
3550
1180
3550
2946
3337
4069
3774
2387
3774
3272
3774
3099
3140
2168
3140
2530
1963
802
1963
2647
3032
2602
3032
2601
3032
4036
3264
2065
2265
30
865
2363
865
2668
865
821
865
699
865
1063
865
2408
865
841
865
3244
865
1181
865
805
865
2032
865
2373
865
2378
865
766
865
773
865
1426
865
1037
221
230
2581
2760
1760
753
1760
819
1760
4084
1760
2733
1435
491
1435
488
2627
2634
2627
2631
2627
343
4270
4276
4270
4229
2579
1306
268
137
268
179
3994
577
344
2287
1191
1805
1924
2263
1924
1928
1536
2069
2651
410
1247
2677
635
633
635
3957
635
2473
635
2109
2315
617
2315
1049
2132
4051
2132
1873
2132
2865
2132
2867
305
229
305
258
2040
1165
4093
3192
4093
4111
1116
1496
1116
1000
1940
1302
3163
3179
809
1887
809
2172
809
3564
809
892
512
3906
512
2380
2209
2223
2024
2420
699
3538
699
3871
2608
682
2608
384
2608
3043
2608
2283
8
734
1915
734
3352
734
2214
3254
3091
3678
1966
2932
1535
4096
3356
4096
4108
2063
3622
2063
1828
171
185
2212
1903
2212
3169
812
2493
509
3930
3124
1880
3560
2257
3876
422
1771
1632
2362
2046
2362
2385
1743
3426
3567
1877
2569
2755
2569
3030
3447
2946
1770
1772
2275
3591
2275
1934
875
338
3401
3026
4121
3194
4121
2258
202
223
3484
2907
538
532
538
3755
3440
4129
3440
2905
3911
2857
3911
3614
3911
3317
1676
3691
1676
2316
668
2066
668
1798
245
256
245
219
321
2218
3907
3313
3907
3319
3907
3488
2869
2543
1103
990
1103
1608
1103
764
1103
2982
1103
3128
1103
896
1254
2980
1254
1184
3417
3975
3417
3148
3820
3914
3820
2051
3820
2031
575
704
575
2674
2594
4125
3900
598
2918
1402
2918
3253
1897
2217
1973
3761
1973
573
1973
1173
1973
381
1973
977
1973
1017
1973
3889
1973
1546
1973
2342
1973
2660
3827
3887
3827
691
838
1990
838
1991
838
2003
838
403
838
1176
838
1994
838
1997
838
1247
838
2347
838
2002
838
1180
838
816
838
1029
838
2348
838
3429
838
3469
838
1174
838
1537
838
1996
838
3650
838
1992
838
1059
838
1064
838
389
838
709
838
617
838
546
838
1528
838
1999
838
1998
838
1993
838
1049
838
2000
838
1995
2238
795
3941
3391
1941
1942
2639
3640
476
466
357
2689
357
356
1468
3574
1468
2528
1184
2134
1184
2501
3932
2845
3410
1667
3981
4006
3981
3149
3832
1551
3832
1557
2784
2915
468
3096
468
3275
3841
1824
3841
3871
3841
1660
941
3143
1476
2129
1357
2715
1319
3600
1838
3605
3927
839
3927
2856
897
3961
973
2193
973
2186
973
2183
2394
3769
3800
1786
1575
3521
3920
598
4135
1711
4135
1717
4135
337
2103
973
2854
3120
1287
1596
1287
747
1269
2968
1269
3311
190
203
190
136
3807
3277
1321
556
1668
3689
2439
2471
676
665
3811
2653
3811
564
2484
3986
1538
2025
1302
36
3662
1675
3662
1771
3363
4119
1875
3459
3003
3153
3421
2265
3421
2279
3421
1931
3421
1929
5
2554
2206
770
2327
770
427
262
102
184
22
743
479
771
1719
771
2074
771
1604
3976
3567
3976
2525
3976
3326
1509
1366
1509
739
1509
852
1812
1829
3016
4065
1063
2028
1063
3973
2688
1491
1320
2107
1734
570
4038
881
2408
413
3474
927
3474
829
2758
2602
1024
3857
1024
2030
1699
1694
1809
2692
1512
767
1512
827
1512
3976
1512
1421
4066
2584
4066
3461
4066
4078
302
304
940
941
3196
4169
2116
2126
2116
2126
4070
3027
1094
461
3461
2592
2603
4093
3168
3359
120
84
2906
333
2906
3047
2906
1925
2906
2625
1139
3781
1139
2953
4077
2772
3323
3328
3622
1362
3622
1081
3622
3975
38
58
3697
3705
3697
3869
2729
3456
1272
3764
1272
3809
3960
2124
3960
940
3960
2130
2068
2124
1076
1069
1076
3968
1076
3893
1076
3553
3967
4090
3967
938
3967
4030
3967
937
3967
2155
1748
1197
1748
532
1748
1480
1748
481
1748
1513
1748
3577
1748
3814
1748
1409
1748
502
1748
1441
1748
476
1748
3784
1748
1726
1748
1187
1748
790
1748
491
1748
3916
1748
3755
1748
1171
1748
3915
1748
3845
1748
1100
1748
2356
1748
843
1748
1343
1748
961
1748
859
1748
1204
1748
823
1748
488
1748
1586
2290
384
2290
708
4
3690
1748
3690
1762
2711
1881
2711
2991
1215
696
1215
2360
4026
460
624
2463
624
3958
2710
3400
2347
717
2347
1041
1935
1693
1935
3647
2291
360
114
82
3884
415
1844
1133
533
1251
533
814
3511
3589
3511
3512
1365
987
1424
1576
98
222
3653
1674
1108
3822
1108
842
3352
2225
3585
4161
3585
4156
3585
4157
3585
4152
3585
4158
3585
4151
3585
4150
3585
883
336
1943
663
2506
663
1859
211
107
3507
3508
2616
2260
2233
2770
2233
2262
2233
2609
3386
721
3386
720
3386
3388
833
2627
1544
1884
309
313
309
97
309
259
3541
3951
71
3532
2436
1463
2021
1463
2671
3500
881
3500
3327
3500
2534
2913
2632
2913
3379
2913
2629
966
402
966
407
1978
456
3379
4150
978
2463
978
1476
978
1313
978
3463
1966
1683
68
463
1879
463
1494
2379
3776
544
3241
544
2655
1833
1843
2416
2450
3527
2577
4014
3539
1663
904
1336
2577
76
3520
2179
2108
2711
2515
3322
424
2676
424
1162
4006
2549
365
358
2927
1745
2927
2936
4044
3648
4044
724
2244
2264
1533
1614
2881
2894
844
2503
844
1083
844
1810
3784
1796
935
3639
2951
2390
2951
1555
3008
3170
2815
3393
1624
3583
1624
3331
1624
3606
4198
4189
4198
4183
2950
3276
54
3039
3042
748
1333
229
5
3867
1066
2305
3736
2305
1299
2305
1031
2305
1517
3751
2648
3751
3929
41
94
2880
2604
2076
1841
1068
815
2872
1898
3576
3503
3860
467
4273
4179
4273
4275
2994
3004
2403
1479
199
113
199
210
3637
3996
3637
3278
3637
3284
2683
2170
2683
3146
2683
2998
2139
4174
3176
3032
3630
3814
3630
3845
2572
2581
2094
2113
3602
4064
2753
3033
2753
2763
3303
728
3303
728
3890
808
3767
3545
3767
2453
1587
992
419
3884
419
3856
2954
3277
1621
2054
3589
1915
3589
2225
1368
479
457
2484
457
1494
457
2434
457
3101
376
714
376
2151
376
720
3760
3477
3760
3519
421
1078
421
2105
421
3993
421
1077
2990
3006
2990
2871
1657
1795
1218
2370
1218
492
2273
1642
2273
346
2273
1643
2197
2877
1619
2590
707
3111
797
2295
3897
2827
873
2749
1938
393
387
2121
387
397
387
386
387
3314
2241
2910
3851
3907
841
483
2884
3170
4122
2627
3391
1836
682
1947
3270
1587
3270
1830
402
391
1975
3568
1975
3569
1105
1704
1105
842
752
3120
752
2848
4219
4269
497
805
497
1724
573
567
2090
2474
1602
1365
1602
774
1602
3396
3277
649
541
3861
541
1507
1232
2665
1232
775
55
76
2147
2169
540
1722
540
1716
2462
2856
1912
4091
1912
4083
1036
2038
1036
2428
2091
878
2091
4002
2091
2122
3433
4038
3433
2522
3433
2534
3165
3346
1726
3548
1745
1505
3047
1931
2240
33
3684
2806
3684
1986
840
3282
420
1228
420
768
2991
4021
2991
4021
1909
4173
3226
3750
3226
630
2
1620
4094
1179
2090
1179
737
1179
3918
2767
3041
2767
3040
2065
2438
2065
2101
161
314
161
312
1065
1066
3244
1779
2179
1678
2179
3425
3206
657
620
1802
620
3900
620
3249
2714
2139
2714
716
2714
721
3136
3984
909
990
909
3125
909
3128
1420
1616
1420
902
1420
3422
1840
2180
1840
3151
1840
4047
1840
3611
1840
2530
2308
1173
2532
3016
2532
3437
2532
2898
745
608
726
2284
726
1575
2662
2027
2662
2398
2662
1456
3214
3068
4115
2617
4115
3370
3079
358
1091
3129
2036
3286
141
213
912
0
1540
524
1147
1997
1147
3469
4097
1717
4097
4102
2832
3304
2832
2690
3450
1912
4124
2151
4124
1865
4124
2128
1541
2963
1541
2680
1541
1088
602
2002
602
1999
1090
2187
1497
994
1497
743
1573
714
2518
3436
146
183
1752
3959
2105
3443
97
8
95
975
3958
1402
3642
1402
3805
3457
3353
1682
724
3951
1876
1841
3143
1387
2336
1387
2332
3375
3045
938
2587
938
3364
3005
3566
3797
3531
3797
3843
1873
2566
1873
4085
1873
3173
1873
4096
1797
574
1797
567
1707
1742
619
3933
619
1324
619
3132
619
2860
619
1323
619
2499
657
2324
657
3076
657
2391
2339
3632
2818
1804
1421
3930
1376
3963
1457
760
1457
1189
368
1949
621
2663
621
3875
1419
3481
1419
3288
1419
864
587
1990
587
2000
2969
897
2969
898
3790
3637
3790
3885
2294
352
2551
3166
1363
1870
1636
755
1636
3384
1636
1725
1636
875
1636
4135
1636
3386
1636
3383
2742
4058
535
854
535
1416
3490
1569
3490
3450
3490
986
2481
818
2481
2516
1933
362
3062
1581
3062
853
436
418
436
849
2679
2416
1213
1102
1213
1603
2527
2875
2527
3460
2527
2586
1866
1527
1866
2521
1866
749
1866
3145
1866
4015
878
822
2278
44
3497
2142
2915
2289
2851
4027
2851
2484
2235
2616
2235
2262
2235
2245
835
584
1730
1339
1730
1475
1730
1338
1730
1700
1730
4043
1730
1474
1324
2868
1465
3097
1465
3808
4054
686
4054
4079
944
3648
944
3648
665
1806
665
2701
665
2067
665
1655
2781
1303
2781
2915
2781
2917
2781
3049
2162
2193
2162
2186
2162
4089
2162
2183
2162
2210
2447
619
2827
1576
1020
1547
1020
599
578
1797
2391
2415
1566
2779
106
105
1021
2011
1021
2052
3700
1154
3700
2351
3700
700
3700
3453
3700
2353
3700
2358
2972
2500
2390
2972
2390
2968
2390
2830
3741
2408
3741
1607
3732
746
3732
3747
2780
2279
987
1887
3707
2957
1731
1708
1731
2514
1731
3575
86
1057
630
1057
3403
1019
2009
1019
2007
2605
3560
2605
3376
2605
2625
4145
2262
4145
2260
2850
2862
2480
2573
2480
4014
2480
1707
2480
988
2480
1577
2480
1614
3711
1590
3711
976
3711
3839
3711
1015
3711
3253
3711
1060
3711
2026
3711
2034
3711
528
3711
1783
3711
600
3711
1485
3711
751
1206
487
1206
762
4128
3378
4128
2786
2550
2202
1002
1818
1002
3917
1002
728
774
987
1774
1632
2002
585
3157
2570
3119
3969
3293
3960
2696
2472
2696
2477
2696
3430
3592
2774
3592
2903
3592
4118
2806
3251
3288
1087
3087
2687
2303
699
2303
1653
131
89
3121
2512
3121
2991
3121
4021
4155
4178
2019
3935
1250
2050
1250
3633
2590
3036
2590
3491
2057
2076
2057
2086
2057
3455
3102
777
3720
416
3720
427
2755
2226
3181
3366
3181
681
731
2003
731
1994
731
3250
731
1152
731
3429
731
3469
731
1064
731
617
731
546
731
1049
2506
1758
2506
981
2506
2164
2506
2161
1987
991
1987
3083
1987
1778
3727
2327
3727
1976
2685
4009
1180
904
2021
2963
2021
1089
2405
1807
566
560
1578
1579
2020
618
1227
3800
1227
3912
2513
2165
3238
2650
3238
364
1162
1163
1162
1400
1162
1855
1944
10
1665
1408
1665
2426
1181
423
465
4057
465
325
3996
719
289
313
289
304
324
1897
730
1165
730
776
1835
3315
2647
1747
1251
3133
1251
1828
1251
2125
2591
3504
2591
2596
3266
3102
3312
2503
3613
3872
3613
1546
2266
1933
2266
2630
1878
4028
866
2363
866
781
866
3544
866
2668
866
821
866
699
866
1538
866
1063
866
1424
866
841
866
1181
866
805
866
1490
866
2373
866
2378
866
1549
866
1653
866
2370
866
837
866
2377
866
766
866
3763
866
3543
866
687
866
492
866
1426
866
1277
866
1724
866
1037
866
785
3120
2157
3120
3433
3120
3136
3776
1833
3776
2094
3776
2096
2813
482
1436
481
1436
488
3551
3870
3551
3943
3551
2410
933
931
933
3587
1535
1169
1535
3524
1535
1170
2479
1856
636
1328
636
1656
363
2466
363
1848
3331
3566
3643
3195
3643
861
3643
4158
2316
3740
2316
700
2316
2353
2316
2807
3342
3425
2673
2435
1219
3849
1219
893
1219
3306
2597
1921
2597
3638
2597
361
2597
2258
2050
1813
3991
2206
3991
3161
3991
3534
1618
4038
1618
3327
1618
2522
1257
1621
1257
528
3261
2973
2641
57
1939
4155
354
3390
354
2640
354
3053
1187
2402
1980
1281
1980
1107
1980
2667
1980
1788
2976
2134
1894
1711
1894
2639
1221
897
1221
702
1221
858
3629
707
418
1832
418
3894
1369
994
1369
1788
1202
462
1202
2423
3150
1906
3150
1315
3150
2888
4223
4227
3336
1669
271
300
271
291
271
121
196
194
196
198
1006
954
1006
955
1006
958
3771
2682
3080
405
3080
3866
3080
2676
3080
2663
3080
1403
3080
1038
3080
2012
3080
3876
3080
3867
3080
1162
3080
1251
3080
1722
3080
1651
3080
2675
3080
704
3080
1175
3080
3924
3080
1716
3080
798
3080
2010
3080
2670
3080
2674
3080
874
3080
552
3080
807
3080
3875
3080
744
3080
1188
3080
1712
3080
3513
3080
828
3080
1489
3080
3925
3080
1785
3080
814
3368
4126
3368
2248
3556
2632
3556
1575
3556
2783
3127
839
3066
3926
3066
1440
1013
2003
1013
1994
432
3251
432
837
3081
3258
3081
3259
1862
736
4214
4275
1135
3938
1632
662
1632
1102
1632
758
1632
3754
1632
1203
1632
1633
1632
473
1632
743
1632
771
1632
2019
1632
2813
1632
3551
1632
1737
1632
756
1632
762
1632
3552
1632
526
1632
1782
1632
452
1632
998
1632
2001
2746
4052
4196
4204
3151
2559
1220
2015
279
293
279
225
279
262
3359
3554
3359
2238
3359
1677
2725
2200
1178
1618
2166
1478
2166
1697
2166
1561
2027
3283
1981
1198
1562
2618
3539
2731
3539
4046
3539
2536
3724
2394
3724
1747
3724
2401
3724
3831
3724
1422
2640
4152
4033
4054
737
2474
1908
2220
1908
4103
2051
1832
3186
1922
3673
2654
3673
1965
1051
3847
1051
1326
908
1945
3372
3373
1737
3941
1737
772
1737
3100
3035
2622
2309
2002
2309
2000
562
552
562
828
981
2728
3704
3087
3704
2397
3704
1801
3704
2052
2440
725
1027
573
1027
2007
185
21
1166
3836
2178
4055
2820
2421
3746
1143
3746
392
3113
3911
632
3936
2135
1318
2135
1317
2135
4042
2312
1407
2262
2264
862
3411
1432
502
1432
1100
2013
382
3078
2809
3078
558
3716
759
3716
3747
2520
1897
2520
323
2520
3010
128
127
4221
4193
4221
4264
2521
1889
2521
4045
2375
3851
2375
3304
2375
2690
2487
3997
2487
1892
2487
1337
2006
572
4120
2269
4120
3372
2557
2881
2557
2572
2557
2207
163
290
163
263
163
99
3494
2696
3494
3848
2692
1836
2802
2950
2519
2532
369
368
2473
2708
2397
2063
1418
2963
1418
2680
1418
1088
2821
3973
4050
4063
894
3196
894
2270
980
698
980
698
2441
3124
2441
2456
2441
2459
2968
2441
167
88
1354
2018
1354
3257
2787
3398
4057
3511
4057
1905
939
2883
3106
2692
618
3933
618
1324
618
3132
618
2443
618
1323
618
2499
3609
605
1284
1197
1284
3915
2857
2999
2819
3294
2502
2718
1050
2073
1050
2448
1050
1325
2338
2677
239
229
2565
3018
2565
2746
2565
2876
2678
2835
2678
2075
2678
2080
2678
2685
2678
2829
2678
2834
1613
4041
1613
465
1613
2520
1613
1883
2279
2282
1722
539
879
3121
115
114
1236
1171
1236
843
413
2204
413
1492
413
1670
413
2123
3454
949
3454
4081
3454
4075
2466
3415
1491
2702
1491
3923
1491
736
1916
3190
1916
1921
1916
908
1032
1802
1032
2022
1547
2116
1547
2029
1547
2126
1140
3494
581
571
158
128
158
193
2865
3555
2344
1503
3735
3754
3735
3551
3794
1661
3794
3823
1451
1658
1451
452
579
580
579
574
627
609
651
2073
651
3293
651
2448
1427
2836
1427
1814
1791
2065
3956
2508
1701
4118
1701
2617
1701
2775
1381
476
1381
2356
2635
4168
1847
1857
1380
1612
1380
474
3247
2667
4254
91
4254
88
4254
26
4254
10
4254
17
4254
78
4254
66
4254
36
4254
81
4254
62
4254
9
4254
3
4254
46
4254
84
4254
25
4254
57
4254
1
4254
94
4254
8
4254
5
4254
38
4254
4
4254
71
4254
68
4254
76
4254
54
4254
41
4254
55
4254
2
4254
95
4254
86
4254
29
4254
63
4254
44
4254
51
4254
48
4254
24
4254
6
4254
30
4254
85
4254
72
4254
42
4254
56
4254
39
4254
40
4254
70
4254
69
4254
15
4254
47
4254
14
4254
93
4254
27
4254
37
4254
31
4254
16
4254
83
4254
49
4254
50
4254
12
4254
33
4254
52
4254
89
4254
90
4254
13
4254
32
4254
92
4254
65
4254
53
4254
80
4254
79
4254
61
4254
7
4254
11
4254
20
4254
82
4254
0
4254
87
4254
43
4254
64
4254
45
650
2467
650
2164
650
855
650
2161
805
489
2205
1913
2205
3180
2205
1645
695
869
1790
2962
1790
2823
1018
1547
1018
1531
1700
1591
3240
1977
1450
1664
1450
3537
580
1872
580
2162
580
1871
580
2155
3201
365
3201
372
372
364
756
2838
756
3532
756
3113
267
302
267
227
3308
1469
3217
778
3217
1193
1606
1714
1606
1478
1606
2555
1141
3844
1141
3891
505
2335
505
2328
1097
3150
1097
2732
1173
422
1490
650
1903
2594
1903
2243
1903
2895
3210
1415
3210
3824
686
3186
686
3186
686
330
3939
479
406
400
22
67
1406
3300
3328
2562
3328
3995
3328
1744
3839
1825
3839
3858
1686
3675
1686
3676
903
2517
490
480
490
1103
4227
4252
2097
1186
2173
2188
203
178
1505
1616
1505
902
1505
793
1505
3422
3118
3135
606
1473
606
3601
606
2486
2141
2176
2141
1744
2141
763
29
3345
3177
1756
1819
1756
526
1372
2404
1372
885
207
120
1580
3526
1580
3163
1580
4070
1580
3527
1580
1336
1580
3023
2761
2900
3687
1635
450
3772
450
3779
3669
1975
3669
3078
2190
856
700
1359
700
2396
700
3848
2018
1568
2018
1800
2018
3269
3680
405
3680
1755
3680
1965
3680
798
3680
1970
3680
1188
790
3309
790
997
790
2958
1695
869
1695
4155
1695
3399
1695
385
1695
4159
1695
4153
1695
1735
1695
360
1695
3640
1695
393
1695
715
1695
3398
298
195
1805
1363
1805
1364
1805
3522
3073
1001
2997
4097
2997
3156
1650
3299
4244
4206
3221
2799
3315
1361
3041
4117
380
374
2247
1927
2247
2626
2247
4158
847
1578
847
1367
847
1199
1315
2753
3132
3138
3764
1638
3764
2097
3764
1637
381
374
3040
4117
2191
3020
2924
778
2924
3799
701
2239
701
3473
791
2556
3856
1812
3856
1804
427
3770
427
784
427
1167
2536
2192
1651
3962
1627
1793
1579
4031
451
3738
451
1657
3894
1647
1265
1266
1581
1505
2760
2894
2435
3417
2435
2474
2140
1884
547
2348
547
546
2963
1085
2032
2433
2032
1831
2032
2088
916
906
916
2904
491
482
138
137
2478
1082
2478
4013
2478
2545
3595
4094
2836
2851
1413
1414
1879
1728
1879
3576
1879
4022
1879
1893
1879
4100
1879
2542
613
1029
613
1999
722
2150
2666
2389
2333
2037
3396
3409
3658
1639
258
96
3274
2503
3274
1810
3756
3254
3756
3887
2920
569
101
227
1133
1862
3571
2873
3571
891
3571
892
3864
1809
3864
3899
3044
2624
63
2764
1563
2764
2595
2764
2598
698
3602
698
939
698
2738
2208
1908
2208
937
808
1827
808
1857
808
3298
808
3122
3935
1838
3935
1613
3935
765
3935
888
1015
579
2609
1926
3634
2612
3634
3597
3634
3635
2144
1097
962
963
315
123
315
233
208
260
508
692
508
762
332
2780
332
2625
2612
1307
2723
3343
2723
3457
2723
942
44
92
2902
906
539
2439
539
3115
539
3988
133
166
3524
3476
3524
429
3524
430
4017
1544
4017
2140
4017
2863
3739
3847
3739
3771
3739
1627
3739
1626
2568
2240
4010
3147
494
1099
494
1289
2675
3540
2675
1190
2675
1191
51
2919
632
454
2118
454
703
454
1856
454
989
454
2548
454
1732
2957
3896
2957
3103
2239
3643
2239
2247
1584
927
1584
829
839
2171
839
1861
3787
1039
3787
1329
1469
340
1469
3573
4047
856
2638
1703
669
2368
669
3807
2887
3547
4234
4200
4234
4246
1276
1194
1276
1659
384
383
2868
2540
2868
2725
2868
3009
4001
3334
4001
935
4001
934
704
564
3780
2939
3780
3067
2921
3577
2921
491
2194
3021
2194
4049
2194
2899
1072
3904
137
212
794
903
4040
1743
4040
3363
4040
1680
1654
742
1654
1376
1654
740
250
299
250
126
654
1440
654
1065
3516
4115
3516
3592
1794
423
2072
2707
2072
2707
153
142
153
316
3880
3910
3880
3493
1704
483
2876
2748
3599
1609
3599
321
3599
3167
1384
1112
1384
3392
109
108
1268
1665
2438
2106
2438
2110
1669
1701
1669
4106
2373
525
2297
1490
2297
687
469
3927
469
3110
3887
2035
4021
3008
4021
3442
4021
3017
1839
1851
1839
1363
1839
1364
584
580
584
586
1318
4056
2341
3568
2341
3569
1454
1269
1454
1658
3546
3547
3546
3187
3546
1690
3172
3369
3172
2907
1494
4022
1494
460
1494
1896
1494
2552
3381
3200
3381
1572
3381
875
3381
1573
3381
2787
3381
4139
3381
3052
3381
2286
3381
3385
48
80
2576
3439
2576
1619
2576
3029
3504
682
3504
2607
157
317
157
132
152
181
152
144
4220
4227
1539
2219
1539
1574
1539
945
2475
2872
2475
3007
3115
3969
24
85
1332
1333
4195
4201
4195
4272
1508
821
1508
2377
3438
1723
3438
2230
3665
1016
3665
1427
3665
3240
3665
582
3466
2276
3466
2294
3466
2270
1962
1683
3033
2609
3033
3185
3033
2245
4074
3512
1144
1538
1144
1063
3319
1882
263
100
2412
2095
2412
2104
2412
2461
2717
1874
2340
2349
3694
3700
2015
3881
74
75
3835
2687
3835
3862
1808
2078
4192
4276
2759
915
2759
695
2759
1917
1698
3494
3964
3985
2689
2089
2133
1539
2133
2871
2133
2196
3349
2221
2409
1552
1138
1060
1138
1360
3355
3182
3971
1827
149
171
149
197
3283
3994
3283
2116
3283
2126
3582
551
3582
3781
3582
554
3582
3801
3582
2009
3582
1666
3582
2020
3582
2013
3582
3872
3582
2007
3582
825
3582
3869
803
607
777
1753
777
1746
777
2511
777
2160
693
690
693
2614
2203
2216
3535
3536
3298
2715
3169
3359
1749
1551
1749
550
1749
3891
1749
1321
1749
1734
1749
365
1749
3890
1749
1657
1749
402
1749
3609
1749
380
1749
3908
1749
1531
1749
1046
1749
3531
1749
3082
1749
407
1749
2355
1749
599
1749
553
1749
1649
4061
931
4061
3587
984
2166
3470
551
3470
3781
3470
3801
3470
1666
3470
573
3470
381
3470
2374
3470
3872
3470
977
3470
2014
3470
1017
3470
3889
3470
825
3470
3255
3470
1648
3470
789
3470
3869
1350
807
1350
744
1905
323
1905
2217
472
2332
472
3842
890
3687
890
1634
3191
3193
1672
1673
1672
1791
1672
2681
3477
652
1280
1424
1280
1277
503
780
503
779
503
1733
1054
1992
1054
1995
2728
3013
2728
3158
2728
2561
1175
2113
1175
1833
266
141
266
316
112
81
2069
3476
2069
2452
2069
430
6
4174
62
1327
940
1327
2068
1327
2130
1327
4009
1327
2117
3924
2025
3618
2085
3618
2849
415
1647
415
3497
415
2842
1281
2827
127
87
1112
3270
1112
3114
1615
4092
2824
2693
3986
1877
3986
2525
3986
3326
891
2539
3846
3898
4099
4115
4099
3592
3804
1550
3804
3849
30
90
516
1989
516
2329
2444
1887
3233
1161
2563
3546
1351
977
1351
2660
947
1911
123
85
2366
1794
3648
2909
3648
2908
3648
926
2633
1303
3426
3038
3426
3371
1979
1662
1109
850
1109
754
2936
2016
3816
1050
3816
1661
2524
3645
2524
1682
2524
944
2216
3440
2216
1619
816
1076
2863
3001
3625
656
168
98
168
289
168
219
1263
810
1263
706
3406
3407
3406
1790
1816
3976
2433
2488
3916
1662
3012
2566
3444
1868
3480
2599
2109
2708
979
610
2378
3280
2378
3898
3487
3300
1313
2129
3605
3600
351
4152
1947
74
1516
2432
1516
2423
3904
2550
3904
1670
3904
1671
3009
2560
3414
781
3414
3544
3414
2370
3414
3413
3414
3543
3414
687
3414
1277
1224
3939
1224
1704
3946
2071
1891
1691
1891
4048
615
725
615
822
615
1853
2335
500
2112
3134
1415
3274
1415
1083
2644
578
2965
3497
3824
3481
3824
3288
3824
864
327
326
1069
3968
2054
1366
2054
739
2054
1623
2175
4001
1503
2445
3250
403
3250
2347
3250
2002
3250
1059
3250
1998
3250
1993
3250
2000
672
3782
672
1395
1890
4039
1890
734
1472
1861
1472
3130
905
1402
350
349
3257
2961
3038
1924
1984
3470
749
1890
1693
1695
1693
3644
1777
1621
1777
2956
3154
2212
3154
2212
3075
3088
1803
1468
1803
1469
1803
1740
1803
1470
264
177
264
112
1306
1723
3871
1660
3564
2873
3084
2832
2138
1640
1956
1266
1956
3764
1583
1584
1549
3854
1549
2825
3972
1827
3581
3529
111
260
453
3772
453
3537
3528
2906
3528
2605
2193
761
2193
3590
2277
2916
2277
4130
703
1554
299
240
877
2057
793
2731
793
4046
793
3410
793
2536
793
3955
793
1628
2528
913
3545
2710
3545
2152
3545
2989
1886
1743
1886
3363
1886
1680
3070
3262
1653
664
4200
4187
4200
4243
3859
415
383
1948
1849
1075
1849
2491
1849
1530
355
3390
355
352
4062
921
4062
1885
4246
4251
3399
685
1895
3510
1895
1582
611
2457
611
2060
611
2974
3192
3197
3192
3374
900
1610
2331
2812
2331
1493
2331
2345
2331
2445
214
253
1429
462
1429
1095
493
2343
493
2328
577
924
577
2162
577
3349
577
923
2170
3970
629
2685
629
2824
629
2834
3515
3516
1411
1412
2828
2114
2448
3960
2448
3960
2961
3618
2961
3617
85
198
241
2143
1080
2143
3520
2143
2546
2143
3324
2143
2870
988
3454
2960
2056
2171
7
3868
1538
3868
2408
1410
1412
610
2457
610
1476
610
1313
610
2060
610
3463
610
2974
1058
1328
1058
670
2724
1545
2724
1545
901
1116
901
3620
2330
1344
3836
2704
3836
2495
3836
2460
72
21
72
23
72
28
72
22
72
18
72
75
72
19
72
34
259
232
3243
3081
3243
334
1134
1747
3638
690
3465
3466
3465
3189
3043
4132
3043
2778
922
965
922
2757
922
1917
3071
3096
3071
3275
220
308
1342
473
1342
1737
1099
485
716
3054
3213
1411
3213
1507
2763
2244
2763
2245
3666
1770
1716
1792
99
221
3434
3401
3434
748
3434
1332
3158
2574
2099
3126
342
2288
251
296
251
262
251
201
1922
4145
1922
1926
4078
2593
3088
2427
2134
1886
2134
2559
238
2
3698
1775
3936
882
3936
607
1901
4171
2999
3006
2999
2871
2999
2196
2058
454
1610
2464
410
3987
410
399
3968
984
3968
985
3968
3978
3755
3540
3755
1190
1171
1570
1171
2043
3034
2229
3683
375
3683
3697
3683
1173
3683
381
3683
1601
1988
1532
1988
390
1988
872
1988
3844
1988
1557
1988
3767
1988
1535
1988
1547
1988
372
1988
3719
1988
1652
1988
3843
1988
2346
1143
1585
1143
788
411
398
411
404
1285
781
1285
1426
1228
1812
1228
2818
1228
733
1629
1748
1629
3698
1170
1849
1577
3539
1493
2059
429
2133
126
125
1900
2887
1900
1690
4088
3347
1611
3821
895
4033
895
4055
4161
54
4256
4225
4256
4193
2648
3850
2648
1585
2249
32
1355
2347
1355
617
849
1076
1383
1002
1383
3392
3959
4020
3959
2995
3959
3145
3959
3604
653
2702
653
3320
653
3923
653
648
886
1924
886
4110
4139
3399
1793
3804
1877
3565
1703
2641
3508
2578
3508
1682
3508
1907
1296
1253
1296
817
1453
1663
1453
1245
2374
3095
3872
605
583
1015
583
2030
549
411
549
3989
42
93
956
3308
956
1470
1367
2182
458
2484
458
1494
458
2434
458
3101
3928
1335
3928
3641
3928
2992
3614
3416
3614
4004
3614
2537
1588
624
2634
1696
3572
2717
3572
1096
1189
539
1937
4159
388
379
388
387
2864
2570
3808
2037
2345
2059
798
410
2198
3342
2198
3530
2198
732
1259
1540
1259
2956
708
395
2010
594
1658
904
3945
2541
3945
2551
3945
3332
1217
773
1217
492
2599
2268
2599
1542
2523
2182
2326
1198
3644
362
3644
1759
3644
3054
3644
875
3644
336
3644
368
3644
383
3644
1703
3644
4160
3644
911
3644
395
232
7
3606
2580
56
79
3405
1197
3405
532
3405
1480
3405
481
3405
1513
3405
3577
3405
3814
3405
3840
3405
1409
3405
502
3405
1441
3405
476
3405
468
3405
3784
3405
1187
3405
790
3405
491
3405
3864
3405
3916
3405
3755
3405
1171
3405
3915
3405
3845
3405
1242
3405
899
3405
1100
3405
843
3405
964
3405
1343
3405
961
3405
1204
3405
823
3405
488
3405
1586
2443
2719
156
178
156
136
102
80
2564
3024
2564
3419
498
2813
498
2411
2471
2138
2471
3321
2471
3137
3110
3118
2823
1809
3915
457
175
301
175
124
2892
2229
2470
3120
3111
3116
3111
2472
983
811
2148
2185
3749
1366
3749
1623
4232
4272
4277
4254
3294
3311
39
59
504
2335
504
1738
40
60
3129
2525
3129
3565
1053
1651
1053
3925
4084
1316
4084
327
4084
328
2011
588
739
809
3048
1933
3719
2362
4037
2588
4235
4248
4235
4240
4002
1853
2768
2241
804
584
2204
3350
4030
1872
694
2959
694
1553
2029
3994
4082
2218
4082
3167
1694
3585
1694
1695
1694
3644
1029
3278
1029
3284
1029
1322
3153
2752
3153
2882
1804
733
1804
733
151
145
151
195
2776
4128
2776
2261
3670
1964
3670
910
4179
4277
3083
3952
4172
69
2307
566
2307
825
1739
1976
1739
1982
4022
1893
4022
1893
312
176
1011
1321
1011
553
3677
1966
3677
503
3677
1588
3677
625
3536
3014
2670
2384
2053
3506
2282
42
3382
395
1504
1716
3189
2621
3189
2294
3189
355
3189
1930
1148
3844
1148
1649
3356
2606
3356
4142
1983
806
1983
1590
1983
3857
1983
976
1983
3774
1983
3884
1983
2951
1983
752
1983
1540
1983
1541
1983
1015
1983
979
1983
1777
1983
3745
1983
3253
1983
1328
1983
1060
1983
1360
1983
528
1983
670
1983
1511
1983
1656
1983
600
1983
1485
1983
751
2352
2957
3568
3777
3568
851
3568
3608
3568
1444
3568
2418
3568
3704
3568
1406
3568
2018
3568
611
3568
1189
3568
2011
3568
2017
3568
3403
3568
3862
3568
768
3568
718
247
257
247
255
1223
694
1223
3822
3815
2387
3815
3852
2517
1880
2517
3144
2946
1247
1498
1368
1498
1752
278
258
278
205
278
164
2559
2203
2559
4088
2559
4080
4194
4191
4194
4252
3626
437
3448
1990
3448
1991
3448
1997
3448
1180
3448
816
3448
709
2489
3317
2489
2507
2643
1443
2643
555
4216
4277
3425
3426
3425
3357
2671
3108
2817
2833
3985
895
3985
1708
3845
1067
3845
1399
3845
867
658
2954
658
3775
1708
3575
1010
2003
1010
1998
1798
3972
2859
1859
3908
3261
3908
3265
3908
2822
3418
2357
3418
3703
3418
3758
3418
2661
3418
3725
4053
922
4053
4072
1264
2371
1264
817
1388
2447
937
938
937
938
3559
2634
2434
3986
2789
336
1314
3424
1314
4113
588
3999
588
2098
588
586
3339
4105
3339
3045
3339
845
70
2925
2668
2925
841
2925
3684
2925
2378
136
135
69
3828
2368
3828
3888
2399
2424
1458
759
1458
3861
367
2119
367
2699
367
4124
367
363
3167
3186
3167
2611
1442
851
1442
1444
3026
2758
3026
2601
3280
2440
3715
1650
3715
3765
1822
3927
1822
3118
779
1221
3287
3983
1501
836
1501
1666
2145
4176
642
2802
642
414
1260
1506
1260
3765
206
211
206
106
270
215
270
300
2765
394
2126
574
2067
2709
2430
909
2430
1221
3745
1402
3745
3839
3745
3856
3745
2960
3745
804
3745
2026
3745
2030
3745
2034
3473
3474
1014
573
1014
566
1522
1444
1522
3815
3728
2394
3728
1134
1691
1900
1801
3289
1747
2422
1747
697
1747
1825
15
1310
2462
1310
839
3045
4135
3045
2286
949
950
556
2449
556
2093
556
928
556
3965
3237
2357
1311
2462
1311
3127
385
1947
4255
4271
4164
68
705
3468
2195
922
2195
4072
1152
3517
795
894
795
3452
2348
401
1690
1308
1655
1758
1655
2154
1655
1713
1655
4023
1800
1820
3230
643
455
2127
455
1091
455
2480
455
1092
3409
3944
3409
3410
486
463
1261
1540
1261
1622
1585
3854
1585
1133
3919
2115
3919
3964
1082
2198
1329
1330
3202
503
2431
2451
856
813
856
2749
856
3034
856
2892
856
3360
2256
335
2256
3048
2256
1934
2256
715
4252
4192
1596
3628
495
2407
2674
570
4201
4228
1500
782
1500
783
1107
1340
1893
2878
1893
951
1893
3337
1977
1688
3364
2597
3364
1923
786
1731
2186
2195
3949
2123
353
2294
353
2788
396
2269
396
708
4269
4253
4100
2233
4100
2235
243
289
243
222
3483
3528
3989
919
3989
4062
3989
404
2982
1544
2982
3001
3849
847
1396
3104
2561
2574
1353
1038
1353
744
3555
2582
3555
3431
4203
4219
4203
4244
2474
1854
2474
2488
1786
2978
1786
2979
1786
3434
1786
713
893
1850
977
978
3052
915
3052
2637
2107
832
2107
832
500
1103
500
897
500
898
500
702
1283
1978
1283
2333
317
235
317
166
1495
1724
4242
4249
4242
4185
596
589
596
595
3498
3500
3335
2209
1856
2732
18
2082
1091
2082
1842
329
2242
3819
2351
3819
2383
2861
3004
585
3967
585
580
1486
818
1486
2062
1486
2468
1486
3960
1486
3287
2928
3069
4162
52
1455
2081
1455
3252
800
991
800
3083
800
1778
655
3800
655
1070
690
845
690
4136
2200
3501
2200
1620
2200
3595
1795
2994
1795
1072
1795
2861
1795
2156
1795
1071
1795
3948
3007
3991
2152
1878
2152
3535
1705
1635
1705
1598
3429
416
4245
4180
1385
3840
1385
3864
4259
4258
4259
4208
1556
2087
1949
9
3222
3623
3222
792
2631
2917
3253
2039
3253
2040
3253
775
747
458
2630
1934
801
887
801
886
801
4083
691
2973
691
2413
3185
2244
2201
3169
2201
3160
2201
3159
522
2686
522
2055
522
1183
522
2967
522
3495
522
1182
4119
4129
4119
2905
3708
1969
3708
403
3708
389
3708
709
2014
388
1067
1068
1126
1046
1126
2346
2860
2719
1642
1699
1642
3198
1145
3924
1145
874
501
2969
501
1807
2736
4085
2736
2879
2736
2741
2222
1562
1779
1419
822
2508
3114
1319
47
81
75
442
1441
442
3784
2560
2571
3469
652
2607
384
2607
3562
3992
2734
3992
2173
3992
2189
1174
422
1055
1992
1055
1049
3316
3322
3262
3276
3031
3036
3031
3491
985
2166
1904
4076
1904
3603
1904
4087
1192
2373
1192
2377
4149
4164
3304
3907
2652
3470
3346
3177
2131
856
996
464
2370
780
2370
779
2370
1733
3772
3264
3772
3281
2582
4095
292
226
4207
4179
2343
484
3395
1320
3395
952
2525
2727
2371
2400
1762
1748
4215
4216
3519
2391
3519
3922
2130
941
537
1409
537
3755
4013
2198
3458
3950
2426
1826
2426
2092
2042
3572
244
293
244
103
3596
795
2846
1640
2846
3137
1614
3454
2825
1844
2825
1617
2445
2465
2445
413
2445
1069
2445
3928
3798
2324
3798
3076
3798
2391
3798
3629
3798
3458
3798
2023
4212
4273
166
90
2889
3356
2889
4108
667
2033
667
3972
667
2386
3142
2540
3142
3012
3142
925
3142
3011
3142
2571
3549
607
358
2699
358
363
358
2689
358
356
1467
2430
1467
2429
3030
2226
2237
26
4043
1760
837
417
3783
3886
3783
597
3783
1219
414
412
2546
2564
2959
2451
2959
1211
1898
2584
1898
3461
1898
4078
2917
344
3855
2070
3955
2740
898
858
3371
2263
3371
3559
3371
3049
3768
3394
3768
3838
3768
1839
1414
3514
1414
1190
1414
1191
2645
3238
2964
2464
1837
561
3883
1656
467
1836
467
3303
467
3395
2299
1343
2299
961
1358
736
1667
2743
1667
1615
1667
4073
3898
878
3898
4002
3898
2122
1225
668
1225
3234
1288
1278
1288
747
246
220
246
223
614
610
2334
1486
193
319
193
167
2720
4102
3736
3758
3736
3086
2923
1745
2923
1410
1246
1247
1042
2018
1042
611
1537
428
1130
3910
1130
2351
197
184
762
458
2626
4161
3654
1674
3278
3920
2452
2133
3324
4047
3085
2047
3085
1462
3085
3094
3085
3097
3085
2954
3085
3855
3085
2955
3085
3098
3085
1161
3759
3859
3759
3552
2382
2084
2382
2083
2382
3472
1996
619
1131
2944
1131
1648
4159
4170
2792
1341
2702
2510
3155
1901
3074
470
2407
880
2407
1730
904
2157
904
2976
904
1178
904
3982
904
2501
2721
2558
1985
2678
2687
2084
2687
2083
2687
3472
4236
4203
4236
4206
4081
950
3096
3109
3096
3107
2055
3571
2174
2181
2757
695
2719
2869
2719
2724
4168
71
2492
2515
2492
2513
2492
3316
3327
2190
2422
1358
2046
417
2842
2712
3579
3471
4073
1314
1530
3139
1137
3469
1137
1059
3320
3945
778
2400
3125
2982
1766
3814
1766
899
1766
964
3146
3579
3688
2808
3688
3505
2751
3566
460
2878
460
951
460
3015
735
3362
735
2191
735
2599
735
1691
735
943
2542
2552
3963
464
1830
3123
2681
3281
139
91
1660
1357
1660
1847
1660
3122
4218
4250
3693
3233
3693
3703
2727
3157
2727
2558
2025
3400
2025
1331
2025
2989
2401
2064
3205
366
2400
2454
2400
2439
2400
3119
2400
3115
2400
1182
3731
1455
3731
1989
3742
700
3742
3519
2680
1085
4261
4249
4261
4247
1661
2036
1661
2679
1661
3892
14
1328
1330
1185
2716
461
4026
461
2480
461
1425
461
2529
948
1919
3376
2282
1831
1854
2349
554
2349
2009
2349
375
2349
836
2349
3701
2349
566
2349
2020
2349
2013
2349
1173
2349
406
2349
2817
2349
2949
2349
2007
2349
1546
2349
3934
1255
1262
1255
534
4160
4171
2595
1919
574
2162
574
3594
2750
3436
4146
351
4146
4147
4146
352
4146
349
2953
3291
2586
3518
228
177
93
3712
3256
3712
2950
4104
833
4104
342
4104
2248
3650
3517
1196
2082
215
119
215
234
4009
2862
2883
4071
2883
2582
2883
2886
3503
686
3503
846
1531
576
2656
2016
3657
1974
4143
1940
4143
1941
4143
4149
4143
2295
2274
4149
992
993
874
3649
874
2419
874
862
2386
2066
1874
2184
1874
1732
1992
3962
4153
4173
2555
1899
531
1181
531
766
282
207
282
291
4102
1679
4102
2744
2796
3792
3591
3381
3591
3382
3591
2785
3591
2283
2706
3541
2706
1185
2706
2498
4029
2147
4029
4061
2485
2512
2485
2991
2485
4021
2377
523
2456
3144
2293
4159
3523
2102
3523
879
3523
1845
4199
4274
4170
63
2911
3047
4156
4169
1574
1559
3389
4155
3092
1644
2855
1093
2600
1308
2600
3547
2600
3187
2231
4116
3182
3035
3182
3192
831
482
132
131
1948
12
1461
2661
4263
4180
4263
4267
2496
2142
328
2240
2785
2636
2785
385
661
3798
2929
2363
2929
1181
2395
1823
2395
1811
265
221
265
302
265
263
107
78
1025
1990
1025
1993
3248
3279
660
1997
660
1152
2230
4116
830
2390
830
1817
3863
1797
3863
2658
1735
4175
308
309
308
161
1460
1417
1460
1799
3037
1923
2910
2777
3311
2500
2601
3634
3225
2373
3225
766
766
3300
1778
750
2622
3197
2622
2275
2622
2630
2713
721
3218
1427
3307
3615
3307
3141
3307
4006
3307
3157
3307
2864
3307
2721
3552
1795
2137
2506
3300
3124
3300
1840
3300
2456
3300
2459
530
3916
530
1243
103
102
1242
1243
1046
717
1046
2669
3341
3172
3633
3803
159
240
159
254
159
126
3332
3166
3979
4000
1061
3104
482
480
482
1869
4137
2290
4137
385
4137
4138
1086
3954
1086
2502
1086
2504
3000
3147
552
548
807
978
4180
4179
4180
4179
773
1850
773
847
697
3858
2207
2889
4267
4270
4267
4245
1156
802
1156
857
129
167
3852
2841
741
1866
3392
3935
27
78
3563
369
3563
3415
782
653
4069
4099
2182
703
2182
2548
2182
1732
392
382
970
551
970
406
3199
1696
852
1365
852
774
852
3396
1095
461
2252
1940
1592
2058
2100
903
507
1205
507
1094
4258
4261
4258
4217
180
213
180
316
1545
2874
1323
2868
147
146
2101
1571
646
3856
646
751
162
290
162
302
162
101
96
6
3775
2688
1446
756
1446
452
3443
4007
3443
3444
3443
1074
3022
1920
3022
329
971
550
971
407
943
2600
2567
4074
1826
3913
174
235
174
134
1845
3553
359
95
2637
360
3823
2033
3823
1798
3823
2386
3995
3490
740
741
2958
3979
1899
3480
1899
2600
3265
2973
3001
819
3001
2733
1364
1870
1425
2187
1214
1603
1214
1203
3413
2344
4058
1615
4058
1314
37
35
625
3958
2122
822
2867
2736
1934
1636
1934
4137
2888
2753
1060
729
1060
3092
1060
3093
143
76
3903
2469
3903
2701
1526
692
1526
3897
526
515
3803
1821
3803
2848
2060
4008
2437
2509
2437
1578
142
141
1267
1665
934
3639
3234
3769
1122
2026
1122
600
1289
3628
4113
3560
4113
331
4113
1925
2814
3537
1625
2682
425
1657
425
3843
364
367
364
358
899
1062
899
1610
899
3942
1740
341
1740
3574
1317
4056
2245
1926
3923
3945
1359
2696
2298
2336
2298
3074
845
4135
2226
3424
2226
4113
826
2147
826
3989
826
2153
826
1867
1943
77
3360
3031
3160
1903
4116
2619
4116
2256
1971
521
1971
375
1971
836
1971
3710
1971
566
1971
406
1971
2014
1971
2949
1971
1648
1971
789
1971
3934
1971
3705
446
1972
446
2949
2514
895
3367
3387
3367
3190
3367
3194
3367
361
3367
3193
1646
2035
1101
3964
1101
786
1101
2858
1101
4012
1101
2446
31
88
16
323
2223
2732
2565
545
2338
545
1979
4248
4253
3056
1439
1507
517
1100
1101
592
2009
592
1017
2095
2478
1852
1753
1852
2511
1852
2160
3284
3920
67
1970
838
2986
3520
2986
2546
2986
3953
1392
3841
1392
1646
4108
2224
4108
907
4108
2904
1782
994
1782
1603
1782
487
1782
692
1782
3623
1782
1269
1782
1006
1782
3859
1782
1658
1782
3651
1782
1007
1782
792
3161
4018
1741
2909
1741
2222
1741
926
3952
1730
2156
3427
1697
1899
1773
2839
1773
2442
1773
3310
1807
1846
2995
2521
1552
633
1552
3957
1552
2473
1552
2109
242
34
2718
1876
2086
3455
2086
3455
1482
1346
1482
2664
2061
1420
2061
2074
2061
1604
3879
3544
3879
1037
2304
699
2304
1490
1104
490
3999
577
1253
1254
2677
2847
2677
2828
2677
2143
2677
2099
2593
1306
2593
2231
2593
2230
3493
3962
2529
1896
2529
1896
3462
1696
3462
4133
4238
4242
4238
4209
3269
1041
1548
417
2896
3365
2896
1916
1183
2846
3488
796
1974
3078
1974
2341
3621
1165
3621
1165
2511
1895
628
627
628
1588
361
1759
2829
2693
2449
929
2885
3432
2885
2585
2885
2762
1848
1949
4187
4246
3779
1796
931
3339
931
2747
2300
3774
2300
3253
2955
2831
1428
1095
1428
1422
4157
4168
2811
2372
2811
2815
2811
2015
2811
2814
2811
1625
4260
4189
4260
4183
1017
584
4065
4077
4065
2610
4065
3188
2810
1388
2810
1817
2810
1622
3123
993
1059
1644
1059
3971
2064
3114
2064
992
3703
2004
930
4062
3195
2626
2301
3071
2301
3074
1744
3490
989
3150
3512
4141
3512
3468
3258
3302
3258
2697
360
4166
212
93
3674
1341
3674
667
3674
1634
3674
1598
3674
1395
1098
2118
1098
2479
1098
989
3351
2761
3351
2585
3351
2762
2023
2417
3975
3558
2510
3546
2510
3154
3164
1915
3164
4074
733
2978
733
2979
733
3397
2322
1749
2322
1988
288
238
288
209
288
255
3531
3870
3531
3943
3531
2410
3542
3570
3542
2112
3542
1751
3290
1874
3089
3836
1733
1221
2942
3081
2942
334
3297
2706
3117
1331
3875
605
1023
1734
1023
1531
3159
3168
2098
581
2098
581
1360
663
169
311
3723
1835
3723
2458
3723
1400
83
1989
1727
4034
3003
4034
1894
4034
4102
4034
684
744
2476
744
2091
1930
2276
3478
3500
1064
1066
2998
3970
2059
1610
2059
1610
2059
3949
1210
486
1210
1659
2715
2163
2715
1565
2017
649
1211
2691
428
1075
428
2491
428
1073
428
1530
428
871
428
3525
4147
4157
3617
2091
2483
2543
2649
3632
1931
2281
848
3443
848
3993
848
1077
2295
38
2248
4154
49
3610
606
50
3752
1979
3752
1982
3004
3459
2772
3044
2772
4114
1229
1403
1229
1162
1361
1875
1361
1071
148
253
2553
2213
1628
2740
974
4001
3647
1695
3647
3644
2393
1166
2356
1003
2356
3941
2356
772
2477
2859
2783
2629
548
3987
548
3989
3640
4177
2286
2639
2286
2638
2286
2789
3601
1873
4101
1918
4101
3474
4101
3473
2853
1731
2853
2858
2104
2986
664
1655
664
1859
945
4101
389
379
709
712
709
2367
709
1789
1617
2988
1258
854
1258
810
2199
2216
799
811
12
3893
3928
1659
457
2598
4123
3888
2035
2914
3521
2914
1692
459
1098
459
1823
459
1811
1571
722
1571
3444
1571
1074
172
318
172
144
417
1069
417
3893
417
3553
4005
3142
2234
1921
2234
693
1543
2280
1543
1575
1543
2914
1589
2431
1589
1211
1589
1553
834
2877
1325
3293
1188
522
3763
2408
3763
1419
3763
2032
3763
773
1464
2380
1464
459
4095
3181
4095
3183
1346
618
3273
3813
499
495
499
1738
623
979
623
2056
712
1079
1871
2730
1871
710
1871
4025
4117
3557
4117
3556
33
84
1423
2071
1423
2845
534
525
1843
2136
1843
2131
926
1641
1882
1753
1882
1891
1882
3014
1870
3988
3437
3438
3128
3131
775
776
108
107
1952
3853
3402
4043
3209
844
3209
1417
2149
4028
3912
3411
3912
1750
3430
791
3430
2148
3430
769
201
225
2769
2912
2769
2781
4181
4277
2028
3102
1093
4026
1093
1090
1093
2529
1177
3776
1570
2108
1570
2101
1570
2110
3575
1728
3575
3576
2604
3369
4271
4273
4271
4277
52
4080
3347
1907
3648
738
1333
3931
2710
3931
2152
3931
2989
3049
2634
3049
3199
3942
3949
3842
3407
3842
2962
3842
2823
3831
844
3831
651
3831
2429
3982
3433
2684
3524
2684
1170
2684
1534
4183
4182
1738
490
907
4170
2404
996
570
972
570
973
570
559
2093
4029
4136
3383
2177
1624
1028
2027
1028
2006
2754
2614
3812
2330
3812
588
1292
1197
1292
1204
1149
1712
1149
3513
3661
1668
952
953
1775
3405
1775
2356
3422
4016
3077
2815
2993
2877
2270
3485
4178
17
4133
4140
870
3528
870
3030
882
2132
882
3143
3229
841
1926
3421
1926
3462
2488
2159
2243
4128
2243
2261
3385
3387
3385
1938
3385
914
843
421
1534
1849
423
1362
423
1081
423
2976
423
1178
423
3975
423
2501
2271
4167
4018
3175
4018
4037
4018
4049
3453
854
3453
3906
3453
1416
3453
3901
3453
3910
3453
3486
3453
1172
3453
3886
3453
824
3453
2816
3453
3757
3453
820
3453
597
3453
2380
3453
1036
3453
975
3453
1219
3453
1581
3453
1672
3453
3477
3453
3519
3453
2382
3453
3493
3453
459
3453
2383
3453
853
3453
810
3453
706
871
1073
871
1073
1712
653
1623
852
1499
1388
1499
2026
2558
950
2558
3336
3586
683
3586
3003
346
3380
464
1527
464
1869
464
749
464
4015
2788
351
325
2538
1834
3998
2967
3571
543
1187
543
3548
589
3967
589
577
1417
864
1417
3482
209
3
571
2730
571
710
571
4025
571
3594
4048
2885
4048
3351
1459
1269
1459
792
2398
2063
3788
3486
3788
2353
2337
996
2337
885
659
3650
659
1528
3793
3839
3793
1555
1799
1423
4025
2210
2858
1863
617
3617
617
2085
617
2849
1709
1673
1709
1791
1709
2681
1389
2347
1389
1996
1945
13
1664
423
630
2057
630
3937
2747
1936
2747
1909
2747
2292
2310
709
2045
2428
125
86
2691
2853
2801
3771
2801
3077
3245
3770
3228
614
2522
2190
2260
31
860
3241
860
2336
860
1612
860
2332
860
2327
860
1976
860
1978
860
2338
860
3073
860
427
860
1413
860
2333
860
1979
860
2335
860
3243
860
3071
860
2326
860
495
860
1455
860
800
860
2343
860
3074
860
2942
860
1989
860
3842
860
1738
860
2337
860
474
860
2329
860
2655
860
1982
860
1736
860
2328
1765
3860
3126
2984
3126
2138
1430
2432
1430
2429
3067
1648
3067
3934
3145
4020
3145
4020
736
2541
736
2547
736
2872
736
2551
736
3007
736
3332
3215
3235
3215
785
2501
1618
3321
3325
260
105
260
211
1114
1480
1114
790
3463
3956
2822
2413
3492
1941
3492
1699
3492
2259
560
2975
560
2449
560
2093
560
561
2167
1606
2442
3921
2026
3920
2026
1322
561
932
561
2147
561
2153
561
4063
561
1867
4049
2588
982
4066
3789
662
3789
1633
3789
1007
3543
1536
3543
3089
3543
2393
2977
3805
2893
3432
474
467
1186
3947
1186
903
3651
1819
1674
1675
1674
1774
188
132
188
237
2500
2143
1052
1557
1052
3908
1256
1590
1256
528
2596
2608
4262
4184
4262
4184
4262
4202
4274
4276
2261
2786
2261
2285
2261
2267
2585
2594
2585
2895
4019
2884
4019
2205
4019
3017
861
1692
861
3379
861
883
3737
1063
3737
1549
2329
1512
1431
688
1431
1099
3513
652
4142
1939
4142
3389
4142
907
3374
2630
928
2975
4154
41
1195
2844
1007
954
1007
955
1007
958
1348
976
1348
979
236
110
236
106
236
292
2690
2703
2655
1792
2800
3075
2800
3889
3730
3884
3730
905
3702
3737
3702
3905
631
1039
631
803
4239
4205
300
169
300
307
2311
1664
2311
3799
4265
4194
4265
4239
4265
4205
316
181
316
143
2385
3523
4249
4202
2556
982
2556
1582
2556
3509
2949
3626
2949
3273
1631
806
1631
3857
1631
3774
1631
3884
1631
752
1631
1541
1631
3856
1631
979
1631
1328
1631
2810
1631
1511
1631
1555
1200
1201
348
2271
2795
3810
2007
572
3152
3344
4144
1920
4144
2611
4144
2242
2705
2492
2486
4005
4152
4163
1928
3559
2455
2111
431
3435
431
2317
3722
2684
3082
2672
4103
3367
4103
2228
89
1861
2866
1861
3573
90
3597
2277
2856
8
2052
3283
3107
3302
2283
383
674
3781
674
1666
2495
3579
2495
2998
1474
1475
1474
1475
3590
965
3590
2756
3590
3338
2786
353
2786
3485
3889
1040
3889
877
3889
3268
1982
3626
1982
3813
234
120
4106
2254
4106
4118
2396
2696
1561
1741
2353
416
3340
2752
3340
845
1026
2006
1026
718
1167
2392
1560
2767
1560
1583
2779
4126
2779
2627
2779
917
1222
1102
1222
1107
320
195
320
242
2114
3478
2114
3489
2114
3499
3301
2457
3301
4008
4118
2257
4118
332
222
232
1736
477
3347
3034
3347
2892
3347
3360
2642
3901
2642
2358
430
2133
3310
2137
765
3977
1860
4035
1860
4033
1860
2178
3753
1548
3753
2361
3014
3162
3014
1900
3014
2885
3014
3597
3014
3635
3685
865
3685
2806
3685
3414
3685
3616
3685
3718
3685
2943
1201
1367
1201
2437
273
109
273
292
273
295
3317
2999
3208
1541
1045
1551
1045
872
1630
1631
452
421
1370
1752
1370
2048
1582
4066
1085
3307
4125
3466
4125
3189
3272
3852
3131
1318
3131
1317
3131
1593
276
218
276
255
382
378
382
371
1155
851
1155
768
1074
2150
2192
2743
2192
1615
2192
4073
702
3961
792
539
3479
2678
1652
596
13
135
92
4208
4184
721
3054
32
86
2904
3372
407
400
687
1552
3762
1603
3762
487
3762
692
3762
1006
3762
3859
3762
1007
3762
792
3762
2364
1096
1097
2031
3894
92
492
3940
4148
4153
719
2540
719
2725
719
2560
719
2874
19
1607
2344
757
3571
3892
2481
1546
594
2898
4065
1959
2013
1959
381
1917
4166
2142
3002
2142
983
2142
2167
2030
576
2467
3561
2467
2729
2467
980
2467
698
2467
2194
2467
2482
3943
2053
1237
3916
1237
843
964
469
964
1822
645
1064
645
1528
1445
3784
1445
1171
1889
3335
1889
4059
1889
3010
720
1735
334
3259
2614
2258
1825
689
65
1846
1710
1846
1544
1846
2140
1846
2863
1846
896
3403
1330
219
313
219
170
923
924
923
924
3130
2146
3913
2143
3042
1302
1426
458
1371
1372
626
824
626
975
2762
3432
4114
1932
4114
2266
1343
963
1343
840
1525
1194
1525
1514
525
2172
525
891
525
3564
525
2095
525
2104
525
2461
3423
2771
343
2289
4209
4184
1626
3881
371
2119
371
2120
371
4124
371
377
426
1441
426
3845
3813
1831
3813
2488
3813
2088
2537
4019
233
125
100
1
3778
665
3778
1773
1923
4165
3361
2232
3361
3186
3361
330
4112
2779
2246
3373
2246
2778
846
3361
3268
3937
2288
55
2225
47
825
556
1334
4044
1720
809
2667
3749
889
2237
445
1168
445
1232
3998
3464
3998
4004
3998
2537
1964
2808
1964
3505
1645
2766
3983
2533
3983
2729
3983
1888
2837
2851
3843
1067
3843
1399
3843
867
1030
1652
1030
599
3489
3140
1299
1279
1299
2656
2358
463
1142
3823
1142
788
4055
3599
4055
4082
3236
1456
917
2288
959
1472
959
1471
546
410
2414
412
3792
3846
3792
610
3792
3248
3792
2049
3174
3032
3055
3064
1757
787
1757
1625
607
1312
607
2132
607
2486
607
1477
1719
1420
4158
4167
1492
2202
4186
4248
1031
1802
1031
3900
1031
1345
1031
3249
2096
3305
2985
1878
2985
3535
2985
2149
4131
1941
4131
3198
4131
2255
1687
1685
1687
2940
1687
3675
1687
1654
1687
629
1687
3479
1687
1160
1407
514
118
83
274
294
274
199
1721
593
1721
1295
652
2506
652
648
4169
50
1792
1363
1792
525
1792
3522
1702
2375
176
192
176
315
2074
1086
2155
1871
1382
1737
1382
998
2996
4085
155
138
155
179
3286
2450
2085
2476
582
576
3259
3
370
1865
370
720
1452
1722
1452
814
3452
2621
3452
2620
3452
2270
35
1448
1176
1448
1174
1961
390
1961
402
281
289
281
224
281
216
3170
701
3170
2586
3692
1540
3692
2339
3692
905
3692
804
3692
1360
3692
2030
3692
670
2411
1340
1828
1184
2895
4125
1331
2544
1331
2148
1331
735
1331
769
2429
3919
2429
2853
2849
2476
3962
2068
3962
2130
3962
882
648
3007
648
2201
648
1898
648
3332
4141
2236
4141
328
3620
2331
3620
1786
4107
2897
53
1277
1808
1277
1196
1277
1195
1193
1638
1193
2097
1193
1720
237
317
1528
2025
2886
4095
2070
635
2653
565
3627
1650
3627
1245
2956
1817
2583
2233
2583
2235
2549
2742
2549
1904
2549
2211
374
367
374
371
4072
2756
4072
2759
3502
916
3502
2901
1763
3811
117
210
2342
3095
3530
1678
3357
1680
1158
2414
1158
1153
269
217
269
294
269
116
3878
3544
3878
687
2071
3990
3713
1439
3713
2406
3713
2399
3713
3262
3713
2826
80
3537
421
3350
3467
3350
3176
3350
3174
2043
3821
79
1088
1089
3676
3686
4272
4191
4272
4252
4272
4252
34
60
61
999
1000
1724
2407
1330
2835
1330
4010
1330
882
3171
3179
3171
3027
2410
3902
3743
2382
3743
1702
3143
4051
3143
2591
3143
3355
3143
3555
3143
3028
1960
2013
1960
2014
113
112
3475
347
3475
1642
3475
2274
3475
2623
1034
824
1034
820
2034
560
3198
1694
960
961
2988
1862
4068
946
4036
3634
330
2250
3255
2953
2901
2606
2901
2902
2901
2904
3058
3406
1999
594
724
1584
724
4117
2610
2772
3183
3043
3183
3562
3183
681
58
2088
2159
1043
1032
1043
611
3134
1746
3522
1851
2922
676
1071
3904
3978
2524
3099
2841
2158
2163
763
3490
2716
3323
2716
2177
2716
2531
3291
2450
3291
2695
1374
850
1374
995
3600
2520
3600
1889
3600
4045
3600
1883
4089
2896
4089
1914
2453
2111
2296
29
3333
2568
3641
1335
3641
1335
3632
2390
1070
413
3485
3647
528
514
2793
409
2877
2758
2877
2601
2877
4036
3607
1762
3607
1775
2703
3497
2703
2496
2703
2712
3553
1335
3553
3008
3553
2884
3553
3641
3553
3442
3553
2992
2383
665
4059
3511
4151
4162
4266
4222
4266
4181
1648
634
1249
1179
1249
2398
2355
357
3862
1359
3862
2705
3862
2396
331
2251
2900
3432
2611
2250
3611
4088
3611
2199
3611
4080
828
557
2228
339
2228
394
2228
1938
2285
3051
2285
1935
2285
2640
2285
351
4138
1937
4138
3389
2629
4150
2577
2219
2577
1559
2493
4022
2493
1893
2493
2542
205
239
961
470
448
2406
448
1709
559
932
559
933
559
4050
559
4029
559
929
1471
1861
1471
2146
946
1918
946
3474
946
3473
2110
2711
1823
2836
517
809
517
1365
517
3409
4015
1527
4015
1527
7
1443
730
1443
1164
1564
3475
1564
1681
3388
3398
3562
3373
3562
396
3393
3394
3393
3838
3393
1839
643
2812
643
1493
643
2345
489
1339
489
1338
489
3402
489
1846
1326
1327
671
670
671
1485
1345
624
859
3840
859
3864
859
899
859
964
2259
347
1198
2966
1198
812
1198
2144
1198
2855
1198
3290
1198
1096
3010
3511
4045
2209
4045
3010
1599
2016
2658
579
2217
56
3785
3608
3785
1032
817
2847
817
2099
1523
760
1523
1509
434
816
434
3429
2937
3072
2937
3707
1864
3593
1864
1304
3853
549
3853
2659
2588
2603
2588
3423
2588
4086
1634
1506
1634
3926
1634
1168
1634
1341
1634
1373
1634
723
1634
1440
1634
1663
1634
1232
1634
1745
1634
1065
1634
418
1634
1410
1634
849
1634
747
1634
501
1634
667
1634
3392
1634
1289
1634
3782
1634
754
1634
1395
1634
1600
1634
3765
1634
1245
1634
1718
789
2053
789
3902
2189
2557
2367
1079
399
387
399
398
4028
2212
4028
2563
4028
3154
925
4096
1153
2818
1153
733
1153
1829
1204
2041
1204
1592
1204
1200
3930
1616
3930
4016
3029
2590
3412
1570
4134
4143
248
119
248
291
248
204
3219
2937
3902
3313
3902
3319
3902
3488
277
146
277
182
776
863
776
871
1768
1815
1768
2012
3822
3090
3822
1761
3822
2405
4185
4209
2048
2064
1083
1084
3937
606
3011
4096
3442
2205
3431
3504
3431
2589
2129
3142
241
28
670
634
3249
2022
4276
4254
352
4156
3148
3024
3148
3171
3148
3419
4182
4202
1892
3496
1470
1305
1470
340
2111
713
3667
1975
3667
1407
3667
558
3667
3909
1111
501
1111
754
470
469
470
1822
470
1310
470
1311
892
2539
3689
3796
3689
696
3689
3696
3689
1194
3689
787
3689
3841
3689
3800
3689
745
3689
627
3689
3739
3689
503
3689
1588
3689
486
3689
778
3689
782
3689
625
3689
1646
3689
1104
3689
1548
3689
3779
3689
1659
3689
3912
3689
1664
3689
1193
3689
1070
3689
1326
3689
1048
3689
783
3689
3799
3689
1514
2983
2145
1352
2663
1352
807
4275
4276
3660
1297
3660
3721
3660
1771
3660
3735
1670
2202
3053
4151
11
1129
1484
1129
668
1282
1590
1282
1511
2504
2718
3578
2567
3578
889
4132
708
4132
3382
4132
3377
3837
3906
3837
1581
1048
2376
2083
3117
1307
2268
2739
2581
3922
3570
3922
2112
3922
1751
768
415
1776
2402
3802
3241
3802
2338
165
238
4229
4179
2694
3572
3830
3855
3830
3888
2153
2169
2804
2654
1925
2257
1925
3652
187
319
187
129
2458
1855
1399
1068
1789
2412
634
3318
634
3404
634
1565
634
2473
634
2158
2314
2363
2314
2032
3953
2564
2264
45
864
1087
2388
2072
1434
3577
1434
502
523
3295
523
2141
523
794
523
2444
523
2100
523
757
3885
1344
1817
3299
599
585
2708
2862
2798
1754
1859
1758
1859
982
1859
1582
1859
3509
345
1940
345
797
4008
3142
1671
2204
3584
51
326
2236
4111
2622
1489
650
1643
3198
564
826
564
559
183
23
443
758
443
3552
2223
27
20
1517
1100
1517
1204
1110
2005
1110
2430
82
823
1727
471
954
471
1803
471
959
1946
11
2498
2716
1559
3184
1559
1645
1559
4109
1955
3863
2428
3610
4167
70
1811
2837
306
310
306
261
4250
4182
130
129
0
2848
3581
649
1746
649
2547
649
2475
483
480
483
1869
1300
2424
1300
1293
1449
3876
1449
1175
3279
2440
4237
4249
4237
4185
1885
1901
1885
3340
3472
3931
553
548
1829
3506
772
832
772
2107
772
952
1004
473
1004
1006
356
2089
393
4165
477
1866
477
3605
477
888
3587
2745
3587
1909
3587
3340
2974
2505
1511
1512
3505
1405
3505
668
3505
1368
3505
1752
3505
730
3505
2430
3505
1253
3505
2414
3505
1164
3505
2423
3505
3809
2548
1729
1896
2573
1896
1533
3769
2840
3769
2839
3769
2442
4188
4204
783
664
179
139
179
180
2183
2193
2183
2193
3580
1563
3580
948
3580
2598
853
1412
3899
1803
2253
369
2253
914
2253
3046
1677
795
1593
1594
1593
1595
1529
787
1529
1514
3664
2318
1322
3996
1089
3990
942
3025
2164
2728
124
123
1159
2381
1159
2414
3023
2764
4075
1669
1510
1511
1117
3860
1117
1002
3695
1698
3695
2352
2744
1711
3834
3891
3834
3890
3203
620
3064
3246
3064
789
224
97
1301
694
1301
1293
715
359
3965
919
3965
3987
3965
920
3965
930
3758
2977
3758
2843
3758
3895
1810
3312
2123
1714
2123
735
2123
2555
2123
1697
998
3917
998
728
998
727
1998
549
3059
373
2210
4053
1123
3609
1123
1652
810
2400
3865
3936
3865
1985
4173
66
1715
726
1715
1543
3017
3170
2930
844
2930
3809
3223
1268
3223
534
2989
2152
2989
2152
3934
1327
2360
3804
2117
2132
510
1513
510
3915
2159
863
2159
1073
2159
871
3098
2832
216
259
1164
3723
1942
37
3468
1922
3468
4144
3635
1542
322
1920
3482
3307
2089
685
2733
1316
2733
705
2733
3333
87
3436
3438
3436
2898
226
261
226
311
529
821
529
785
677
1489
677
3925
593
588
3525
3526
3525
3527
3525
1336
4206
4253
4206
4253
1853
1473
3799
712
3799
2367
3799
1789
3104
713
1286
1426
1286
1277
304
161
1783
456
896
1860
511
1094
511
1418
3548
3487
1393
3866
1393
1489
1356
1329
1356
3624
1477
4005
2004
1536
2004
3089
2004
2393
2229
3475
2229
1681
1772
1983
829
1927
829
2271
1553
3919
2361
3820
2628
362
885
3959
449
3435
449
1709
3252
2706
1483
2020
1483
977
2931
1416
2931
853
1649
1136
1649
1135
1649
1556
1295
3803
1295
1267
1248
2047
1248
746
4240
4197
4240
4186
2211
1904
2211
1904
3459
2875
3459
3467
3459
3460
3459
3176
3459
2586
3459
3174
811
3014
955
956
287
198
287
320
3518
3041
3518
3040
3518
1583
3773
3272
3773
3099
3773
2425
2843
3805
3445
876
3445
4104
488
3952
488
750
2871
2196
2871
2196
3818
1050
3818
3479
73
18
2423
454
4210
4228
4210
4195
558
3965
3604
1475
3604
1700
3604
1890
3604
1474
3604
4015
3646
2349
2346
618
3428
1808
3428
1196
3428
1195
1234
806
1234
3774
3415
3399
140
139
967
406
967
2014
2543
2881
2543
2207
2543
2739
2589
2608
2325
2826
2188
3012
2188
925
2188
3011
2464
1882
788
663
3988
1082
3988
3346
3988
4013
3988
3341
3988
3152
3988
2545
1914
908
1914
2234
398
2494
398
397
398
4034
398
3314
2571
2890
2571
2889
3848
2705
3905
2651
3905
401
3499
3500
2258
3386
2258
3563
2617
3652
2617
2279
2617
2911
1199
2509
858
1608
858
764
858
896
3825
2020
3825
3872
3993
3024
3993
4007
3993
1868
3993
722
3993
2576
3993
3171
1598
1634
2659
557
337
336
3263
3279
3616
1538
3616
1424
3616
1987
3616
1549
3616
1653
3616
837
3616
1724
4231
4194
3782
689
3782
1358
3782
697
684
2641
4031
4035
4031
4033
4031
2178
2049
3280
4042
1593
404
2181
404
2494
404
2490
404
2997
2907
1566
2907
1567
754
880
3028
2591
3028
2591
4130
3050
4130
2285
2570
2755
2570
3483
2570
3030
1604
1086
1769
3812
223
96
3149
4032
4012
2135
3296
1844
3296
1617
2952
2833
2870
3611
3565
3358
3565
3515
3565
3354
4176
20
1077
2485
993
1866
2128
4175
134
133
3709
2004
3709
3773
2882
4105
1128
1060
1128
1485
3354
3598
2775
2254
2077
3323
2077
1624
2077
1667
2077
1628
1993
570
4177
16
1270
771
1270
526
4083
886
4083
886
2292
4160
3534
4018
3729
3766
3729
3070
182
171
182
184
4233
4262
769
2556
604
2012
604
2010
43
91
3177
887
3177
886
3177
4083
3093
3903
1754
3935
291
169
4086
4093
154
180
154
140
3671
3636
3671
1630
3671
3692
1404
3719
1049
2038
1049
2369
3882
2965
3882
2842
3882
2496
1684
1685
1684
3686
2738
2883
2389
3393
2945
2672
2664
2831
1337
1605
598
4067
598
3967
598
974
1858
3416
1858
2537
3925
1552
2799
2817
2799
789
2709
3318
2709
1565
2709
2158
3805
1072
3805
1071
3805
3948
2417
3111
3948
1875
1398
3767
1398
1649
2459
3144
914
368
1788
1479
2834
2117
1967
1532
1967
1551
1967
1780
1967
390
1967
550
1967
3738
1967
872
1967
3844
1967
3891
1967
1557
1967
1321
1967
1734
1967
365
1967
3890
1967
3767
1967
1657
1967
402
1967
1535
1967
3609
1967
1547
1967
372
1967
380
1967
3908
1967
1531
1967
1046
1967
3531
1967
1652
1967
407
1967
3843
1967
2355
1967
599
1967
553
1967
1649
1967
2346
1967
2945
303
193
2623
2782
160
254
160
233
160
124
2712
3507
2712
2197
2712
2993
1558
3516
1558
3354
2499
3138
1271
1411
1271
1461
3624
2070
3918
3417
3408
2554
3408
3161
3408
3534
2926
569
2926
2935
2926
409
2926
373
2926
3810
2926
366
2926
2803
2926
678
2926
676
2926
3811
2926
365
2926
620
2926
657
2926
578
2926
3238
2926
1535
2926
632
2926
3798
2926
614
2926
3863
2926
392
2926
3812
2926
3778
2926
3792
2926
1031
2926
3620
2926
2355
2926
643
2926
3853
2926
3865
2926
593
2926
3905
2926
555
2926
3929
2926
656
1488
1038
1488
1651
1243
3487
64
2534
2190
1727
3954
1727
2502
1727
3307
1727
2504
3188
2773
3025
2591
3025
3355
3025
3028
1401
3427
1401
2994
252
217
252
117
252
113
1681
2274
1681
1643
1681
2782
2660
2427
1037
608
1542
726
1542
1543
4063
761
4063
3590
2830
3294
3569
2008
3569
3750
3569
760
3569
1509
3569
1179
3569
2006
3569
1032
3569
3887
3569
1228
3569
3815
3569
691
3569
630
3569
1407
3569
558
3569
3909
2146
2171
601
804
601
600
3705
2952
1751
3134
3193
3200
3193
3375
3193
3383
910
462
910
2005
910
1405
910
1266
910
1484
910
2350
910
802
910
857
910
2432
910
1787
910
2381
910
668
910
2379
910
844
910
1368
910
1752
910
730
910
651
910
3764
910
1134
910
2430
910
2371
910
831
910
1095
910
1417
910
2414
910
2429
910
817
910
1153
910
2423
910
1754
910
3809
910
1252
910
1000
713
1878
713
3536
713
3320
713
3923
713
2510
713
2149
622
1029
622
1996
2125
3622
2766
3643
2766
2247
4217
4208
1842
2127
3973
1882
2530
1886
3281
2102
3281
3121
3046
3384
3046
4139
1422
1423
3558
1580
555
549
3419
2576
1274
1193
1274
2389
386
376
386
2714
2196
1902
2196
1334
2196
4068
706
2698
706
3913
796
3002
796
799
796
2167
3909
557
3212
1506
3212
1410
3366
3562
2531
3328
1883
324
1883
323
1883
4059
1656
3936
456
827
456
509
456
1091
456
1816
456
1842
456
1092
377
376
377
370
377
2983
3338
1910
3495
2454
485
1879
485
1708
485
2514
485
3575
3829
835
3829
3885
4205
4252
1953
3857
1953
1541
1953
2034
1586
1576
307
310
307
311
1349
976
1349
1656
600
596
855
2728
1092
3129
2255
2274
4150
3584
1595
3167
1595
329
1595
322
1750
777
911
53
3449
1029
3449
2348
3449
1174
3449
1537
3449
1992
496
2005
496
831
4243
4246
284
217
284
115
2831
978
3242
1414
3231
678
1680
4119
2661
2061
4251
4253
45
89
785
514
2328
1101
77
19
2185
3330
2185
2563
2185
3154
395
1946
4202
4274
1400
1401
929
919
929
920
929
930
1929
2278
121
207
400
391
400
399
1395
3921
1395
2137
1785
1797
4241
4275
4241
4224
680
1946
3682
2322
1231
1403
1231
1175
2948
2050
2948
3803
2461
2986
4253
4202
1496
2401
1911
1913
1911
3180
1911
4109
4166
15
750
3604
595
3334
595
935
595
934
595
2874
2574
3353
2574
3025
4140
344
4140
342
4140
4154
4140
343
2092
3913
1855
1361
295
306
295
226
349
4151
1600
2016
586
2208
586
4030
586
934
586
1871
586
2155
953
1309
953
1864
204
234
286
202
286
220
286
164
3929
2657
3929
382
1485
1486
1377
2403
1377
2019
1293
1592
1293
1200
1456
2418
656
1786
883
4172
3809
517
1796
2990
1796
429
1796
2452
1796
1530
1796
1858
1706
700
1706
2382
1386
3864
1386
2356
4175
61
2874
4090
2874
1620
2874
938
2874
937
2874
3502
2992
2527
4163
49
1555
1136
1555
1135
1555
1556
422
1078
422
2105
422
3993
422
1077
3718
1490
3718
2377
3718
492
3718
785
3137
3325
3873
800
3873
2337
2242
24
842
489
255
305
255
308
2778
1636
2778
3381
1125
3637
1125
1346
1622
2054
1713
4023
1713
4023
1910
2296
3748
3796
3748
1070
227
100
751
3117
751
3931
1146
3094
1146
1140
1601
836
1601
3869
1230
1176
1230
1537
2735
3165
2735
3341
2735
3344
542
532
542
1187
2037
2966
2037
812
2037
461
2037
2855
2460
2495
2460
2495
681
1948
3725
3807
3725
2673
3725
2671
3725
3775
3725
2664
3725
3624
210
114
401
391
401
399
727
1818
4268
4216
4268
4215
4268
4271
1056
691
1056
3403
1252
1254
191
200
191
140
2592
3465
2592
795
3699
3801
3699
3722
3100
3105
986
4040
311
176
3344
3345
1161
3758
3306
1850
3969
3140
3969
3498
1182
2846
4257
4207
4257
4241
718
565
2000
936
2000
581
2000
2098
995
3451
1207
1203
1207
487
4087
2227
4230
4191
4230
4223
3314
2752
3314
683
4079
3361
3573
913
3573
3574
1867
4061
2934
1188
283
292
283
108
3509
3510
1888
2194
437
2136
437
1080
437
2700
437
3324
437
1834
437
2870
4003
3600
2526
2215
2214
3512
3958
711
3958
2175
3958
2724
3958
1545
3958
2483
3958
974
814
1079
814
2412
3122
2715
3765
524
1958
390
1958
380
2899
2610
2899
2773
2001
2403
2001
3897
2001
2411
2364
957
2364
840
2364
962
2425
2136
2425
2700
2425
1834
2845
767
1637
1720
3895
2994
3895
2861
3895
2156
1160
414
1160
2325
1567
4122
1567
917
2826
2971
3594
932
3594
933
3594
4050
3594
2195
3594
2183
514
2981
514
3951
514
2716
2446
1863
2022
3132
2022
2860
4110
3371
3275
3109
3275
3302
3101
4027
2545
801
732
1678
2323
2368
2323
1039
2323
759
2323
3861
2323
746
2323
3747
2323
3637
2323
835
2323
1140
2323
1427
2323
803
2323
1411
2323
3808
2323
2352
2323
1507
2323
3888
2323
1346
2323
582
2323
3885
2323
3773
2323
2359
4211
4190
4211
4250
1732
1554
3656
2319
2646
2803
3398
4174
2971
3642
2971
2977
2971
2843
1022
2384
1022
1785
3383
4148
3383
2292
1514
509
1514
1421
1514
1816
1226
1801
1226
3862
567
561
567
3594
2943
866
2160
1891
3455
1473
4213
4260
4213
4183
3734
1549
3734
1653
2740
2580
2740
2751
3529
3478
3529
3489
3529
3499
2317
3256
3795
3551
3795
3859
1245
1408
1245
1826
1245
2092
4023
3021
4023
3175
4023
4037
2359
3084
637
2676
637
3867
1298
1462
1001
4000
1001
3309
1001
997
1001
1838
1001
765
1001
888
231
0
958
959
3377
2636
3377
4138
2289
39
1814
1098
2625
1931
170
161
3858
1358
1437
495
1437
800
3060
2949
3370
2774
3370
1929
888
3977
2267
3378
867
2683
2482
3456
3061
2418
4109
2766
1304
912
3639
924
3639
3349
3639
923
3086
3271
3086
2031
2773
2619
2773
2256
2697
5
2807
1781
2807
1702
1995
634
2552
1315
2552
2583
1000
1001
1718
3963
1718
741
2741
3173
4052
2891
4052
4069
4052
4069
3156
1943
4247
4184
3869
3266
3869
2821
3869
2028
2782
1942
2161
3533
164
308
2970
2845
1986
866
2392
2704
2392
2495
2392
2460
2507
3614
3095
3292
3095
3532
4224
4207
2852
2480
3326
2727
2056
2447
