4215
754
3517
4114
3645
1604
2657
4682
4106
419
175
2625
3690
718
1858
1548
142
3844
4768
2758
3056
736
798
2622
4495
1397
2371
2009
3381
3107
1201
1143
3569
2706
2828
2579
3642
1928
2826
3286
2276
1926
4478
252
312
1997
3981
315
1409
313
2971
3058
2756
2913
1835
1044
2935
1813
1856
1566
940
493
547
902
2862
2552
837
503
1762
2734
995
3547
905
1636
4148
2865
2555
1765
3489
450
3128
992
1618
3126
824
4343
2727
4352
1907
4099
608
2664
1832
2807
4828
767
2932
598
1302
2337
4528
1672
1497
240
1539
3481
2471
2093
195
1021
2183
3173
3899
1710
3160
1874
4672
2774
3784
2324
496
2267
3417
4854
4246
4425
506
3989
137
1305
4778
3230
1675
4732
445
3678
2668
1099
3793
2298
4017
3389
150
2254
129
4060
4795
2591
1577
4239
951
23
4468
776
247
1509
2194
2084
3074
4262
339
4067
542
3291
3927
1287
4376
1838
3732
3864
3554
2738
4770
4865
4574
609
3598
1233
1106
4429
3665
1215
681
3396
131
4777
4291
3934
1057
3151
3662
1212
1170
3735
2453
551
3713
2400
1516
1163
769
4963
4837
2842
3906
1742
2523
34
76
4480
1127
4623
973
3221
3038
504
911
494
3637
3000
1064
4157
1546
960
1790
2890
4436
2644
4830
2208
4634
747
3567
3857
677
1030
1134
4150
2845
620
4369
678
4283
1745
3996
4487
3624
3023
4324
679
4663
4787
1311
3140
3252
611
4545
2353
1416
2500
2749
4530
2075
635
1849
3085
1559
3195
66
325
4649
4780
4584
56
3082
2072
3192
4386
1629
1778
2878
1693
4537
3496
3868
2247
3255
3119
2110
4333
4058
3325
644
2785
3775
96
729
3049
1885
4656
4477
1684
887
128
4379
4273
2699
3576
2423
2586
1068
3279
2269
2819
3810
358
1919
2953
2016
233
3322
4203
4470
3772
2782
1882
982
3226
753
916
4138
2469
1603
3479
1541
3228
1019
3843
3901
4499
689
4353
3522
4342
1708
4935
3158
4078
1144
1987
5003
3991
3525
985
4691
4359
2617
4194
4095
4760
2914
4875
3207
4564
228
1101
1043
1814
4601
4411
1387
4366
3391
297
3296
196
4975
4994
2589
2715
2447
19
636
2733
3455
4514
4683
949
4506
2712
133
4767
1511
3452
2300
348
2663
3156
823
3680
2670
3425
691
2830
4888
4068
1930
44
4724
4263
4814
2947
4610
4400
3955
2094
4467
2184
3174
4806
1550
1860
2011
3379
2369
2760
451
3952
800
3688
1873
4733
2773
3783
2323
1199
720
2581
3571
3422
4460
4249
4617
4407
231
594
4844
2969
3979
4256
1411
3352
604
4673
176
702
3794
1620
4022
1316
2253
3130
1487
3491
4221
4025
278
4885
4128
4799
3060
2347
3355
938
2193
2083
4956
3073
3863
3553
2108
1780
1309
95
2880
3870
140
2976
3986
4140
2751
1234
4282
3912
4087
1851
1561
3933
2498
3915
237
2454
3138
606
4080
1631
3714
596
1164
4147
1227
3121
4622
2524
229
1157
3051
2467
250
1112
731
18
4758
3808
1505
1063
545
974
1070
2701
65
2537
442
2643
55
1502
2821
2271
3281
1921
1297
147
3386
2376
3623
1133
1206
1115
242
3289
2398
2967
4608
1007
4398
2596
3024
1168
2792
75
4202
1892
519
4890
4919
2354
4070
2005
2795
4458
1895
3149
21
3600
3037
2002
1840
956
4272
4897
2740
4077
4646
1694
771
897
1026
3182
2172
3092
2437
1028
4639
603
593
447
1402
3219
4332
2210
4137
909
1788
152
2888
2476
1683
3486
3040
498
508
2367
2998
4555
3317
958
2424
4926
4662
2175
3185
3095
2954
550
4130
1405
370
3222
4383
4269
371
986
291
912
4336
1741
3179
2169
3089
3528
1803
863
2841
2903
622
1399
1723
3526
398
870
408
2817
714
4199
52
1917
4666
4711
2993
2384
4821
3374
4922
5016
3225
4438
5005
933
1444
516
915
4048
3458
1889
2147
3155
808
2789
4973
561
2393
3974
2984
121
4391
3292
4206
1614
4659
3731
4214
3507
533
4115
4329
3295
3456
1653
2716
438
1211
4276
3240
3152
3661
3117
1999
4642
4494
4653
223
3474
2484
4590
4619
4794
4160
47
364
1344
2308
4908
4007
3358
2630
165
1109
359
155
3956
4597
536
4167
4373
1881
118
4279
2781
3771
3897
3321
3426
2573
1499
3583
643
2560
3428
2850
1750
3356
4738
513
4986
1700
1263
2920
3909
4433
1820
327
1270
3594
4026
4286
4707
4521
4028
3251
666
1312
2493
40
1333
418
1315
4424
1944
4700
4855
3958
3407
3191
2071
3081
4626
1187
1097
1761
4252
4019
3010
4243
4057
843
2551
2861
1534
901
4447
2294
2972
3982
698
3349
697
1580
460
3916
3753
3985
2975
1527
4440
2931
234
317
1464
1831
2154
4050
3438
2198
4635
656
1368
991
527
2123
2375
3385
5024
1116
1205
2053
3608
3330
2167
534
4864
4575
1457
4901
4802
1968
2224
3419
3703
2410
1506
3260
3641
439
3823
2283
3273
3382
2372
3949
2621
144
1202
2237
1364
4910
3338
955
338
1427
4362
2592
1468
1896
33
522
2796
4588
4158
1957
4103
119
2006
4339
4917
2540
425
4502
1434
952
3800
3449
783
2709
3720
2595
3096
3186
256
2176
266
1588
1022
1406
3519
2510
3650
2034
514
4740
4544
979
1301
1243
2472
4325
3482
4346
2697
1671
794
2100
1964
4698
3938
3485
2475
2027
1025
4585
4747
1357
2848
3430
2558
1748
2705
1925
2275
3285
422
2825
1724
927
4652
4643
618
732
1111
1804
3052
4195
864
1667
4094
2904
617
4565
4874
3217
28
2994
2383
2626
3373
735
2047
1879
3055
2310
3319
713
2628
3769
3360
2779
1501
1737
934
525
3646
1443
2702
219
1922
3282
4515
2272
2822
2394
4923
3973
2983
1852
1562
3911
2752
3960
1613
1766
414
2556
2866
1635
4038
906
3125
166
4448
156
3249
857
1654
2607
4030
1632
3122
4382
996
2918
1818
1268
3079
1565
1855
2069
2936
3189
1836
1698
2755
4934
3747
4178
669
1306
3460
687
560
3473
2483
1676
688
3091
2171
1739
3181
1087
2839
1197
1401
1343
4845
427
404
4432
868
394
4946
4748
3530
1257
4228
4884
134
4121
2574
3584
1327
4372
1891
1777
2877
2791
3887
4815
3238
4725
434
1264
4168
3593
31
775
3729
671
1334
772
244
2494
3659
4298
1209
2001
1943
810
539
655
349
2293
255
4736
265
3718
1515
844
1647
1533
3798
3736
1102
3754
2538
2137
4669
3392
123
665
1216
295
4965
3666
1463
1105
2153
50
1470
3395
29
4803
218
2124
3451
2067
436
1512
2711
4266
3340
4311
3902
1746
4187
3837
2846
2054
4040
37
3995
3521
4450
4259
304
396
2223
406
1299
981
2098
1542
1669
3940
413
4457
3824
2284
3274
4676
3704
1545
4242
4253
4047
4180
3767
518
2508
3905
3648
4729
3992
1590
3495
4021
1759
1370
899
2549
2859
2200
1363
4237
3256
3351
1412
4757
3440
279
372
1415
4230
416
1433
3196
393
3086
2929
2076
1829
1578
403
3677
2687
4356
3492
784
4750
3008
3307
4554
4679
989
4349
433
2015
2033
4170
4503
290
4307
4686
221
4102
306
2585
3575
461
793
2408
1017
3258
1244
3639
4300
1970
3421
3572
4363
42
2582
4177
1963
538
3951
2012
2619
3610
3328
1886
3776
2786
3326
2700
3413
2263
3435
4985
4638
3809
2820
3280
2270
458
330
1920
684
590
600
3362
4466
2312
4511
4807
3696
1493
553
4953
4990
10
3365
2315
101
3050
2333
730
4800
630
4604
4414
3432
2944
3177
4561
385
2187
4406
4616
4191
2097
1071
61
1484
4043
4257
71
4052
3965
4609
4399
4442
4694
78
4453
1308
1630
4032
2344
4918
2109
3120
639
183
4013
4035
3139
1781
4250
4459
4183
3797
3871
2881
1573
2499
3962
2750
1560
1850
946
3103
3465
1789
908
3041
2889
1147
3236
614
1393
707
1984
15
3218
1029
3532
2614
4759
4125
4224
4233
5018
1716
3513
3166
2653
3535
3462
2211
81
4841
58
4742
4753
959
2999
68
641
4173
4500
126
3601
4367
3543
812
1841
1903
98
2741
763
1169
2803
3288
625
770
556
2723
2399
3204
2917
4303
1817
4360
4507
1993
1384
4721
4766
4912
4811
5015
5006
377
833
815
3148
203
2444
2588
1176
283
3342
3034
2406
1510
282
2301
2243
4640
4315
2671
3681
1472
87
894
1697
190
4798
2
4129
1100
1004
2964
554
3027
3390
1475
4896
4076
4647
948
3345
2357
1036
79
3314
4069
2364
4889
4920
2427
501
1018
1592
3990
491
1796
3229
2896
2468
3478
4136
3945
2957
3942
4927
2434
3006
334
1540
966
3900
3159
4248
1709
1595
883
1375
3490
1053
2116
2205
3445
2457
3061
1167
3717
352
1224
225
4702
2968
4086
353
3978
3442
1410
2506
469
3923
939
1283
92
1621
69
59
1372
4146
1237
3146
3131
2202
1551
1861
2534
3612
2761
4139
743
2010
801
1294
721
3570
2580
1972
4498
3563
3853
3816
99
4592
2527
4162
1975
1154
2831
320
204
4079
1931
2464
3689
336
3615
1198
3633
4358
1123
579
977
3378
2368
3039
4240
1877
363
1791
362
2327
3787
4182
2891
125
2777
3414
4825
4059
2264
4715
1031
4378
875
4452
4443
2334
1494
321
872
4247
4053
192
4042
2209
3220
910
652
569
3001
961
2943
2306
199
3242
3150
3686
3599
2676
1483
16
5036
3077
2087
1839
2197
1171
2739
2401
2343
3290
768
479
4945
4014
4648
4395
3245
104
2257
4111
4066
1574
1394
187
1983
4913
1752
3104
4302
3811
4107
2852
2562
1866
1556
2635
2766
3048
2613
806
728
673
726
2632
757
3514
2654
4100
1607
0
4172
2818
3278
2268
1918
454
2836
2698
1755
4368
2855
90
2565
1936
1069
3847
3066
2748
1705
3544
1558
1848
1275
1825
4232
5019
2925
4851
4752
827
591
4743
601
2724
2667
1904
4428
764
2111
179
2804
1994
1383
1626
3118
1310
3203
1628
1779
3141
1047
2879
3869
3136
834
1702
2501
2737
2443
1272
1822
4525
2922
3033
4380
3015
4786
287
4997
63
73
3059
1585
4238
4631
893
706
626
2244
1408
1582
12
2970
4469
3980
181
1003
941
4387
2963
1619
4536
387
3012
1786
2886
3876
3129
3488
456
1859
1549
799
3380
4529
2370
2759
3335
3313
719
1200
2363
198
4657
3262
4476
2412
4294
226
103
2433
3265
2415
4991
2829
3568
2578
1076
1929
3691
884
4571
1687
3332
4779
2008
4650
4905
950
1846
699
3802
1054
3937
2746
4377
500
3722
4163
4593
7
694
490
4479
2299
1223
3388
558
3679
2669
3606
382
1098
2542
3924
4776
1284
308
4370
4149
2545
3867
3557
3805
4829
1508
4098
201
2590
3725
453
4836
4992
1293
2647
2533
3655
4430
331
744
2515
3898
1137
178
4769
3046
3854
3564
3231
2102
1538
3627
662
4581
4156
4966
1153
2216
4437
2105
2463
2470
3480
1124
1020
3988
4703
375
1711
3161
3652
4486
1067
83
4321
3634
2512
475
2099
4832
4931
3893
1668
1298
4348
1254
4695
3587
2577
4143
5027
4152
430
1591
271
261
3520
2509
876
3649
4083
1194
1084
980
4482
4003
3941
572
1337
3246
2302
2539
1471
3682
210
2672
2497
1093
3799
1183
564
3450
2710
3719
3403
585
3341
1774
1324
482
3884
4871
4772
2874
4091
1267
4605
4415
4678
400
107
2305
390
4943
5021
2675
3685
3259
4258
410
3420
2409
1971
2997
184
1935
2044
2856
2813
2566
1756
1913
2835
3950
4472
802
577
937
2762
1734
3611
1862
1552
4073
722
4893
805
2765
2636
1865
1555
725
3329
2618
924
1727
4728
1807
3638
1932
3214
2907
1664
2832
867
2604
4124
1657
4225
854
3062
4782
487
4881
5022
1625
3135
1758
4668
268
3113
2858
2548
258
3744
112
898
1371
3009
4020
988
1622
2397
2201
3132
215
2143
705
4532
2928
3350
163
1828
173
1706
1579
3503
3065
3441
2926
4133
1826
1276
4031
3248
3875
4236
2885
354
1785
2684
3674
4756
787
4169
3304
4350
3188
3078
2068
1699
1423
1586
2919
3910
1269
3961
1819
3016
4357
1953
2882
3872
4299
1782
531
5033
4763
4314
2023
4306
4687
301
2311
3361
2416
1500
3266
563
1353
1075
2849
2559
1749
632
4680
683
3431
4749
1072
4176
2693
1878
3768
2629
2778
3318
1110
4229
1014
468
1247
3336
2742
4737
1842
3806
3728
3726
1523
4
3239
4260
4449
4403
4613
2127
356
2000
4039
811
2064
2546
3602
379
1890
2790
4730
1208
3658
566
1644
3605
847
3757
4179
2745
116
4463
1845
2134
4267
4062
3277
4551
2287
4186
3827
4670
1738
3707
3531
2838
3764
2106
259
2215
3042
2233
269
511
4989
367
3834
4456
2212
4677
3045
3461
2057
4046
3090
3180
2170
613
1400
2516
2163
1453
3656
25
869
1969
274
2411
3640
3261
4491
346
3894
4773
3695
2620
3609
1253
4983
2316
3366
3
2487
4596
4211
3477
3692
4166
3948
4699
216
4394
3331
466
1347
3436
4004
3418
4955
1193
1083
411
945
2930
3348
169
1830
159
4714
1947
4483
4036
3404
4159
4824
4589
4620
4706
4287
4082
4018
1094
990
1184
342
3011
1760
1369
285
2860
2550
4338
900
343
1773
1323
2199
3883
2873
4833
4153
3597
4142
4280
3439
1581
942
4627
3966
2101
3232
2043
2814
4660
1914
717
4421
300
3377
2387
978
4337
4132
3518
344
4976
1447
3536
4533
1733
276
3165
1715
1589
4524
4783
4667
2511
3651
3162
1712
401
3235
660
3213
1300
1663
391
3466
923
4330
3939
1670
1469
2603
463
2541
853
816
3114
3743
4207
3801
309
3339
431
4270
3721
3448
2144
2708
568
2987
3977
5013
4892
4277
4791
4072
1617
4200
4473
693
3504
1172
4295
2402
477
1437
3346
4739
3303
1210
3660
3241
809
2683
84
1888
1476
3673
510
2788
1367
1998
4904
4861
4762
4916
1424
1175
5020
2405
1954
3730
26
1398
1967
212
158
1032
168
4618
3529
3088
3178
2168
1596
2024
2892
647
587
1792
650
648
965
4909
3005
4347
1354
2895
4278
1795
3459
962
273
3002
2037
3946
263
1740
1013
2840
1035
4340
115
2694
871
797
4746
4029
530
4056
1524
1467
4446
2112
3145
2157
2505
3908
2063
4658
3190
3080
2070
575
2502
472
1537
1701
1643
3446
4541
2921
2297
1821
4328
3959
1271
1376
4988
2206
161
2115
3142
3250
171
2133
1108
485
3763
3616
464
1880
3359
3770
2780
4268
2309
3320
110
1976
4063
2561
2851
3812
4462
2234
1751
3429
3833
1498
674
4198
3815
207
4049
2164
1454
2631
4439
2227
4402
4612
582
2677
3687
2492
774
1691
4008
4850
2307
4705
1332
1265
326
595
4578
605
2196
2086
3076
3929
1568
2351
1262
4857
2440
5
502
492
3021
1380
2495
141
3859
3549
4318
1313
3200
380
610
1335
2256
2951
3619
2610
2328
1488
1876
1129
2776
3786
2326
2639
2421
1980
2572
3582
24
619
4944
3585
1059
2575
3408
2258
251
4064
4165
4595
546
86
4101
1988
4903
497
543
507
3124
3067
2451
1634
634
4117
324
3711
20
4312
2340
1161
1652
828
2666
248
3153
826
2395
1480
4110
1231
2754
3538
3137
1046
1564
1854
1627
2392
680
448
3293
2718
1898
153
4568
758
1655
2736
2798
2905
3508
865
621
1805
2648
4958
2992
1725
138
2824
3284
2274
1924
727
2704
4241
1867
1557
807
4628
2767
932
645
243
1388
3223
971
3098
913
756
1679
1606
935
2940
2902
862
2837
3846
1802
3054
1937
734
2521
2995
1722
4523
1245
302
4580
303
4784
4122
132
4327
3574
2584
4977
4431
878
1290
4848
2530
2014
185
2091
3171
2181
1023
5034
1077
3839
4320
4289
409
4587
4745
1242
1150
2460
749
4534
1686
2473
1599
3483
2659
1220
819
214
953
4296
4474
782
3494
2593
785
314
4971
2729
1787
4371
1039
3877
3791
2887
4915
2238
1414
4577
2646
3702
2282
3272
4393
3822
544
1118
3994
3383
3626
2373
3047
230
2055
1869
1136
3310
1203
2319
2360
3628
2769
3779
1141
249
4651
127
2052
4570
738
3904
4774
2217
4108
3558
3848
2430
1066
1544
3705
429
4999
3275
2285
3825
3918
139
4972
890
1278
2079
3069
3936
2189
1847
4630
3755
2747
4834
4055
389
4154
3607
3030
845
1514
399
2122
4381
4445
4637
1048
842
3866
3556
2125
2249
340
4713
4484
3394
4823
2973
316
3983
2911
1104
3752
1000
1811
2960
4984
149
1900
760
2800
130
2449
1159
773
3709
2720
3595
444
4464
4817
3540
4501
1942
4727
1229
4970
1478
529
3796
830
1945
341
1314
5030
4689
4720
4404
4614
947
2338
4810
227
1990
4606
4416
672
3592
4361
4696
4847
1345
4409
4599
3100
2938
1390
2485
3475
239
4840
969
3472
2482
3697
1681
2096
2186
3176
3510
2519
1342
2650
3198
1633
1615
1689
1378
3123
2985
3975
4226
232
3931
653
3154
2438
3972
2982
2349
1570
2916
2753
4959
1563
1816
1853
4251
4010
3019
3861
3551
1612
3294
509
85
2382
3372
2949
4510
3621
1131
712
3237
4567
1146
4197
2703
3410
2419
114
2260
2641
1442
2823
3283
2273
1923
4560
3167
4219
4190
914
4764
1717
4313
1445
1061
6
4801
4902
1978
3224
4517
3375
1490
2385
5014
381
715
2608
3053
2330
733
795
3573
2426
2583
1037
3850
3560
2428
1962
148
307
2956
2035
740
2013
1797
1871
607
3781
1139
2897
2771
597
443
646
2321
4305
2032
253
4718
967
3308
4808
3007
3630
2358
1120
1024
17
548
792
690
2474
3484
4074
4175
4894
1965
1432
998
4755
2407
2958
2191
3071
2081
1177
238
1696
3493
4235
954
4134
1050
1365
2594
4123
3026
3028
4522
1362
2251
1435
4838
2356
1413
3920
2909
663
1809
143
1280
888
5026
2225
22
505
1148
701
495
2458
3817
4185
4084
1204
4712
3993
4921
3384
4822
2374
2179
3169
2528
2089
3841
3903
241
2526
880
1288
288
2222
592
4455
976
602
4045
4144
751
1601
1543
2240
2661
2152
1462
2117
821
4641
4508
4998
2295
2456
1535
3716
1513
1166
186
2292
446
4392
1532
2507
2731
4558
3147
4188
2155
1236
1465
1103
3789
151
1041
1218
3393
2974
3984
470
4271
4797
3740
781
51
3795
1459
517
2149
4037
2600
4961
850
1946
435
3792
4201
532
4396
4065
4819
4790
3354
4164
4594
4709
2289
3967
3398
3596
4024
224
4954
1088
1529
1178
5000
3175
2185
2095
3954
1730
205
4389
4420
2040
3367
3998
4704
2317
3424
4826
4661
580
4716
4538
2219
3210
1303
4331
1660
1241
920
3888
3476
2486
1673
405
2182
3172
2092
395
3437
122
1346
4967
4427
817
3454
415
2138
2714
43
537
993
4621
2121
4996
1429
1815
2933
1833
3498
2915
1
3976
2986
1812
3751
2912
4281
4526
1616
1763
4962
2863
3108
2553
841
903
1770
1359
1320
3880
2870
512
2386
2623
3376
1142
1250
716
3537
4217
3701
3643
1446
117
3821
1959
3271
2281
4519
4490
4858
2808
524
789
1908
220
703
1190
1080
984
4497
3524
2029
48
1145
4293
2051
4210
3467
1439
481
3581
2571
2422
1597
4475
1966
704
106
2379
3760
3369
2952
526
2688
1883
3773
2783
709
3323
1404
3947
4914
2036
2955
14
3094
3184
2174
4906
2018
2425
796
4788
3830
1348
4418
281
2004
2060
3347
2355
1436
3193
3083
2073
1418
612
1477
1692
2491
3025
4222
1331
4785
1948
4547
571
4899
1695
1609
3022
4535
1366
3253
2130
4540
4744
3969
2979
1640
2352
1261
1894
2794
975
4692
4444
931
1504
360
4054
4155
3617
4835
2158
1448
1977
2991
2525
1114
1743
1010
1801
2843
861
2901
1339
1721
2522
4485
4341
972
4968
599
589
2226
3469
2479
2228
3300
428
1213
3663
1466
1235
2156
682
1939
2680
3670
4488
351
1651
1162
365
3712
4867
2452
2296
1518
1165
3589
3715
4208
3447
1536
2455
3733
523
4860
3914
2207
4775
1232
1377
4412
4602
633
49
2391
30
1768
1318
3878
2496
2868
3247
4548
664
2255
1336
3110
2119
294
4880
1431
350
2082
3072
2192
3353
3500
1266
489
3749
3075
2085
499
2195
4023
839
4887
2140
39
2252
1361
3953
2322
2772
361
4465
3782
1872
3699
2576
3423
3586
1188
1078
2279
3269
692
1961
3819
2810
27
528
1910
305
323
322
877
791
1674
4405
4615
1304
1248
423
2031
2325
3785
2775
1875
2049
280
1090
994
1180
2735
3453
1656
426
2713
3400
206
779
4292
4877
2934
296
1045
4097
1461
2662
2151
1834
581
822
1042
2598
848
2665
2396
825
2291
2927
1277
1827
1764
2732
2864
2554
3738
4870
904
4765
4090
4119
1707
1531
2857
2567
471
3845
1757
4126
2996
2624
918
3890
936
1605
3644
3208
4930
755
1658
289
1239
2221
983
2038
1602
752
4000
2637
4937
3842
1728
32
1806
866
2906
1726
3523
4878
4234
4135
2230
1685
929
5001
4671
1884
437
3774
2784
3324
4550
3267
1008
2417
4754
515
2989
3093
1799
3183
412
2173
2899
859
1403
1719
2160
1341
1450
4557
3337
1246
38
1682
4309
2481
3471
4223
3194
3084
2074
4304
53
5031
4261
217
2003
4316
1941
628
670
627
4960
1649
786
1520
4075
4174
3254
4895
3591
1587
5007
4731
1893
2678
3668
120
2793
3298
3017
397
407
2389
424
3828
3706
2569
3579
1503
1065
535
1441
332
2642
333
1350
3826
2286
3276
417
3622
4603
4413
3371
2381
2020
2107
570
711
1132
3625
2690
124
5002
1113
1744
1135
2844
4868
2056
3758
4088
1062
2517
2645
3657
4681
432
480
3727
4351
1214
3664
4928
3807
4184
4085
1638
3932
41
2547
105
3555
3865
402
392
2128
2489
4969
1329
2126
1611
3862
3552
4044
846
1950
4145
222
3734
654
4693
4454
1259
1420
2981
3971
3913
2058
3756
3935
102
1386
1623
3206
3115
180
2142
2250
3133
4227
3502
2446
4542
3921
4553
3297
4509
2959
999
1281
3505
2908
3063
889
373
1808
2190
2080
3070
3029
77
1051
3112
2145
4220
4189
4559
3157
293
1714
917
335
3164
4364
13
1138
292
3631
1121
3227
4566
4196
4401
4611
4995
4974
2429
388
2833
552
1915
2815
1933
1986
455
4504
1912
3851
3561
62
4461
72
2812
4516
89
3234
1863
1553
4980
741
2763
2616
803
1870
2770
2359
3780
3309
2320
723
1185
1095
5010
3405
235
2730
4600
4410
200
4804
667
1317
668
1040
944
4761
4862
4816
82
4726
2303
1219
2660
2241
820
3683
1486
2673
97
3788
1182
459
1092
3402
4417
4607
2346
4839
440
4697
67
3840
57
3694
4254
4846
881
145
3895
1149
2459
750
4002
1600
376
2946
3892
4809
4005
4719
4690
1289
557
2088
2529
2178
3168
319
2235
1156
2213
685
2466
2939
1680
4883
3511
1452
329
2162
629
2651
4131
2518
1296
374
2536
1455
4218
2165
3101
2232
3043
3814
4675
1207
154
4422
1391
2377
4947
3387
968
164
4792
4891
4071
831
357
193
2504
2448
3144
3708
1158
4735
1525
1991
696
3987
4941
2977
5023
1843
88
1901
2114
761
2743
2801
1522
2339
4265
2721
658
1226
640
657
3603
1479
3541
1228
4598
631
4408
1355
2436
3004
1060
964
1027
2418
246
1073
2025
1491
615
4212
3487
2477
2692
2948
91
541
2331
4685
2022
2609
3620
2695
1034
1130
3316
2366
3411
1979
2640
1352
2261
4492
4644
1794
4093
2894
4873
1422
2597
4141
2439
1571
1006
2966
624
4011
1379
136
1952
3550
3860
1783
3199
4948
1688
2883
3873
4933
4355
3036
1955
2404
4924
4081
3018
1174
1425
4942
896
3930
2348
957
4688
441
2757
3745
4104
1567
1857
4205
191
3134
1996
1624
4116
4061
4940
146
818
3790
836
2658
369
855
2605
2239
1221
4275
3127
1637
3064
3546
852
1038
2602
1906
3742
766
2728
2806
2726
277
2090
2180
4335
3170
1713
3516
3163
1735
2656
236
879
2834
1662
616
1151
3212
737
2045
1934
2461
3057
922
3106
1665
748
3215
2042
1598
3233
1396
925
2277
3287
4552
2827
4543
1291
724
1927
1554
1864
4665
2707
2531
3838
2764
1732
4109
804
4016
3882
4285
2872
1322
1772
2188
2078
3068
1576
3919
2910
695
1001
1279
2961
1810
943
3684
264
4244
2674
4856
254
777
891
2304
4625
3031
2248
2875
3885
1049
1325
1775
3693
1868
1496
2768
3629
3778
2318
686
1119
700
1255
2336
93
2431
4849
347
1082
1192
3416
2266
4288
3559
3849
1085
298
1195
384
4863
739
9
3311
1140
188
2361
1252
182
4576
4374
2638
2214
100
3907
3832
11
135
3765
1489
4629
1128
1547
3636
1126
2329
386
3618
4471
2950
3762
2611
746
4793
5029
559
2259
3409
1981
2420
197
3997
3044
3566
3856
3813
4981
1058
3835
1642
4531
2350
3928
1569
2503
2065
2441
3926
245
1286
4423
4009
3020
1381
3397
3201
2132
3143
540
1107
4987
4636
70
5012
1690
60
1844
2135
4434
1056
457
2113
3858
3548
2744
3604
1645
4569
2062
1517
4882
4781
970
1074
4345
4481
4326
3003
2941
963
80
378
1012
4982
3509
2520
886
202
2649
4384
1033
1015
4586
2587
3577
4151
5017
177
3099
1793
4932
4949
4831
1678
2893
1389
2017
1230
452
3305
5011
829
3675
2685
1784
2884
4771
4297
4872
3874
4092
1989
4579
4493
4654
1417
1899
2799
383
1173
759
2450
3710
2719
2403
1160
2341
2246
189
3302
8
4319
4290
3539
1481
555
368
2682
3672
3497
4213
2805
1648
765
4929
1905
272
3590
2725
262
108
311
1992
2924
4876
4096
1824
1274
4365
1767
1704
3545
907
483
642
832
2867
2557
213
3299
2388
355
997
2679
3669
2606
813
856
1940
3542
835
2802
588
2937
762
1902
3746
1837
2722
4505
1995
1521
573
1009
2988
1340
2652
2161
4127
1451
2634
4322
3512
928
3216
1666
3105
3463
926
3470
2480
1395
4089
4120
2046
4869
2854
2564
3102
1754
2231
328
2627
4582
478
1392
4936
1718
3647
3533
2655
1798
1736
858
2898
3515
1610
1328
1951
4012
1776
1326
3886
2876
2488
2129
1572
1639
3970
1421
4255
2980
170
366
160
3963
2059
257
1575
4632
267
3244
1258
4033
4015
4886
576
623
2691
1677
4572
874
1492
2332
4879
4805
1307
3433
2265
3415
2568
3829
3578
1196
1086
1440
1351
2262
3412
486
35
521
4308
1495
2380
2021
3759
111
3370
2335
1256
2313
710
3363
4951
3818
2278
109
3268
790
3836
3698
1747
4734
3565
3855
1079
1189
2847
3632
2514
484
745
5032
3654
2030
465
1122
4171
3635
742
3766
3613
2048
4964
562
1249
1125
337
4723
1973
4264
4813
194
2104
4301
2811
1960
3852
3562
676
1911
3501
3737
1646
3443
1282
3922
574
1373
2118
1319
2203
1360
1769
2141
1055
3879
2869
2136
4751
4852
4957
4843
3724
3667
4674
1217
838
3111
3804
1052
4118
3748
2066
2544
1430
1285
5009
3925
4231
4938
1659
3209
2220
567
4979
919
4001
318
3943
1016
4451
3334
882
4041
4952
1729
174
885
420
1593
2039
1887
3327
4556
2787
3777
4181
3891
2414
4925
3264
4354
1238
4513
449
4684
2245
3257
4549
4112
4317
1584
2290
778
3014
1530
5035
4193
2077
3087
4563
3197
1091
4310
3739
1181
46
4645
3401
3343
3306
1460
2242
2150
849
2686
1473
2599
3676
4489
4520
1382
1949
4583
2146
3202
2131
2442
637
1419
1703
3506
638
1260
1641
2923
467
1823
4334
1273
2445
4209
3457
2061
814
4323
4664
2717
36
4701
3968
4527
2978
520
5004
1385
2490
74
1608
1330
3116
3205
2689
2615
708
2633
987
4950
2378
4993
3368
3527
4216
4591
4161
1985
4105
3831
4204
1438
549
3464
2570
3580
1982
1349
2563
2853
2816
1753
1916
4496
3534
2612
3761
2019
649
4274
4796
2345
565
3357
584
4419
4390
4898
1938
3964
4027
2390
1485
209
3301
4397
3243
3671
94
2681
1482
4573
3588
1096
462
1186
2342
1650
4034
3406
1519
1011
54
1800
860
2900
64
2159
1720
873
1449
4633
474
4284
2942
4827
3434
4006
4717
2229
651
3896
3468
2478
2945
930
3957
1338
4710
2314
4624
3364
4820
4789
3427
4426
2990
675
4245
2462
661
260
1117
270
3211
1240
1661
1152
4741
921
4842
4853
3999
1295
4518
5008
2513
2166
1456
2535
3653
1292
476
45
1731
1507
275
2532
3614
4859
2103
2465
2041
3889
4435
1155
2236
167
1974
157
2218
5025
1225
284
1458
2148
3444
2204
3917
4375
1374
4722
4866
4812
4911
3741
1179
1528
1089
3803
2288
211
421
780
3723
3399
1526
1222
5028
2601
851
586
2543
4900
4655
583
1407
1958
2432
3944
2177
4562
3187
4192
3097
1191
1081
2696
208
162
172
2365
299
3315
659
2050
3333
4388
4113
1594
2026
1251
2362
3312
4512
4907
488
4539
2028
2413
3700
3263
2435
1356
3820
2809
2280
3270
345
1909
113
788
895
1426
1583
3499
2962
3750
1002
1428
310
3013
840
4344
286
1956
3035
2139
1771
1897
1321
2871
2797
3881
4546
473
4708
4978
2007
1358
3032
3344
4818
4939
3109
2120
892
578
1474
4051
2965
1005
4441
4385
