1743
3217
3010
3009
1070
1401
3201
1401
2865
1401
2490
914
3365
914
3383
3363
2607
3363
1325
2944
1178
2932
704
718
2906
2313
2494
2724
2246
1744
3423
1744
759
3262
2191
3208
1987
3208
1020
3208
318
2851
2989
2251
2053
1834
1228
1834
3416
606
1485
606
2623
606
2421
2415
284
2415
302
2520
789
501
2549
501
458
3318
598
837
3293
3291
1328
1151
2861
1151
1327
1151
3218
3034
663
826
3304
2810
2120
2810
874
3302
3289
2842
746
2842
3384
2002
499
789
2393
3096
2889
3096
2904
3096
3057
3327
3053
1118
3004
1118
2691
1118
345
2796
2292
2796
2173
1858
3121
3110
2011
3110
578
1917
564
1917
3226
747
748
747
2003
2000
2168
1213
1056
1213
1320
1515
1957
1515
1379
1856
2895
2136
1411
532
504
532
710
2127
776
2127
25
76
2
4
77
4
1858
440
2307
440
2308
440
922
908
2049
491
2066
491
607
867
3195
867
725
867
3027
867
3401
360
1886
360
3392
360
2726
360
3042
3033
326
333
332
333
3282
2031
675
2031
49
205
207
205
333
345
224
724
618
724
1385
3011
2103
3011
531
3011
1175
1992
1741
1992
2188
2163
3167
799
2355
1738
3072
1738
1864
465
1028
465
3317
465
1968
465
1429
2849
2857
2849
787
530
2076
530
3260
2271
2108
2271
18
194
204
194
175
41
315
321
319
321
1323
321
883
2046
1153
2023
578
2023
1016
442
1077
442
5
72
2984
3408
2769
3408
353
362
363
362
757
435
1390
435
3172
2286
2056
1828
2054
1828
116
55
328
1941
2673
1941
2061
1941
2336
1990
2256
2515
243
1286
1432
572
3289
2943
1171
1994
1171
232
1171
3096
1340
1308
1340
3095
1340
3053
1391
3003
1391
2691
1391
254
2943
64
122
132
122
43
122
2846
2825
1058
2825
1187
1186
269
1646
421
1365
1384
2723
239
2723
2947
2723
1350
1430
27
3282
1124
2259
1342
1372
1342
2580
1864
3138
3125
1757
3125
2770
3417
2914
1876
225
619
2478
619
367
1881
59
1868
596
1445
596
2246
1736
3304
1263
1104
1263
3042
1727
2956
1727
1137
3247
2469
3247
1966
3247
315
2907
40
2707
2315
2182
2315
2324
2315
913
3193
311
3193
2260
3193
855
2530
2070
2530
741
1769
1143
1769
2234
2351
3126
2351
522
1301
3018
3238
27
208
211
208
2396
2898
1430
1556
1374
1556
46
3046
2413
3387
2734
1050
709
594
709
544
1558
1094
1558
2189
2922
851
1617
1954
1617
95
38
3217
2201
1473
2201
3218
2201
2406
2201
2738
2201
3216
1109
770
1109
570
1109
1881
952
2891
3337
1182
3337
2159
3337
46
154
135
154
2086
2440
2074
2440
613
614
2886
2858
71
2
2597
1451
2898
2881
588
3328
499
906
1173
3393
870
3393
3342
2709
2958
950
322
950
3275
1215
3357
2867
2841
2644
773
1513
1424
1513
2228
3024
2505
3024
2350
3024
2909
2572
1183
421
2883
421
419
421
2131
3045
1001
680
1688
680
1879
680
1691
680
2730
2191
2945
2191
2198
2191
1972
2140
1504
262
304
1749
1492
1749
1055
2371
2091
2371
2010
2232
341
343
336
343
3208
2165
1304
463
2056
463
326
335
2886
2386
444
2025
292
3425
1496
3425
1502
919
929
260
2162
2142
998
682
1701
682
681
682
559
896
792
1581
368
1581
527
2059
2504
2230
2006
2230
245
3228
2643
1330
3023
434
433
1014
433
2754
2745
2966
2745
3175
1564
777
1564
860
1576
3149
1576
211
176
82
176
696
1242
3147
3135
2999
3416
3393
1330
2337
2590
1330
1471
1473
1471
2207
1471
2406
1471
2738
1471
413
1363
1069
1659
3107
3194
1170
3194
934
1486
607
608
2929
608
3195
608
1459
608
887
1082
3159
1082
2723
972
3374
972
563
567
1046
567
876
1240
886
1240
593
1291
485
1332
2694
2879
755
1265
3074
1265
2408
2733
2409
2733
3142
2733
824
1080
2112
1080
412
2835
2755
2616
2723
970
3374
970
1383
970
3375
970
299
2711
3055
1405
2229
2741
2544
1616
655
1616
462
478
3098
1780
860
1780
1504
3436
3082
1557
3149
1557
970
649
832
649
3072
2353
1118
2523
2110
2523
648
1303
373
3357
585
1782
580
1782
776
2906
2355
1904
1662
3246
2550
3246
3038
3246
242
2411
1214
3041
941
2255
2259
2255
1490
2255
1753
2255
504
505
767
505
1235
2831
602
2831
2176
759
2325
759
2933
2715
1726
2203
2210
2203
2948
2203
396
1010
814
1010
1475
1378
2097
2813
1290
2813
2872
2866
397
400
401
400
1200
907
1113
1155
3210
1155
842
3052
3265
3052
780
3052
824
3052
2112
3052
2110
3052
1364
3052
1090
3052
2115
3052
706
3052
2117
3052
1116
3052
1085
3052
2106
3052
2108
3052
1076
3052
2002
1453
3033
1453
1992
1453
996
1453
2956
1453
1050
1049
563
568
1046
568
272
2752
2099
1012
388
1012
2344
3348
550
554
1042
554
2036
3113
393
402
1723
3336
2727
3336
1747
1888
3093
1888
1371
1511
3212
1511
1463
3131
1024
423
989
423
1862
423
3346
423
1351
495
3140
495
1282
1962
1892
2193
2197
484
1035
484
2939
484
3205
484
3339
484
729
484
3256
1577
1351
1577
1291
2814
3213
2814
864
669
3106
3030
2341
3030
697
2373
707
2373
601
897
380
390
2612
2739
340
341
332
341
1403
461
446
461
3080
2220
2249
2220
1406
2035
2862
2035
1845
2035
119
109
929
55
137
111
137
126
137
557
2387
1139
1809
580
1809
331
325
324
325
2577
325
1441
325
152
170
99
170
111
170
2888
1960
1964
1960
1391
1583
1855
1583
1651
3039
2070
2275
2091
2275
382
392
1703
392
3115
3114
1870
3114
2702
3114
269
1945
1741
2222
3413
1898
3413
1898
1200
839
111
124
116
124
434
431
1014
431
440
1395
3280
1395
1076
1395
226
2720
3079
1384
2506
2617
2622
2617
2617
1175
781
1473
944
2940
943
2940
208
33
81
33
897
2829
3284
2829
427
1322
1737
1361
3067
1361
134
105
100
105
2896
2885
932
1487
2069
1293
1054
1293
554
574
3330
574
1417
2524
3214
2524
93
142
148
142
563
566
1046
566
3183
3129
2751
2608
2961
2608
2696
1069
432
1320
2195
3343
2329
3343
2918
3343
2611
3343
2410
3343
3376
3343
2089
548
763
548
2601
1885
1996
1885
738
1894
3418
1894
3420
1894
2225
1894
980
979
2736
3356
2736
3356
234
607
849
607
2514
2511
2418
2511
3379
1699
3436
3190
629
638
2593
2178
2347
2178
963
2178
1719
2178
335
2533
327
2533
865
1403
1350
3082
2100
1824
793
1824
2492
2594
3408
2355
3279
2311
1128
728
2681
728
1670
728
596
854
3016
3015
251
3015
1953
1588
1955
1588
1306
1305
3234
868
1315
2782
309
2253
1439
3216
1286
746
2876
1857
3395
3381
826
2443
1673
2443
3272
503
1334
503
1469
3088
2224
2205
1482
2205
1342
3121
732
3121
2014
3121
307
3121
2870
1153
914
1455
3239
1916
301
302
2176
3326
1357
1128
2279
2797
812
1604
469
1604
3106
3097
593
836
3297
2821
683
2821
593
827
367
1278
363
1278
369
2788
365
2788
2684
2099
1277
2099
2494
1038
299
300
555
1211
208
147
2456
2375
261
2375
630
644
1047
2855
1962
2287
2860
2287
2119
2287
2342
2184
1666
493
1224
425
422
425
826
2444
798
2444
2286
1818
2055
1818
1999
2195
2135
2047
1680
2047
3310
2047
323
331
2905
331
2241
2509
746
2033
1288
2033
291
292
3311
2161
3311
2161
995
520
2724
848
863
848
3068
848
2156
848
3060
848
1978
848
1054
1585
3207
1585
889
734
2192
3020
1839
2273
2040
2273
2291
1594
415
1594
881
2640
855
2640
866
323
319
323
2917
323
621
2021
3000
874
889
874
7
1500
866
1336
2089
2863
2089
874
522
1209
522
1694
2137
3202
1943
1312
1943
241
2902
2126
2901
2126
3335
2126
1212
2126
290
3203
3172
448
3172
3340
3172
2482
3172
2391
3172
2890
3172
3119
2154
597
588
597
3405
1173
1376
1475
2218
1475
3070
1475
2240
1737
3137
1726
1106
1393
1192
2534
2067
2534
2320
1689
634
629
2893
629
976
629
1891
2593
3059
2593
3181
2593
2610
2593
2495
2593
79
24
1271
1877
1896
1877
1890
1877
1272
1877
2338
1877
1864
1420
1284
1420
1028
1420
1298
1420
1285
1420
1968
1420
201
181
13
181
1284
1134
2150
1134
2121
539
1090
539
879
1598
3283
1598
2135
3295
1680
3295
3310
3295
2118
1295
1229
1295
3373
2730
466
1647
3394
1187
1715
1187
1991
1187
3170
1284
3083
1044
1716
1044
1419
2819
1433
2819
2600
1883
2729
1883
2732
1883
685
1422
54
152
3031
1261
2116
1261
1852
1261
1871
2571
2680
2676
2868
2676
1672
2676
589
1414
567
901
1485
835
249
835
1748
835
426
3257
3085
3257
2752
762
1740
762
3356
1050
2339
1050
2934
1050
3350
1050
2344
1050
1760
3163
869
3394
2480
2882
1957
1517
819
1517
397
399
796
399
1352
1458
701
745
216
214
23
214
1904
2206
3088
1052
2398
1052
693
1052
694
1052
474
760
2115
1915
2114
1915
2188
1456
2072
1009
386
1009
2123
3248
2688
3248
2559
3248
350
1551
361
1551
513
514
513
514
3084
2921
625
2450
647
652
771
1306
985
3401
2491
3401
2938
3401
1308
2888
1308
2888
2255
2984
1907
2984
2773
2984
837
1779
1237
1779
1491
2417
2419
2417
2423
2417
59
133
152
133
2627
2358
2351
3371
1373
3203
1190
1613
1302
1613
2045
2654
2077
2654
950
3390
2601
3390
2204
3390
3057
650
771
650
2976
2356
2359
2356
2421
2356
3380
2897
1019
1319
3309
1070
1322
1367
2923
2712
947
980
2704
980
948
980
1335
980
3077
1408
3343
563
1043
563
2892
563
1389
563
730
1296
2151
2569
133
166
63
166
118
166
710
3055
776
3055
2772
2983
1198
1072
829
1072
1476
1725
2954
1725
3370
1476
257
2755
3150
2755
2625
2755
619
982
949
982
2698
982
915
982
1721
1464
337
2653
328
2653
1464
3204
1034
3204
1880
3204
2221
2600
235
1481
2140
467
1867
467
2471
467
1231
467
2139
891
1367
840
2299
840
3151
840
1353
508
1645
1586
700
1586
1885
347
3390
347
1886
347
3392
347
210
209
45
209
932
2887
2560
700
1810
1843
1810
3295
1571
831
1571
3172
865
1872
865
424
3164
2142
1959
2882
1959
2174
1959
1033
1959
1980
1959
2147
1959
229
2919
2313
2125
1425
672
379
389
3420
3412
2225
3412
2456
2376
261
2376
762
2219
381
2219
718
2364
775
2364
671
842
3006
2196
2507
2196
2963
2196
1224
426
930
1187
437
2899
437
3246
1812
2850
1812
1134
2381
728
670
2671
670
24
184
216
184
12
1959
2100
1091
833
299
1897
2954
413
3360
393
1851
2185
2480
1987
2480
1020
2480
2481
1018
3280
2806
2234
3106
1739
3106
2962
3106
566
2102
1332
506
846
506
854
1158
600
1158
3298
3292
287
2841
131
64
3165
1314
2865
1314
1002
1217
1448
1217
820
1217
3307
3301
2981
743
939
743
89
215
174
215
838
2684
838
2684
1913
2932
821
1177
821
2402
821
658
821
1160
1156
1111
1156
2676
3287
228
888
2852
2469
2852
1233
2852
1966
2852
1454
2317
2003
2214
307
2258
709
3261
58
114
2572
601
1693
601
2894
601
2582
601
3334
601
2589
1702
796
1702
281
2256
523
3066
654
1615
2067
1615
282
2976
2875
1406
1325
2913
909
2766
465
3278
71
86
2604
2931
322
2931
1724
3364
1891
3364
1889
3364
821
1700
581
3175
110
143
200
143
62
143
894
565
447
1871
3410
1731
358
1731
2621
1731
2731
1886
1997
1886
1090
540
2117
540
573
591
1021
1024
3377
1024
3302
1692
509
3270
616
632
1027
2914
2717
2914
993
2914
752
1396
3314
1396
1173
1723
516
1723
870
1723
598
1419
1160
1267
2088
1267
919
1164
2994
1164
936
1164
2167
1308
2617
1176
3150
3409
1091
542
796
1181
2701
1690
691
1641
2388
630
2710
630
974
630
3313
630
2893
630
973
630
3101
2839
227
3299
3312
3299
894
3259
2676
2041
1960
2090
325
326
316
326
3116
2477
330
337
233
234
237
2208
2575
289
1442
289
2567
289
2382
289
2294
2276
2077
2276
3434
2264
3434
2264
2425
2264
296
2264
274
2264
425
3085
2594
2167
3029
2167
1039
2167
1708
2167
1478
2953
384
1946
1861
2123
2494
863
616
2281
3013
3012
2706
3012
477
496
3332
2092
512
519
799
2468
3199
2468
3315
2468
2479
2131
3306
2131
2579
2131
933
247
1140
2785
1138
2785
689
2683
3235
2036
1839
2027
1950
2027
2203
2929
1224
831
1217
1254
1344
1254
1151
1157
1114
1157
2734
1999
2739
1999
2346
1999
3114
3160
2850
2798
1404
2798
291
938
3082
905
3256
905
3049
905
904
905
881
905
2082
905
1351
905
1304
905
2070
905
1131
905
678
905
1957
905
2056
905
1055
905
414
905
1016
905
2091
905
2054
905
3210
905
847
905
1077
905
2097
905
441
905
1290
905
2684
792
1276
792
838
792
376
2564
1853
1358
2822
1841
2822
2105
1268
2106
1268
657
1216
3137
3107
1169
3107
219
67
18
67
485
507
2580
1028
1216
2807
798
2807
3194
3352
253
3352
3123
3122
1416
741
1648
741
581
790
1099
3098
321
1488
2996
1488
356
1488
303
1488
278
1488
286
1911
2604
2404
467
823
374
878
346
1555
350
1555
2714
3058
2180
3058
996
3058
3200
2781
2855
603
2854
603
2379
603
32
2855
2453
2854
2453
2379
2453
2423
3169
1910
3169
1662
1407
2550
1407
3038
1407
1372
2767
736
2977
1493
2257
1490
2257
2260
2257
3355
2154
2707
2154
3362
2154
2182
2154
2328
2154
2324
2154
175
117
2969
3067
2770
3067
3118
2604
2932
2168
1177
2168
2402
2168
1345
2168
1869
2316
650
3200
294
2758
1747
2968
3093
2968
2515
3081
2988
3081
1755
3081
3433
3081
2416
2512
3415
2512
1504
848
3286
976
2388
2322
1873
2361
2980
1121
1248
705
1248
731
620
2462
620
2411
944
244
944
2961
944
37
95
609
1429
418
1733
1480
1733
2045
1266
2088
1266
3040
3305
2459
2454
623
2845
1275
1274
1178
1177
555
593
2325
593
2093
1397
3283
1397
1721
1034
982
622
2497
1721
3182
1721
1895
1887
2407
2603
1418
2650
1677
2650
3009
2398
3363
2398
2339
2398
2934
2398
3350
2398
2245
1339
2236
1339
926
1494
467
1643
1975
1183
933
1485
59
99
1320
2037
3098
2037
855
2037
2071
2037
3140
2037
3064
2037
860
2037
1113
2037
3149
2037
819
2037
3002
2037
573
2043
2608
3171
2743
3171
882
2026
841
2026
384
884
3364
1989
3364
1989
1477
802
2496
802
2224
802
559
895
2121
529
1162
529
2571
2563
2880
2563
293
2935
734
2121
1040
2121
2874
2121
2973
246
2492
861
3248
1575
1374
1575
2135
2283
3325
2283
2389
497
479
497
553
2779
1101
2779
2165
2148
1979
2148
2157
2148
1167
3079
3177
3079
1387
3265
2576
3265
2076
1947
1683
2133
1354
800
3188
800
2486
2174
1362
2277
3364
2166
1989
2166
969
2166
1988
2166
965
2166
964
2166
3369
2394
3436
1498
302
1498
300
1498
1501
1498
735
1498
283
1498
753
1498
298
1498
1499
1498
281
1498
276
1498
3432
1498
3434
1498
1500
1498
1502
1498
273
1498
286
1498
1337
1498
267
1498
3158
1498
291
1498
3433
1498
295
1498
109
171
96
171
196
171
852
439
830
439
318
327
224
358
359
2759
359
2903
2385
325
336
332
336
1699
2476
14
15
1378
3132
1377
3132
2334
3132
2178
2483
3341
903
3377
1457
3289
2668
1242
2668
1291
2668
2683
2668
1216
2668
825
2668
787
2668
1675
2668
2859
2668
791
2668
3179
2668
1292
2668
3331
2304
995
2207
2152
1855
2473
1855
3216
578
3168
578
1343
578
2546
1516
749
1516
1047
1112
2379
1112
724
949
2392
949
243
2751
3052
3051
3242
3051
485
3256
907
1354
2041
1354
792
1354
741
1354
818
1354
699
1354
856
1354
409
1354
2050
1354
2057
1354
862
1354
900
1354
348
1354
807
1354
452
825
3416
1188
1429
2677
2386
1110
1211
1110
1151
2832
1112
2832
3348
1368
3356
1368
2736
1368
1340
1553
3039
1553
3402
3042
766
3042
1319
3274
426
3274
2398
710
587
710
464
1772
1907
2357
2248
2357
913
2357
1456
2896
1033
2896
19
3103
2288
2983
2416
3169
2416
2422
2416
1909
2416
589
605
2161
712
1970
712
1212
712
3311
712
1645
1611
1404
1611
2287
1770
2055
1770
2286
454
3266
454
1205
1204
3317
1307
1466
3349
3145
2742
3015
2910
1962
468
2860
468
2119
468
509
3273
11
180
213
180
1380
1662
3343
561
1043
561
1045
561
2914
1875
840
1079
887
1079
2940
969
991
3344
2980
2749
2971
2749
2418
2749
657
2298
876
1239
1655
1239
2965
1735
1275
1477
2249
1477
1101
584
3074
584
3328
595
3013
595
2570
595
2586
595
1686
595
399
1660
2862
1348
1299
1348
1186
1185
750
1645
1238
1645
632
1194
562
3049
260
1483
1658
1297
1165
1329
1338
1329
2477
2575
2917
2575
1450
2575
1367
1366
3151
1366
1690
1374
817
1374
2141
1374
647
893
1467
2484
2127
2045
760
1573
3278
1573
1437
2294
3354
2197
265
2950
936
2950
1184
427
2490
427
988
427
1706
427
3395
427
3318
2285
1134
2285
930
259
1019
436
1402
436
920
1910
1752
567
2060
2384
2377
222
2377
2746
2229
2238
2229
1434
2680
2137
2135
3359
448
3132
3340
922
2149
2383
405
1198
1981
2139
1971
2139
3320
2139
1056
679
664
679
3317
466
2471
466
568
2062
1911
1750
1492
1750
1756
1750
3204
474
476
474
1087
474
1728
2925
1244
1587
2101
1587
333
346
991
1373
2566
1669
241
2618
928
2514
1844
577
1262
577
1489
1484
267
1484
2354
962
613
1193
928
1495
716
2439
1243
2439
3268
1929
1984
1035
1305
1220
3032
1220
1309
1220
3360
2696
3309
2696
1370
1461
2933
2591
2509
2602
2228
2602
2350
2602
3006
1897
2507
1897
2963
1897
3177
1275
1099
583
3394
960
1171
2710
1172
2710
221
85
13
85
2154
1387
2286
809
3041
809
2287
809
652
809
3292
809
578
809
2298
809
2045
809
2294
809
2049
809
2547
809
2295
809
564
809
2853
809
3269
809
2297
809
2086
809
3056
809
2055
809
2087
809
1226
809
3266
809
882
809
582
809
2077
809
1160
809
538
809
2088
809
3250
809
1111
809
673
809
841
809
2282
809
2066
809
2074
809
932
2627
2040
1839
465
898
1013
1222
774
1222
236
945
239
945
2306
2868
1420
473
1643
473
2179
2175
247
3403
1188
3403
248
3403
224
225
724
2384
223
2384
360
2395
272
721
2529
707
2529
2361
2760
3124
2625
3124
49
165
151
165
1378
2322
1887
2322
1377
2322
1998
2322
2609
2322
2334
2322
1029
2562
3143
2562
842
2824
675
2824
35
89
2152
2877
3295
1566
1312
1566
907
1574
2047
1574
379
2293
764
487
2549
487
1271
3373
1896
3373
1272
3373
1945
270
3208
1979
561
894
3022
894
1289
894
2474
894
1949
885
409
1548
417
1548
550
2320
1213
2069
3111
2441
1665
2441
1275
1478
3080
1478
2412
1478
611
616
977
616
1894
2589
1468
2589
2230
2405
2501
2405
220
219
14
219
484
1353
1678
1649
1961
1649
2177
557
521
557
1479
3123
1503
3435
526
780
3373
2945
836
2823
1110
2823
1134
2303
3148
2725
830
1255
829
1255
1871
2880
510
1411
1730
3146
701
904
3432
782
0
144
44
144
146
144
251
252
74
183
88
183
104
183
897
2531
1419
2531
222
2378
743
2010
2244
2010
1185
1203
2844
1203
910
1203
1847
1203
2514
2513
1497
1759
896
1505
1355
1505
3172
453
521
2155
2258
1907
941
1907
1372
1907
2767
3035
2987
3035
250
2546
2452
2766
2012
3157
2012
2247
2012
582
1568
3250
1568
474
2049
848
888
512
888
2484
511
2389
511
1978
511
2852
3236
515
3236
544
1554
537
1554
979
1195
2560
1195
844
818
400
1644
1474
1184
3431
1493
3277
1287
344
2637
349
2637
2751
2744
1732
1375
2060
2809
2048
2809
2043
1520
2062
1520
3260
1161
706
1161
2486
1033
3326
1047
2570
1047
1686
1047
213
179
10
179
2335
1021
587
594
2703
594
3136
594
2160
594
3110
3109
1361
1273
1361
1273
2353
1734
1904
1734
2233
1734
560
585
391
1848
2991
2628
2616
3044
2622
3044
498
3272
3041
1126
2298
1126
2413
943
2740
943
244
943
2311
1137
3278
1522
1674
1522
3211
1089
3086
1866
2396
1874
1365
1629
1359
1629
223
1688
689
1310
689
687
689
1691
689
1153
2547
2908
2393
1704
726
2036
737
3227
737
372
2834
2881
475
1039
475
1087
475
1088
475
3403
3010
688
3010
960
2173
1991
2173
2718
2173
2849
1597
655
1597
422
2134
2253
2420
446
877
362
370
2144
647
1687
647
2693
647
1005
647
2381
2284
2303
2284
1281
2284
1733
2187
2216
2187
869
2187
650
2295
1460
3195
2136
598
2315
598
2325
598
404
1539
403
1539
2848
2538
2672
2538
866
2261
2774
2261
935
2261
1184
3134
2490
3134
988
3134
419
3134
1494
2422
2140
883
1867
883
1231
883
1039
883
364
372
1432
2044
1430
2044
1659
2044
1332
2044
402
2044
897
2044
3295
2044
1422
2044
3248
2044
1419
2044
831
2044
1374
2044
877
2044
3202
2044
410
2044
1413
2044
3264
2044
1417
2044
851
2044
773
2044
1424
2044
1418
2044
3251
2044
579
2044
1199
2044
3296
2044
2098
2044
1312
2044
3284
2044
1421
2044
1433
2044
3214
2044
846
2044
2520
2519
782
2519
2942
231
2264
2996
2775
2996
901
2811
1110
2811
155
127
1205
824
2405
2403
813
2735
2953
1178
1168
1178
411
1638
797
1638
1972
3290
2471
3290
1231
3290
2288
699
3005
699
2545
699
1291
2833
2864
2833
1303
1607
1220
1607
2733
1311
1036
1311
30
113
566
1355
2138
2305
39
134
2193
588
2194
588
2599
588
2400
588
1352
588
3198
588
2876
1854
1894
1728
3163
3133
314
3133
3330
3316
3359
2482
682
3111
3008
1253
1218
1253
2709
1868
1453
1868
3349
1868
2585
1868
2316
1205
1023
1205
989
1205
1862
1205
1438
1205
784
1205
1503
3207
2645
1243
2645
1855
857
605
857
2452
857
1355
857
749
857
3294
857
643
857
812
857
3078
857
822
857
795
3025
2413
2743
2744
2743
2961
2743
343
350
278
1746
788
3226
2144
2128
1687
2128
2693
2128
1004
2128
820
2128
990
916
2401
916
2338
916
1722
916
2190
916
1472
916
1283
455
2289
455
1895
2497
2609
2497
1715
2153
1362
2278
893
1827
1344
1827
712
2850
856
1836
862
1836
341
352
353
352
152
168
126
168
60
168
3362
3355
3362
3355
3436
2521
603
604
1841
604
63
3044
3043
3396
2211
3148
2488
1850
2038
1878
1099
1208
1099
1981
1099
3319
1099
1971
1099
2699
1099
65
132
1874
1867
1454
3115
61
118
1694
1440
2519
1908
303
1908
927
1491
3041
1127
673
1127
2083
1532
2085
1532
1313
1136
740
1136
1471
1465
2242
738
2979
738
3185
738
823
1799
469
1799
3391
992
2263
1163
917
1163
2262
1163
165
162
164
162
3400
1724
2615
1724
745
2652
880
2652
1032
1031
1742
3384
2619
3384
3191
3418
2757
3418
2477
1442
1974
1442
1024
1023
2944
1046
1451
1046
2913
1046
1043
1046
2892
1046
1389
1046
34
70
2226
1271
321
2982
2631
2982
878
1530
2293
1530
3435
941
1884
2713
2924
2713
3000
2713
525
2713
3378
990
1107
2815
900
2815
845
828
3064
2636
1113
2636
779
1286
1208
1286
1102
1286
2472
1286
1449
1286
2699
1286
297
2731
15
16
302
2997
2215
2340
2343
2340
3338
2391
407
2171
1301
3189
906
3189
2047
3189
790
3189
895
3189
1204
3189
2080
3189
575
3189
2079
3189
1197
3189
3255
3189
417
3189
1084
3189
1143
3189
1048
3189
2083
3189
2085
3189
1107
3189
902
3189
368
3189
3094
3189
2087
2432
538
2432
1417
2525
1421
2525
614
2365
3357
379
1278
379
2564
379
112
120
104
120
260
3429
259
3429
258
3429
2995
3429
867
646
1005
646
1716
2186
382
3380
595
876
3429
3427
799
864
1700
864
651
864
3315
864
3135
2342
3089
2342
2001
2342
2151
2124
2320
2884
153
157
128
157
57
157
1236
2430
1144
2430
31
210
155
210
735
2988
0
1
2470
727
2342
3021
295
2263
736
3264
1596
3284
1596
708
881
233
217
68
22
68
457
1619
2849
2641
3246
2641
728
2641
2450
2641
2376
2641
565
2641
1641
2641
2281
2641
603
2641
2845
2641
1645
2641
250
2641
2850
2641
1404
2641
2451
2641
1196
2641
2843
2641
1358
2641
700
2641
1841
2641
2671
2641
1843
2641
2846
2641
2848
2641
2543
2641
2544
2641
2672
2641
655
2641
1642
2641
2280
2641
1844
2641
1262
2641
1058
2641
676
2641
1391
2546
2669
1914
1893
3120
2949
3120
3037
3120
2598
2401
2488
3317
2332
3317
1026
3317
2930
3317
2592
3317
3323
3317
460
744
508
1313
1089
1313
1893
1718
2949
1718
426
3162
2102
3162
3085
3162
1411
3162
504
3162
1139
3162
385
3162
3065
3162
1237
3162
794
3162
580
3162
470
3162
1412
3162
763
3162
761
3162
793
3162
403
3162
659
3308
2153
2883
2606
2729
2556
1415
2041
1606
417
1606
2151
834
672
1251
1059
1251
837
2820
1412
2820
3173
3218
3087
3218
408
412
3117
1501
2049
1789
2087
1789
285
2510
1004
1002
421
3202
2100
1826
794
1826
3068
2151
2156
2151
1978
2151
2263
3191
2979
3191
296
3191
1204
1837
818
1837
2184
3019
3020
3019
3021
3019
405
410
3158
917
1482
2496
452
858
2847
3227
445
2118
661
2639
666
2639
445
856
2167
515
2573
515
2333
2714
2003
2213
2166
1000
3173
1747
3087
1747
1657
1232
2856
1232
558
1371
2383
749
3276
749
2130
749
2574
2688
645
1191
2137
1680
891
1140
1100
1140
1093
1386
3104
1386
2630
2626
3386
2721
1168
1463
1720
1463
944
2941
943
2941
292
1165
938
1165
2977
1165
2283
1230
3322
1230
756
2697
664
1059
1971
581
1705
581
3320
581
1339
1896
1685
1682
1685
1682
780
1142
3026
1142
450
1919
2214
1025
2213
1025
1752
3415
1909
3415
2772
3415
1097
576
1678
576
1961
576
562
564
3111
2445
697
2445
1436
2854
1084
471
3094
471
1884
2330
3430
3426
2574
2682
296
2242
3326
3013
447
2876
1721
1972
1880
1972
3011
1567
1849
1567
510
2082
3287
1608
807
1608
3291
486
1307
486
1865
486
561
3031
821
659
651
659
2690
3294
2687
3294
768
3294
622
2363
3252
2363
3148
2332
3337
2291
3361
2291
3417
2240
1745
2240
2969
2240
235
1990
1970
2922
1970
1985
1970
352
2080
605
2535
822
2535
2375
2265
937
279
278
279
2606
2952
1735
3147
1730
3147
1368
2719
3354
2939
477
1351
1214
3014
2449
2830
2466
769
808
769
42
1035
3293
3205
3293
729
3293
1099
1315
34
197
71
551
556
3153
556
1361
2595
3129
2595
1273
2595
1494
3138
1495
3138
2361
3138
1491
3138
528
3130
2560
2301
2465
2301
2720
617
3312
617
556
558
572
558
252
1709
2568
1413
1646
3237
390
3237
461
3237
2035
3237
1945
3237
2841
3237
372
3237
412
3237
1315
3237
2374
3237
2667
3237
338
3237
398
3237
288
3237
2669
3237
351
3237
3268
3237
2542
3237
329
3237
2279
3237
547
3237
378
3237
333
1952
2129
2109
3030
3029
437
1201
805
310
45
96
2163
451
2165
451
1979
451
2157
451
1083
451
1664
1614
2856
1614
3194
2912
2485
2912
2411
2740
0
478
1950
2044
1950
1677
1950
205
202
117
202
75
121
146
121
1342
1906
2767
1906
2764
1906
840
3228
1640
3228
922
312
2483
3040
1879
3040
2167
513
641
2853
2220
2215
1477
2215
2959
2215
3047
3006
762
382
381
382
2227
382
955
382
801
1944
2042
1944
106
169
100
169
104
169
877
1620
2098
1620
311
2248
1447
873
1001
873
2337
2397
2487
2397
930
2754
323
324
2321
324
320
324
2720
227
413
3361
236
1676
2274
2120
2274
2195
2177
3388
2177
2502
2177
2489
2177
858
1593
2289
1593
861
3205
321
733
2261
733
2517
733
2064
2266
2542
2429
2867
380
1278
380
2555
380
1667
380
431
887
2126
721
429
1622
797
1622
1093
2034
3055
3054
3293
485
483
485
1865
485
1461
2183
2721
2183
1369
2183
630
643
493
494
823
494
2212
2339
3162
1398
3161
1398
48
49
1898
1895
3139
1895
833
1802
1663
1802
3
905
3076
2037
3076
804
3076
784
989
784
989
2734
1884
2346
1884
2612
1884
2722
1026
1286
3271
1044
1043
2737
1037
844
1283
1498
1497
153
206
175
206
56
206
207
206
2164
1861
1976
1861
1973
1861
1097
575
1678
575
1965
575
2309
2557
3040
1121
1696
1121
3328
2479
389
1529
2068
1529
603
1800
1843
1800
2284
1133
1086
1133
252
947
3016
947
1070
3165
3201
3165
2305
1148
45
1304
2548
414
2548
2091
2548
3210
2548
2097
2548
441
2548
1426
1385
572
1439
483
498
479
498
3261
1394
245
1166
1486
1166
1487
1166
1485
1166
3247
2776
1288
2776
3417
2966
1483
2966
2771
1174
923
1174
2250
1174
1278
1277
760
1792
791
1792
82
28
304
1905
754
1905
904
1938
3002
1938
1000
999
3305
3260
2700
3260
2312
3260
312
2254
3344
2157
1084
1831
862
1831
606
2498
2753
2498
2004
2498
579
1507
3296
1507
753
2522
1682
409
1685
409
2104
409
52
153
289
318
316
318
3396
2216
2277
2268
2356
853
418
853
2414
853
1480
853
3404
2507
1261
1790
1140
1790
1742
1741
2619
1741
3056
2028
2282
2028
3164
1823
1228
1823
3055
1404
1503
911
1647
488
1334
488
2196
2930
2954
3112
3370
3112
2955
3112
2184
555
3020
555
3021
555
551
555
521
1878
916
2481
76
178
198
178
30
2745
2407
3184
2407
245
2753
2677
3269
2857
3269
644
2655
879
2655
769
1603
1073
1603
2697
2467
21
216
217
216
1488
2985
825
1257
3179
1257
3262
3053
2870
1154
2251
1388
3099
1388
2250
1388
2247
3186
2516
3186
498
504
680
2458
1668
2840
2864
2840
778
2812
3213
2812
839
3300
1319
3300
2286
1316
3041
1316
2287
1316
652
1316
3292
1316
578
1316
2298
1316
2045
1316
2294
1316
2049
1316
2295
1316
564
1316
3269
1316
2297
1316
2086
1316
2051
1316
3056
1316
2055
1316
2087
1316
1226
1316
3266
1316
882
1316
582
1316
2077
1316
1160
1316
538
1316
2088
1316
3250
1316
1111
1316
673
1316
841
1316
2282
1316
2066
1316
2074
1316
1274
1168
2412
1168
1701
1969
509
2079
3049
1561
2097
1561
1461
875
2721
875
2194
875
1892
875
2400
875
1470
875
280
1447
662
658
662
1180
2587
1093
2449
2039
2449
3169
3173
1752
3173
2632
3173
2936
3374
239
3374
1360
3374
1048
1595
2722
2915
476
477
462
477
669
1584
1217
1584
735
847
2666
1100
2561
247
2239
2150
1298
918
2578
37
3391
2348
12
220
221
220
2842
660
2033
660
3200
660
2840
660
2679
660
2686
660
282
343
2374
1951
2374
640
2366
1189
2366
3121
3404
2011
3404
2489
2329
3120
2194
685
2297
861
483
2197
483
1035
483
3062
483
2191
2185
637
645
2316
424
1023
424
989
424
1862
424
1438
424
784
424
1710
1045
3144
1045
2089
2784
1139
2784
3406
1893
606
3400
2973
3400
443
1229
1475
1377
663
1060
423
752
2046
1920
2084
1920
3170
1285
554
573
1689
573
3019
573
395
1197
1219
1294
1218
1294
2722
2592
3329
1448
1982
2706
31
8
193
199
193
3119
2601
1430
1135
3251
1135
1898
3391
3413
3391
3108
3391
1738
3370
1727
587
2714
587
2934
587
2180
587
996
587
420
1474
594
750
3269
1062
2222
1466
1175
1466
1176
1466
2696
1679
2682
1139
1861
1139
2559
1139
2951
2198
40
175
134
175
473
1922
1384
1383
2208
1383
2201
3084
446
457
896
2783
3166
2783
23
79
1743
1903
594
2685
2574
2559
3352
2920
3051
1949
3243
1949
433
2112
3405
516
1301
1578
575
1578
2126
855
1420
1304
3023
1207
520
1207
994
1207
982
2451
2237
2354
2236
2354
3416
3156
1748
3156
645
2368
640
2368
3012
2110
2149
2110
615
2532
635
2532
2232
2188
1025
2188
2217
2188
3178
2188
2007
2188
921
309
3164
1825
3322
1825
1897
2955
2510
418
304
418
3421
418
1756
418
3084
3083
115
75
659
1357
1234
772
2614
1710
2126
3174
527
553
3281
1605
850
1605
2138
1416
1982
2570
526
1288
1455
1454
1439
770
2388
611
2710
611
610
611
2893
611
3084
1712
3412
1468
382
1468
957
1468
56
1361
2599
3129
2599
1273
2599
2950
2204
2209
2204
2179
2307
1195
2442
615
2442
2467
269
268
269
399
2296
3098
1563
3049
1563
2741
2951
961
2951
3381
434
2899
434
2900
434
1706
434
2230
2408
1202
2658
1456
1980
1193
2367
633
2367
695
2070
2397
2319
208
34
32
34
1644
2667
395
2667
3327
3032
567
3304
3324
2844
3324
2844
1299
2455
875
1982
1420
464
1875
476
3112
476
2172
476
3369
476
336
344
374
2072
2942
725
1994
725
1357
2681
3349
2586
3342
2586
214
211
25
211
10
11
203
187
22
187
2287
481
2066
481
3355
2909
3362
2909
2328
2909
2080
1932
1048
1932
348
1932
72
192
212
192
2102
586
585
586
744
1508
1953
1508
1724
1891
1950
1840
2351
1467
2504
1467
2008
1467
2613
1467
2231
1467
3361
1672
3008
1125
674
1125
3412
959
2877
3264
1119
3264
2689
3264
1307
1865
1307
1865
1689
571
2884
571
552
571
1684
571
1462
2707
1399
810
3232
810
230
2942
2374
1930
2212
2934
2560
1196
978
1196
2465
1196
2684
1842
1276
1842
838
1842
3001
1364
650
1219
1887
2722
1998
2722
2609
2722
1732
1376
1911
3422
1484
3422
2992
3422
3424
3422
1356
1670
724
2698
2584
2698
1970
1381
865
812
3267
1835
1076
1835
3134
428
2234
1901
1739
1901
2962
1901
2976
2414
758
2414
2243
249
3406
2949
614
3263
644
3263
3111
3263
3074
3263
1410
3263
2093
3263
1665
3263
883
2050
2122
1762
2114
1762
3133
3157
3114
2679
1860
2679
2692
2679
1210
2565
424
1206
1037
2933
1036
2933
3036
2933
2770
1745
806
1745
2322
458
1027
458
2717
458
993
458
330
338
2919
2911
2920
2911
2569
517
511
517
2124
517
1681
517
2348
3148
2345
3148
3081
2009
3050
2009
1675
456
3179
456
225
915
618
915
1497
1760
2858
2052
2386
2052
2552
2052
3337
2306
2581
1652
605
1514
749
1514
1388
2750
3419
2750
3135
551
2399
551
3089
551
2493
551
3372
551
2001
551
2407
2605
1186
1650
3324
1650
610
613
977
613
2849
2843
3246
2843
728
2843
2375
2843
2450
2843
2376
2843
565
2843
1641
2843
2281
2843
603
2843
2845
2843
1645
2843
2850
2843
1404
2843
2451
2843
1196
2843
1358
2843
700
2843
1841
2843
2671
2843
1843
2843
2846
2843
2848
2843
2543
2843
2544
2843
2672
2843
655
2843
1642
2843
2280
2843
1844
2843
1262
2843
1058
2843
676
2843
1868
3303
2858
1358
2386
1358
2552
1358
2716
3341
695
1417
2390
779
3422
3050
3192
3050
3433
3050
3057
1356
243
244
3011
2642
1956
2642
1695
2574
1707
2574
1697
2574
1977
3022
1388
871
3419
871
1432
1565
3296
1565
2849
1632
2672
1632
1303
2998
638
2998
622
2998
1110
2998
1220
2998
1195
2998
3054
2998
1317
2998
615
2998
518
2998
1244
2998
3252
2998
1190
2998
3288
2998
3297
2998
1379
2998
628
2998
621
2998
635
2998
1115
2998
1057
2998
683
2998
2174
3170
1033
3170
1980
3170
23
2593
692
2712
692
2719
692
1051
692
1143
2024
1107
2024
669
1591
672
1591
1366
1540
1359
1540
596
886
2384
731
2378
731
2193
2176
2603
2176
3043
2176
2194
2176
2605
2176
1967
2308
643
2267
3331
2164
2422
2419
840
723
3228
723
3241
723
362
369
2590
2396
992
2396
2348
2396
1711
2396
3353
2396
1714
2396
226
237
326
334
1700
3199
3281
1630
3249
1630
7
213
73
213
2739
2181
2403
2181
2346
2181
3091
2181
2200
2181
682
690
1444
641
2146
641
973
641
745
3007
591
3007
632
3007
468
3007
1313
3007
721
3007
553
3007
1219
3007
3263
3007
755
3007
1101
3007
879
3007
1095
3007
880
3007
3008
3007
674
3007
1235
3007
697
3007
707
3007
740
3007
3075
3007
843
3007
1218
3007
3253
3007
3283
3007
602
3007
1152
3007
1117
3007
1851
1542
1280
1542
3099
3419
2989
3419
2249
1167
1482
1167
240
1167
3026
1264
1104
1264
2417
2967
2970
2967
2221
2732
1277
1276
1258
2777
2290
2777
2155
1208
515
1090
3336
1041
3336
2924
424
3159
3318
1281
3316
1863
1693
1863
3333
1863
308
2981
2484
3068
673
1123
2074
1123
3194
946
2928
946
3402
3383
766
3383
904
2651
881
2651
2572
2556
2894
2556
3334
2556
1314
1131
614
1519
468
1519
3075
1519
2090
1092
1337
1496
265
2958
266
2768
2497
1027
2737
1036
2928
2485
110
123
107
123
1391
3077
896
3077
669
3077
519
3077
1855
3077
605
3077
453
3077
1355
3077
749
3077
1059
3077
3294
3077
643
3077
1121
3077
645
3077
3174
3077
812
3077
640
3077
1344
3077
684
3077
469
3077
3078
3077
705
3077
1096
3077
3166
3077
822
3077
1331
3077
9
10
2208
238
2155
1100
3319
1100
825
1833
1674
1833
3366
2923
3181
2923
2610
2923
2451
2018
2280
2018
134
106
2755
2506
576
2780
3166
2780
460
851
3309
3201
1174
1743
2763
1743
2161
2314
3177
3080
2010
2217
2988
3192
2015
3192
972
2158
2587
2158
971
2158
2062
1506
777
1506
1446
1102
318
328
1131
1821
414
1821
847
1821
2323
2156
920
913
342
349
1866
1258
3279
1258
894
1317
799
1214
3199
1214
3329
1214
1913
2979
2594
2573
3029
2573
1037
2573
1036
2573
3036
2573
1708
2573
908
3187
2420
3187
3157
3187
7
8
2118
1256
1085
1256
703
702
2470
702
3264
1601
1418
1601
837
3161
839
3161
854
3161
2089
3161
1319
3161
2100
3161
884
3161
585
3161
404
3161
722
3161
411
3161
714
3161
429
3161
715
3161
600
3161
767
3161
797
3161
419
2466
3071
3178
2750
2406
613
615
2281
2649
2543
2649
2128
3275
2288
700
3005
700
2545
700
679
2071
642
2663
1192
2663
1209
1981
282
283
114
111
221
201
3035
2975
1906
2975
3422
2765
1755
2765
2982
2246
2846
1625
676
1625
3189
3176
3331
1976
3065
482
470
482
3096
1964
682
2086
102
53
44
542
1778
1096
1778
392
394
387
394
873
663
662
663
1724
2336
1891
2336
1889
2336
1750
2359
2990
2359
377
385
3090
2327
240
2224
726
2471
1026
2471
2592
2471
2319
2471
1030
2471
3323
2471
276
277
466
3065
1647
480
744
480
1040
3279
1098
3279
1683
1227
335
1324
1647
1324
389
1324
2454
1324
3272
1324
744
1324
344
1324
369
1324
349
1324
1956
1324
1280
1324
288
1324
1953
1324
1955
1324
742
1324
1073
1324
2068
1324
1390
1324
598
1236
853
1890
1414
1841
772
1841
2449
3105
552
570
890
811
436
1923
3076
1382
893
1063
1189
1063
1053
2550
395
398
2210
1459
2210
1459
2948
1459
1273
1892
3183
1892
1649
1805
3271
1805
602
1146
1152
1146
1982
1686
2504
3385
2008
3385
1203
1931
1042
572
1705
572
2941
967
1381
1380
2314
1380
114
126
101
126
370
1008
2072
1008
553
2805
843
2805
2512
3154
2170
2703
756
753
3031
1671
522
1956
782
2937
2946
2937
293
2937
484
509
2393
509
2889
509
2904
509
2975
1900
1154
2051
3425
2017
267
2017
1857
1958
1671
3212
2116
3212
1852
3212
3085
3258
793
3258
370
2786
366
2786
1733
2500
3271
1784
1654
1784
379
388
2330
3086
1041
3086
2924
3086
3000
3086
1732
2218
3039
1795
1956
1795
2356
1902
2575
316
1442
316
324
316
2577
316
253
2928
596
3281
1664
1761
2094
1761
1679
2113
2910
2704
2708
2704
1866
2469
2177
3153
2399
3153
2493
3153
3372
3153
931
257
3160
3267
1279
3267
2602
550
3147
550
3089
550
2493
550
345
2847
2046
2847
3164
2847
337
2847
2283
2847
1198
2847
583
2847
898
2847
370
2847
2284
2847
1371
2847
2296
2847
2072
2847
2052
2847
1092
2847
328
2847
1258
2847
3212
2847
3322
2847
852
2847
2053
2847
2292
2847
2290
2847
386
2847
830
2847
765
2847
1228
2847
2673
2847
2084
2847
2061
2847
396
2847
1086
2847
366
2847
814
2847
829
2847
1872
3307
1465
1318
853
3389
2859
2664
2686
2664
1717
1713
734
787
1040
787
2874
787
1387
1409
400
404
1451
552
2913
552
1042
552
2728
552
2576
2460
2668
2838
1321
2838
3240
2838
3219
2838
423
773
609
3298
2146
3298
2569
1651
511
1651
834
1651
1681
1651
432
3322
1369
3362
1370
3362
1470
3362
3381
1014
1877
1014
2900
1014
1706
1014
871
870
952
377
1699
377
373
377
951
377
229
3054
1623
3288
1623
294
1855
2436
3294
2436
3163
2259
1912
2259
285
1313
2427
3253
2427
2908
2889
1414
730
1234
730
3054
1590
1115
1590
404
1541
411
1541
630
642
1462
2182
3004
3003
1744
3410
3414
3410
1303
872
638
872
1110
872
1220
872
1195
872
3014
872
3054
872
1317
872
518
872
1244
872
3252
872
3288
872
3297
872
621
872
2101
872
1115
872
1057
872
3387
2346
1483
3184
2754
3184
1745
3184
2991
3184
2715
524
2591
524
2181
524
2327
524
1216
665
3275
665
954
383
956
383
953
383
3379
383
951
383
1493
732
306
732
2322
2580
2054
1592
819
1592
639
640
1437
691
681
691
1992
2180
3202
1631
1679
1631
734
1040
734
1040
2124
1091
834
1091
2573
1091
1681
1091
297
298
2053
1132
1086
1132
386
1527
396
1527
2293
1536
2081
1536
816
1065
1656
1065
2333
996
3193
3073
2255
3073
427
1019
3134
1019
399
1280
378
1925
3404
2963
912
2773
2630
3414
2013
3414
3423
3414
2921
1042
2742
1042
2186
1042
1710
1042
1712
1042
3144
1042
1209
1446
1152
1159
1117
1159
2134
1424
1032
1424
2861
3249
3063
3249
1327
3249
576
1803
1096
1803
2466
2675
652
1130
2295
1130
566
755
458
1282
406
416
1999
2918
1287
1101
2463
1101
1431
1101
271
288
1736
2209
2499
2209
702
850
356
357
919
3392
2731
3392
2204
3392
355
3392
1193
1006
2065
1006
2169
2902
1671
3074
2116
3074
1118
3242
440
3242
2121
3242
2118
3242
3260
3242
1229
3242
3304
3242
3267
3242
3282
3242
2120
3242
675
3242
2122
3242
2105
3242
3280
3242
3026
3242
1104
3242
2107
3242
2114
3242
1206
1822
757
1822
2171
2891
300
2774
2000
3359
2213
3359
3178
3359
2975
2964
512
518
72
6
112
74
2937
2927
2938
2927
714
1793
761
1793
883
2115
437
852
133
110
101
110
877
1820
1424
1820
63
92
999
2568
1969
2568
998
2568
681
2568
2978
2756
3425
304
407
1715
1479
1715
794
1600
470
1600
1183
3332
2153
3332
2873
3332
1445
3004
2127
775
2875
2862
701
1418
2745
3183
3184
3183
2583
2577
320
2577
96
108
119
108
3327
1309
1350
3056
16
190
220
190
769
1602
1201
1602
703
701
2470
701
1308
3251
1964
3251
3095
3251
200
161
97
161
839
1621
429
1621
3107
1994
639
879
394
2075
712
722
2189
1985
1458
3342
3198
3342
789
534
3273
534
1280
1543
416
1543
166
131
58
131
1118
2660
1116
2660
2498
2347
3398
2347
551
2895
3174
720
3078
720
2752
381
1746
381
279
381
3414
381
2719
2169
2923
2169
39
2450
2437
2845
2437
3056
2426
538
2426
425
444
3368
693
2872
2464
1731
376
359
376
2927
376
2596
376
3097
2389
1983
2389
2341
2389
2172
2389
3351
2389
1882
2389
3159
1633
2461
1633
354
364
363
364
1353
1093
2551
1093
3254
1093
1946
2669
380
2669
2008
2504
2008
2504
517
3255
2960
1998
2256
939
1751
939
2455
1845
2503
2612
3337
1434
2105
1269
1116
1269
722
1120
1428
815
1105
815
1108
815
1279
1860
3131
1447
1177
1447
2340
1447
967
1447
968
1447
2896
1029
542
1935
519
1935
1696
2700
61
130
196
164
196
1649
1801
892
1801
2940
997
2347
997
963
997
964
997
1719
997
369
1526
2068
1526
2133
1675
1963
1675
706
1122
2107
1122
2075
1537
2081
1537
35
1869
1862
938
1489
1758
1489
3327
1344
1306
1344
526
2553
56
103
2750
2503
781
2503
2285
1830
858
1830
2454
1103
2985
3421
2990
3421
1995
1988
258
1742
2624
1742
2760
1742
1728
2926
2195
528
2330
528
2329
528
1041
528
2918
528
525
528
805
912
1854
2055
1958
2055
1653
2055
3
77
3316
2149
1693
2149
2582
2149
1955
1832
742
1832
259
3150
2770
3150
2629
3150
355
356
1326
356
265
356
2063
1007
2065
1007
1744
1740
1746
1740
1109
1791
1654
1791
2059
1765
3066
1765
406
417
3118
1499
907
438
807
438
3324
910
1744
358
3301
2554
2563
2554
1121
1249
684
1249
970
3057
651
3057
1486
2004
1210
1428
2468
2671
3308
2671
2581
2576
262
2748
277
2748
2424
2748
2185
3048
1020
3048
2109
1655
1863
1655
2556
1655
2
149
2626
2757
279
2757
733
2757
2262
2757
274
2757
3141
2399
3421
1338
754
1338
76
26
214
26
3277
2463
1453
703
3348
703
3356
703
2736
703
3023
3000
520
3000
1467
3000
994
3000
1439
3168
1682
2073
1685
2073
2104
2073
2326
1983
280
281
3082
1560
2082
1560
275
276
1959
2289
213
221
9
221
925
264
1128
3285
1356
3285
3400
3059
2615
3059
1201
1545
1390
1545
1377
2337
2199
2337
3407
2234
2196
2326
2725
2326
275
2759
929
2969
1305
661
3032
661
1309
661
197
47
135
47
90
47
831
1562
773
1562
3343
1977
942
3177
3046
3177
3117
2583
497
2087
692
695
686
695
1056
684
2158
2144
3133
2247
3155
2247
1220
1635
3285
1635
2562
469
1282
469
1416
1843
1648
1843
3397
3070
460
1084
2608
966
2743
966
517
1095
975
974
813
1380
1244
1053
1244
2305
1147
1003
1687
1840
1921
2040
1921
217
203
770
579
3168
579
1343
579
1219
1061
2093
1061
3015
948
2708
948
338
2799
3062
3339
2253
3099
3133
3099
2252
3099
518
1933
621
1933
1347
1933
70
174
646
1189
1018
1226
1017
1226
3100
1226
1751
751
475
1334
601
1237
3386
1369
2232
2960
2007
2960
671
1673
3125
2770
256
2148
3266
1227
3266
2678
3266
2331
3061
1717
3061
666
2778
2078
2778
206
58
48
58
1333
1105
287
317
3130
2475
1959
2053
931
258
1752
3087
2633
3087
77
156
149
156
2352
2228
486
2787
2064
2787
1476
3354
2954
3354
2955
3354
1492
2016
284
2016
1283
449
752
449
280
2761
900
1763
902
1763
2127
3078
1495
2971
400
1199
3058
2138
2703
2138
1698
2138
2894
2138
2871
678
423
1957
2947
2936
2134
2111
2337
1711
629
612
610
612
390
2792
2283
1078
852
1078
2941
968
351
2801
3152
2299
1049
1238
2690
1238
1727
3350
99
60
813
3432
1731
954
359
954
970
771
1180
771
971
771
2912
610
2911
610
946
610
3345
610
3107
1349
223
2584
1423
1653
2315
3092
1437
705
3102
3101
113
139
163
139
3059
3180
3063
1328
2586
3306
679
2846
1705
786
93
66
2226
1272
2907
1441
2711
1441
320
1441
3435
1490
890
3224
1205
2859
2497
2717
1704
1030
2758
2620
244
942
242
942
478
1523
851
1523
3081
3413
3050
3413
1650
1225
774
1225
1151
788
836
788
901
788
1112
788
1348
788
3014
788
2998
788
3285
788
1141
788
1114
788
1347
788
1302
788
1300
788
792
1531
2083
1531
2473
1119
2417
1270
2513
1270
2418
1270
2139
1859
286
1492
524
1096
27
82
966
965
3344
1032
1979
1032
821
3329
832
3329
3299
624
617
624
2704
624
948
624
17
18
2059
1807
3175
1807
2730
991
1375
991
2951
991
2218
991
3070
991
2238
940
228
2708
2176
2170
207
84
151
84
1725
2341
1318
2390
1713
2390
2331
2390
1365
1627
2291
1627
574
2870
58
101
133
200
114
200
1657
1636
2461
1636
360
373
367
373
692
696
686
696
599
882
1757
2423
857
719
1346
719
1320
804
3082
804
3098
804
3256
804
3049
804
904
804
881
804
2082
804
1351
804
2548
804
855
804
2070
804
2071
804
1957
804
2056
804
3140
804
1055
804
3064
804
860
804
1016
804
2674
804
1113
804
3149
804
2054
804
847
804
1077
804
819
804
3002
804
1290
804
753
2993
1324
2431
1341
2431
2326
2172
431
3314
78
20
2584
2392
222
508
3239
477
3239
2551
3239
3254
3239
2187
2899
420
2899
275
3355
2325
2595
2325
2183
2325
2182
2325
952
387
2476
387
1703
387
951
387
708
880
2073
1546
415
1546
54
116
623
3252
3120
2400
977
2887
606
2615
835
2615
246
2615
674
1252
1665
1252
696
706
632
2836
1410
2836
517
785
865
794
2143
2861
2181
3331
298
2994
2895
2878
2340
2402
1444
3313
3058
3136
1329
3396
3411
3396
226
618
3312
618
2071
1250
2401
3358
2338
3358
2190
3358
347
353
340
353
921
909
1913
3434
3116
1500
281
2015
3025
3223
2397
2150
1030
2150
751
2746
2761
2746
864
798
3126
1739
1109
3241
1405
3241
827
3241
2099
3241
833
3241
3261
3241
507
3241
1660
3241
1649
3241
876
3241
887
3241
3271
3241
428
3241
1650
3241
886
3241
3159
3241
388
3241
815
3241
1655
3241
1664
3241
816
3241
375
3241
1656
3241
1658
3241
1657
3241
2856
3241
2094
3241
2461
3241
1663
3241
892
3241
1654
3241
899
3241
1013
3241
774
3241
2169
2901
1044
2892
2943
255
1652
1106
1409
1106
2460
1106
3119
1502
405
411
1166
3046
2999
3046
305
3431
1868
2152
1314
1829
441
1829
3131
1001
967
1001
997
1001
968
1001
854
1797
761
1797
3122
3367
2202
3367
1348
1927
1141
1927
346
1936
334
1936
1106
1936
891
1141
2139
1141
2561
1141
1038
1681
863
1681
1207
1681
641
1190
1003
2693
581
582
2565
1108
745
2795
1117
2795
2949
1370
3382
1370
2296
1067
814
1067
3265
1676
878
1525
371
1525
459
1664
428
1223
1650
1223
1449
3319
639
1192
2347
963
2347
963
1324
3234
1948
3234
1341
3234
3101
1846
1287
580
2463
580
1431
580
3163
1372
432
757
1874
1231
2888
3095
1908
2630
2986
2630
394
816
342
2292
1465
2331
2522
1754
2381
470
2303
470
1281
470
3158
2425
289
287
271
287
1446
2472
507
1768
1663
1768
1214
3008
984
375
1443
375
983
375
2103
2290
1426
2290
2416
2241
3415
2241
3145
3144
924
624
2064
3359
1986
3247
2076
1304
472
3140
472
3097
2323
2341
2323
1882
2323
728
667
2544
667
992
3017
2348
3017
3353
3017
1052
708
703
708
3256
1559
2082
1559
391
2081
817
3209
1111
2540
841
2540
272
273
1981
1971
1981
1971
2384
2302
384
1656
2012
3126
3127
3126
727
1114
3103
1114
2163
3321
1446
783
2201
1717
750
1658
1238
1658
704
3288
608
609
771
609
743
3397
2244
3397
52
848
1350
511
1350
209
207
119
207
1863
2300
92
160
200
160
87
160
1873
3143
90
191
195
191
42
98
3043
1352
2605
1352
2605
1352
559
777
2871
3297
1057
2826
683
2826
310
311
1187
1200
2899
1200
2982
2013
733
2013
2906
2694
2999
1748
1502
355
908
2516
2253
2516
2518
2516
3180
3366
2468
3282
3308
3282
2512
3388
3093
3388
2034
1774
537
1774
646
2857
425
450
1400
450
21
1138
1766
1094
1766
2
212
3
212
918
3069
3233
40
100
1185
1202
2844
1202
910
1202
1474
2490
614
2058
644
2058
745
2058
591
2058
632
2058
468
2058
3111
2058
1313
2058
2301
2058
721
2058
553
2058
1219
2058
755
2058
1101
2058
3074
2058
879
2058
1095
2058
880
2058
3008
2058
674
2058
1410
2058
1235
2058
697
2058
707
2058
740
2058
2093
2058
3075
2058
843
2058
1218
2058
3253
2058
3283
2058
602
2058
1665
2058
1152
2058
627
2058
1117
2058
253
3291
3211
1307
3211
1865
3211
352
1951
499
2117
637
2848
713
714
1284
2056
1298
2056
1285
2056
726
452
2319
452
1030
452
447
452
2593
3347
2709
1445
588
1445
1466
1445
2585
1445
2421
758
1415
1143
2109
1143
2300
1143
1018
1683
1017
1683
3100
1683
2713
817
3305
1379
2700
1379
2312
1379
248
2623
2385
1847
1435
1847
1015
1847
1660
1221
1013
1221
756
1726
1460
1481
1460
234
1460
64
138
66
138
148
138
3024
3089
595
1048
1242
2789
2683
2789
901
569
1317
569
65
93
2354
961
1851
1535
1848
1535
713
1677
2311
1233
427
3325
3385
995
2231
995
1363
1074
353
984
2944
1462
2597
1462
2728
1462
2495
1889
1660
1066
816
1066
3064
1926
1290
1926
3236
1937
2223
2345
1457
3338
1021
3338
1022
3338
1876
479
2394
479
1875
479
1983
479
2172
479
3351
479
2603
2333
3044
2333
2605
2333
657
666
1975
2873
210
130
3352
3016
229
3016
1425
674
1993
1987
2879
2077
2125
2077
2310
2077
49
164
2993
2360
2775
2360
2278
3215
2158
648
1687
648
1005
648
934
740
1814
3075
1814
1487
2243
285
286
3252
2435
628
2435
2583
2321
1373
844
2391
844
2145
844
422
844
718
2362
1242
2362
380
2083
1488
2990
3424
2990
2467
271
2567
271
268
271
2382
271
3061
1973
3290
764
560
3296
3088
776
2398
776
693
776
694
776
827
2827
1655
2827
1723
3091
718
3102
826
3102
3289
3102
3247
3102
1242
3102
1291
3102
746
3102
760
3102
3278
3102
3270
3102
2683
3102
1216
3102
3200
3102
825
3102
2685
3102
1288
3102
2679
3102
690
3102
3275
3102
787
3102
775
3102
1675
3102
1673
3102
2859
3102
798
3102
791
3102
2686
3102
778
3102
3179
3102
1668
3102
1674
3102
3213
3102
2864
3102
1292
3102
1098
2874
1174
781
2763
781
3118
574
1412
680
1054
1888
1716
3154
1716
2069
2818
1060
2818
1198
1068
2296
1068
1258
2791
765
2791
2965
549
611
1410
3325
3310
722
2802
714
2802
115
145
146
145
979
978
451
1657
3157
3127
909
3127
431
2057
2756
2508
1338
2508
2972
2508
920
313
2767
2011
911
2011
307
2011
3150
2624
754
2972
3423
2762
3014
668
3285
668
1944
3220
2389
512
889
512
2387
2116
2345
3353
928
647
654
519
1808
1331
1808
2571
2856
3301
2856
2880
2856
406
415
2122
1767
1085
1767
251
917
2517
2425
2517
2360
2517
1854
1953
1958
1953
1423
1953
3371
3062
2349
3062
2613
3062
608
1005
972
1005
2587
1005
971
1005
2964
1899
984
838
1443
838
983
838
484
510
1311
510
2889
510
1641
1806
1058
1806
131
148
2395
1443
960
1694
2187
1694
1991
1694
2718
1694
2335
1022
1171
634
725
634
1172
634
3027
634
392
1685
1237
1145
600
1145
1695
1097
1697
1097
3347
3335
2112
1521
3267
1521
1148
1160
1147
1160
2095
1160
768
2690
768
2690
2298
1129
2295
1129
1197
1533
2085
1533
926
2633
599
1235
3360
2865
1651
544
1993
1020
1877
3346
2000
2716
2730
2716
2214
2716
2945
2716
2198
2716
3071
2716
2502
2611
1694
1279
2554
2098
1883
1039
1464
1039
1034
1039
2492
1039
3182
993
3001
1162
2408
2494
2409
2494
3142
2494
377
386
1722
2335
3378
2335
409
1547
1197
1547
1384
3375
238
3375
1360
3375
1458
1698
2599
1698
3198
1698
634
639
2146
639
1715
2179
1477
2343
2618
2343
230
232
364
371
2711
2905
315
2905
935
2905
1262
3245
523
3245
1749
2421
2985
2421
273
2262
1984
729
612
2543
2297
2433
2086
2433
1069
1589
410
1589
3294
1626
3078
1626
1303
1637
1302
1637
2768
2245
2359
2245
2992
2245
284
2245
689
697
391
2085
1329
869
2508
869
3411
869
2235
869
118
87
462
2094
230
2589
1975
3186
3405
3187
3405
310
2260
3249
2828
1144
2828
2483
1688
625
628
3079
3137
945
3137
997
1310
2128
2544
514
538
1669
538
513
538
818
1599
856
1599
12
13
35
135
329
2837
696
707
641
2672
554
2886
1181
2104
3290
3140
2960
2609
1151
3128
836
3128
901
3128
620
3128
622
3128
1112
3128
1348
3128
615
3128
872
3128
3285
3128
788
3128
1141
3128
1190
3128
1114
3128
628
3128
1347
3128
635
3128
683
3128
1302
3128
1300
3128
437
1312
565
1796
1642
1796
343
351
2750
2738
2188
1704
1206
1819
742
1819
1501
315
15
186
220
186
1652
1107
1409
1107
2460
1107
2984
3047
2769
3047
2222
2212
1175
2212
1176
2212
721
2634
880
2634
1481
849
2210
849
451
1955
2925
413
3123
413
2926
413
407
413
277
2747
2690
2088
2687
2088
768
2088
809
3230
1316
3230
3141
2493
649
1003
3137
2210
1380
3038
443
742
3365
988
1677
2803
3214
2803
2977
3411
2972
3411
2974
3411
531
2103
531
2103
2675
830
3332
830
808
830
2915
2705
3017
2705
48
151
2458
1055
1759
1912
3431
306
884
1528
403
1528
1666
740
497
791
2009
2007
2123
3250
2688
3250
2682
3250
802
832
1383
832
3375
832
1179
832
741
1149
1757
1910
3346
1438
483
499
479
499
108
182
150
182
1651
765
2138
3103
2479
3063
3306
3063
2579
3063
649
1004
162
177
125
177
3338
2890
256
2249
1702
414
2845
2448
2451
2448
17
1675
2428
2859
2428
648
655
1109
2457
827
2457
2099
2457
833
2457
3261
2457
507
2457
1660
2457
1649
2457
876
2457
887
2457
3271
2457
428
2457
1650
2457
886
2457
3159
2457
388
2457
815
2457
1655
2457
1664
2457
816
2457
375
2457
1656
2457
1658
2457
1657
2457
2856
2457
2094
2457
2461
2457
1663
2457
892
2457
1654
2457
899
2457
1013
2457
774
2457
376
1703
2957
1703
953
1703
591
2665
1235
2665
3328
2579
2598
2338
1316
1399
1468
2916
264
2763
3099
2763
923
2763
934
2973
599
3064
1736
985
357
985
210
83
3389
1722
840
1075
428
1075
1310
1879
995
994
949
621
2698
621
3383
2607
3383
2607
2602
3372
888
1347
1411
543
763
543
389
1534
1848
1534
2211
2598
2216
2598
2500
2598
1478
1720
611
633
2358
3402
1188
3402
3156
3402
1045
1389
634
1444
3316
1693
3316
1693
2304
1426
1973
1426
2318
1426
292
2974
3409
2622
257
2622
2178
1437
692
1437
2987
2764
1481
1169
233
1169
493
845
1408
845
672
845
1217
845
542
845
823
845
893
845
576
845
1189
845
2667
1939
1371
2804
1000
998
2257
3155
313
3155
1912
3155
609
2093
3132
447
1986
447
2716
447
3384
2956
1181
408
1682
408
2891
408
1182
408
2159
408
527
860
1500
319
3401
367
2927
367
2726
367
2596
367
565
1815
1844
1815
571
2120
295
296
690
2269
1673
2269
644
2434
1410
2434
2309
2558
950
1997
355
1997
837
801
839
801
854
801
2089
801
1319
801
426
801
2100
801
2102
801
3085
801
1407
801
884
801
1411
801
585
801
504
801
1139
801
385
801
3065
801
404
801
722
801
1237
801
794
801
411
801
580
801
470
801
714
801
1412
801
763
801
761
801
429
801
793
801
715
801
600
801
767
801
797
801
403
801
555
2581
433
2686
132
129
42
129
1501
935
885
2029
739
2029
3010
2344
2607
2344
478
489
846
489
2578
2567
1754
2567
452
862
514
537
2566
537
663
675
459
2122
3086
526
528
526
1261
3104
2060
3104
1193
3104
2069
3104
1140
3104
486
3104
1060
3104
1236
3104
3281
3104
642
3104
3249
3104
850
3104
661
3104
1192
3104
2064
3104
666
3104
1054
3104
654
3104
544
3104
633
3104
537
3104
1138
3104
2078
3104
1144
3104
3207
3104
2063
3104
2065
3104
716
3104
2048
3104
1243
3104
1639
3104
1094
3104
2067
3104
1241
3104
1702
2872
702
2105
618
2478
95
141
196
141
786
3166
3277
3166
147
69
81
69
2522
2775
443
1228
2511
2965
1270
2965
686
1053
289
2673
1714
2487
2177
1449
475
2549
1440
1016
2695
1016
467
3075
2589
406
401
406
1031
2461
2111
2461
2869
2461
3262
1111
3003
1111
2219
957
1097
1678
1097
1678
1385
1138
2103
1138
531
1138
2232
2199
2009
2199
2217
2199
44
115
1091
763
65
2705
1968
659
2078
661
1612
654
1612
3246
711
1641
711
2353
2492
2206
2492
2952
2492
2732
2492
2233
2492
1901
2501
2554
1954
97
62
2765
2238
2761
2238
1751
2238
1102
1299
2390
1299
783
1299
652
653
3269
653
1734
2349
2450
1610
1196
1610
541
1771
727
3005
37
119
790
1786
895
1786
2713
3206
2595
2328
313
314
3428
314
864
3280
2921
1705
2186
1705
1712
1705
1318
1705
1713
1705
2331
1705
1164
2986
356
2986
557
560
3153
560
984
983
984
983
1363
1073
2464
1073
1401
3268
408
3268
2633
2632
298
1326
736
1337
2136
1234
3092
1234
2878
1234
3273
545
785
545
1746
3185
2982
3185
2762
3185
274
3185
3130
1289
2898
1087
2553
2459
1427
2459
779
3277
2472
3277
783
3277
561
562
3022
562
2475
562
1289
562
947
977
2911
977
3345
977
1335
977
1128
1661
2681
1661
1670
1661
3180
1469
3181
1469
3181
1469
1089
2551
1060
2656
2078
2656
612
635
2294
1247
2297
1247
1415
1144
2129
1144
3019
1684
1452
1695
1450
1974
3303
2095
3279
1966
3279
1966
497
2084
1692
843
3209
843
269
2542
2670
2542
3011
1948
1340
1948
1646
1948
335
1948
3039
1948
1647
1948
389
1948
1851
1948
327
1948
1848
1948
3272
1948
744
1948
769
1948
1315
1948
1201
1948
344
1948
1206
1948
369
1948
349
1948
1956
1948
1280
1948
416
1948
288
1948
1334
1948
317
1948
757
1948
1953
1948
1955
1948
742
1948
1073
1948
2068
1948
365
1948
1849
1948
1390
1948
3244
1948
568
2061
61
97
2094
1579
899
1579
921
2600
3369
2729
3369
2732
3369
2480
2147
1990
687
2922
687
3364
687
1989
687
1985
687
1988
687
2256
2244
2981
2244
2765
2244
2015
2244
3289
1813
778
1813
2246
2499
2013
2499
1314
2674
933
2240
3399
1425
673
387
396
638
2369
635
2369
2199
2334
2245
2237
2414
2226
1902
2226
1755
1751
1469
2189
694
2189
308
1453
2470
2703
2470
3136
2470
2160
2470
3122
419
2925
419
2926
419
420
419
266
267
1432
3069
1430
3069
1332
3069
478
3069
402
3069
897
3069
3295
3069
1422
3069
3248
3069
1419
3069
831
3069
1374
3069
877
3069
3202
3069
410
3069
3264
3069
1417
3069
851
3069
2113
3069
773
3069
1424
3069
1418
3069
3251
3069
579
3069
1199
3069
1677
3069
3296
3069
1312
3069
3284
3069
1421
3069
1433
3069
3214
3069
846
3069
1894
407
959
407
957
407
958
407
1428
900
1105
900
1108
900
895
1509
902
1509
2957
956
3357
2555
3015
3312
228
3312
918
3158
716
2800
1241
2800
2219
958
991
2486
2481
1017
1368
1051
3048
3100
2610
3181
568
902
1301
795
906
795
907
795
2047
795
3287
795
792
795
741
795
790
795
895
795
1204
795
818
795
856
795
2080
795
575
795
409
795
2079
795
1197
795
2050
795
3255
795
417
795
1084
795
1143
795
1048
795
2083
795
2057
795
2085
795
1107
795
862
795
900
795
902
795
368
795
348
795
3094
795
807
795
1002
1218
1448
1218
820
1218
1877
784
2168
3167
514
3253
1669
3253
513
3253
2383
1113
3276
1113
2130
1113
2618
2959
1907
2769
912
2769
709
761
2697
268
3125
2999
3427
2999
2046
1787
898
1787
1901
2409
1052
713
710
713
689
3207
3331
2318
371
1550
361
1550
254
2710
2893
2710
2893
1207
3060
832
651
658
651
898
1773
2284
1773
2599
3198
2599
3198
2995
2760
2980
2970
1495
2970
1332
1552
3251
1552
131
146
129
146
911
2014
884
3222
1398
3222
385
3222
715
3222
980
625
624
625
1421
1246
1735
3386
3146
3386
549
3386
2887
2465
622
981
345
2657
337
2657
410
1071
1199
1071
1375
3071
1376
3071
3397
3071
290
2978
2909
2894
1857
1086
1653
1086
966
964
241
1482
2912
976
946
976
3012
3276
430
2648
2317
1224
916
1224
1870
1224
2702
1224
3046
2961
2143
1327
1200
1359
264
2771
510
1663
3286
1336
3286
1336
556
778
445
3179
2510
1480
1905
1480
305
2987
20
188
218
188
3112
3351
273
274
421
429
266
597
841
3007
890
2897
397
1703
397
987
397
986
397
2415
2236
2768
2236
2183
2324
262
2227
358
2227
2747
2227
1487
248
283
2992
1690
3001
3209
3001
2141
3001
624
2063
2578
2382
1754
2382
2360
2382
924
923
1432
1811
3248
1811
3250
1570
2282
1570
31
94
931
1989
686
2336
686
1985
686
1995
686
867
2146
608
2146
805
3286
892
3206
892
1336
892
2885
459
1028
459
1873
459
1029
459
2705
459
2404
339
2209
339
322
339
2168
671
999
671
1969
671
998
671
73
199
113
91
2241
2505
732
1753
3211
3254
2012
2008
3127
2008
2879
2380
2125
2380
2175
1967
2047
1572
2057
1572
271
2670
202
159
153
159
103
159
2724
1209
1471
1209
1038
1209
3060
1209
216
185
79
185
1856
2101
2565
822
1333
822
205
88
84
88
1901
3142
3186
2006
3187
2006
760
1850
3278
1850
2679
1850
2686
1850
306
307
3130
2474
2155
2699
1031
793
2111
793
2869
793
1320
1518
1077
1518
1448
820
1448
820
39
112
2387
1852
702
1115
46
90
2517
2917
2631
2917
2380
715
2132
715
1853
2456
2377
2456
809
3232
3045
600
2557
600
2558
600
398
2659
3342
2585
759
2309
3298
3283
1491
2418
1910
2418
263
2418
362
368
105
136
88
136
3030
2908
1708
2908
2043
1775
730
1775
14
3152
3151
1345
1701
601
602
347
354
340
354
1977
1427
2475
1427
2474
1427
1095
1259
843
1259
589
1436
619
623
3299
623
617
623
915
623
3358
1870
2757
3420
2620
3420
3185
3420
164
163
558
1642
2916
1182
515
541
2102
590
1412
590
2749
1730
2967
1730
664
1665
507
1524
899
1524
595
3284
896
1346
669
1346
493
1346
672
1346
1217
1346
542
1346
519
1346
823
1346
893
1346
453
1346
1059
1346
576
1346
1121
1346
645
1346
3174
1346
640
1346
1344
1346
684
1346
469
1346
1189
1346
705
1346
1096
1346
845
1346
3166
1346
636
1346
1331
1346
1173
3387
516
3387
871
3387
2590
1872
448
1872
3340
1872
2482
1872
1711
1872
2487
1872
2507
2606
3047
2606
2281
631
1196
631
3302
2701
2929
1180
1459
1180
2483
1691
1279
2692
2457
1640
1358
592
1642
592
940
1732
2746
1732
3270
536
787
536
235
2948
3086
527
528
527
2310
2132
237
239
685
2091
3233
2040
1954
2040
2573
2566
3292
2661
925
731
2280
2462
2280
1092
2019
765
2019
950
1996
19
217
218
217
1049
2687
980
2065
2149
2130
804
803
1445
2473
523
3149
297
276
2424
2916
2159
2142
446
2882
446
903
446
3321
446
2147
446
1083
446
3162
2042
3161
2042
2227
2957
955
2957
2395
374
373
374
983
374
2851
329
287
329
1164
3424
2261
3424
2519
3424
1163
3424
2993
3424
3434
3424
937
3424
1339
3378
1271
3378
354
366
524
2282
1683
2678
342
348
1488
1755
2017
1755
2016
1755
327
2527
317
2527
2285
1776
764
1776
303
3196
1348
1764
1300
1764
2995
256
2412
1109
1781
815
1781
2509
2614
2505
2614
2352
2614
704
716
451
2054
309
2518
2735
2491
3217
2502
3034
2502
1903
2502
649
657
3329
657
2323
1978
1154
2539
882
2539
2131
3210
2309
3210
3388
2410
2080
1549
368
1549
374
2068
1328
1668
1327
1668
591
2808
755
2808
388
1011
1656
1011
2378
2462
2302
2462
165
150
83
150
2568
1057
560
1654
461
1928
3117
2305
1116
3303
1116
1355
1512
822
1512
2897
401
1468
401
987
401
986
401
1878
3320
954
953
954
953
1666
767
1236
2817
2048
2817
3332
808
1261
1510
2060
1510
1204
1838
2057
1838
474
899
1483
2629
3139
3108
1486
2005
2753
2005
2741
3377
962
3377
961
3377
579
1817
1433
1817
354
365
1436
2379
1213
683
759
2143
1337
1758
903
445
3321
445
2147
445
1083
445
2162
445
3435
3430
310
3430
312
3430
309
3430
3431
3430
313
3430
923
3430
925
3430
434
432
1014
432
2885
460
458
460
1029
460
3143
460
3425
1756
1489
1756
3109
2221
1900
2221
2964
2221
671
847
1885
340
3390
340
2931
340
339
340
2867
391
383
391
2555
391
1667
391
3408
2233
3217
2489
3034
2489
1903
2489
2671
677
676
677
891
3026
2561
3026
1859
3026
906
535
2079
535
9
1965
1961
1909
263
335
2541
344
2541
496
2646
790
1569
575
1569
573
2048
94
125
155
125
3190
937
2424
937
926
1019
430
466
2066
2197
889
2939
889
1467
889
3339
889
2357
3407
3073
3407
1876
462
2394
462
1875
462
2396
462
2488
1984
2332
1984
2930
1984
1213
2074
341
342
336
342
3171
1995
963
1995
1398
3225
801
3225
459
1674
3009
3368
3383
3368
2607
3368
2881
1666
476
1666
1087
1666
1088
1666
1689
1333
2884
1333
1684
1333
738
1479
3418
1479
2508
1479
2235
1479
969
1345
1463
1345
967
1345
965
1345
964
1345
1211
2552
3292
1934
1226
1934
3266
1934
597
1648
98
43
3167
3315
3160
1077
1860
1077
2692
1077
3079
1360
54
954
987
956
987
953
987
1734
2613
2695
1435
2002
2736
3033
2736
2956
2736
5
1754
2631
2425
2631
695
1243
394
814
975
973
3341
1083
835
3398
2005
3398
2058
1362
2553
1844
1427
1844
718
1321
3270
1321
3200
1321
1947
1321
2685
1321
3275
1321
1674
1321
416
1628
1073
1628
2239
688
3156
688
2243
688
248
688
41
128
84
128
3174
2528
705
2528
202
172
53
172
128
172
2902
2310
2901
2310
3335
2310
2134
2869
2715
1707
2591
1707
3090
1707
2136
599
2154
599
3092
599
2878
599
3270
1538
791
1538
1317
2537
1141
2537
1696
2312
826
3240
746
3240
2038
3240
1288
3240
690
3240
775
3240
1673
3240
798
3240
778
3240
1668
3240
3213
3240
656
3240
2864
3240
2588
2900
562
1104
1747
3093
844
819
2169
704
3347
704
1212
704
2685
2438
1292
2438
2562
2860
3380
796
959
796
957
796
958
796
986
796
3124
2619
258
2619
132
140
98
140
148
140
1050
1212
2712
1212
2719
1212
1051
1212
2161
2107
1381
2107
3311
2107
3410
955
2748
955
2848
2447
2543
2447
212
73
5
73
2459
1849
6
167
212
167
552
1210
2229
2003
962
2003
961
2003
2903
2695
301
3021
3330
550
3330
2192
3330
3204
1088
547
2793
360
363
347
363
3290
3094
2166
685
687
685
3338
2145
2685
1634
1668
1634
873
2871
662
2871
1092
2022
2084
2022
3368
694
3203
443
3048
443
2890
443
1017
443
2145
443
3125
806
2733
3036
118
107
92
107
2749
3406
2967
3406
1863
2129
2170
2160
242
2201
521
1471
521
345
3235
2046
3235
3164
3235
337
3235
2283
3235
1198
3235
583
3235
898
3235
370
3235
2284
3235
1371
3235
2296
3235
2072
3235
1092
3235
328
3235
1258
3235
3212
3235
3322
3235
852
3235
2053
3235
2292
3235
2290
3235
386
3235
830
3235
765
3235
1228
3235
2673
3235
2084
3235
2061
3235
396
3235
1086
3235
366
3235
814
3235
829
3235
556
2097
3333
2582
325
330
316
330
1499
265
1952
2279
330
2279
2376
2020
2280
2020
1366
1544
3314
1544
2502
3376
2972
2235
2978
2235
1340
533
3272
533
240
290
291
990
1993
1722
1993
1472
1993
2716
2162
850
2794
1241
2794
1261
2039
2060
2039
1193
2039
2069
2039
1140
2039
486
2039
1060
2039
1236
2039
3281
2039
642
2039
3249
2039
850
2039
661
2039
1192
2039
2064
2039
666
2039
1054
2039
654
2039
544
2039
633
2039
537
2039
1138
2039
2078
2039
1144
2039
3207
2039
2063
2039
2065
2039
716
2039
2048
2039
1243
2039
1094
2039
2067
2039
1241
2039
2591
1098
2327
1098
331
332
2931
332
1441
332
339
332
2735
2726
985
2726
2919
3345
3352
3345
2759
2621
570
1343
2220
1179
2205
1179
623
1639
2683
698
690
698
888
547
301
2946
1709
1335
3016
1335
1406
1262
2455
1262
2862
1262
691
1421
2968
3145
3154
3145
2187
2588
1707
1697
1707
1697
2107
1245
2106
1245
629
637
974
637
3313
637
973
637
2063
626
308
3433
875
589
3330
589
574
1433
2614
1729
583
1260
2290
1260
1735
2597
3146
2597
549
2597
867
975
3286
1094
1336
1094
2863
1094
1455
1869
3358
1869
1871
1085
3307
1085
1227
1400
2678
1400
1963
1400
3134
3152
1842
378
364
378
583
1794
3212
1794
775
2536
1292
2536
1114
1785
1115
1785
2588
1706
312
2252
571
3213
433
1402
496
3231
436
3231
473
3231
1203
3231
3236
3231
457
3231
464
3231
444
3231
3239
3231
450
3231
1202
3231
541
3231
430
3231
2254
2250
3155
2250
2518
2250
836
1618
1112
1618
524
2875
3017
3323
1440
1015
906
500
2050
500
1494
1909
3051
739
1347
1798
1300
1798
638
2446
1190
2446
2171
405
1182
405
401
405
853
3395
3265
1150
2110
1150
2473
2689
2115
502
2117
502
708
2106
2611
3141
2410
3141
3376
3141
941
3428
311
3428
306
3428
2866
797
2464
797
1074
797
3024
2001
2997
303
293
303
259
2625
2628
2625
806
2625
2680
829
2868
829
1672
829
3045
1152
2557
1152
2558
1152
1183
3324
2883
3324
2873
3324
352
361
2050
490
3094
490
1858
441
2307
441
1967
441
1736
322
1059
2272
684
2272
564
1788
582
1788
377
384
383
384
2758
2225
3185
2225
357
3423
3196
3423
874
523
2713
523
387
395
397
395
1301
1942
3255
1942
219
204
803
2030
789
3028
1365
3028
2059
3028
3066
3028
3175
3028
878
3028
2043
3028
3273
3028
1366
3028
2285
3028
2062
3028
346
3028
2293
3028
350
3028
858
3028
2291
3028
1283
3028
752
3028
334
3028
730
3028
2075
3028
2073
3028
2289
3028
3314
3028
785
3028
1106
3028
2081
3028
777
3028
764
3028
415
3028
371
3028
2549
3028
1359
3028
361
3028
2164
1965
3061
1965
2318
1965
319
320
1450
320
1676
2096
3065
492
767
492
2453
859
3028
859
3018
859
2071
2270
1055
2270
2562
2119
1707
531
1697
531
1452
531
8
80
73
80
38
51
196
51
150
51
70
195
135
195
127
173
94
173
163
173
3382
3037
3432
293
3367
1991
886
2662
1658
2662
453
1940
643
1940
812
1940
2092
807
2675
807
808
807
205
104
1379
1624
1057
1624
3238
3229
859
3229
2079
2032
3255
2032
1322
1390
2299
1390
3151
1390
3011
1341
1340
1341
1646
1341
3039
1341
1851
1341
327
1341
1848
1341
769
1341
1315
1341
1201
1341
1206
1341
416
1341
1334
1341
317
1341
757
1341
365
1341
914
2702
2935
2596
985
2596
2946
2596
232
1170
254
1170
3262
2691
2075
1804
2073
1804
3367
2718
3171
1719
1872
1423
1725
1882
687
1696
612
636
978
627
357
2938
2986
2938
2499
2938
2061
1392
2313
3214
2132
3214
202
158
102
158
1349
1172
255
1172
232
1172
786
1431
21
22
376
3379
1095
546
3253
546
1883
1880
236
2947
2742
1325
3144
1325
1729
1325
2405
2727
19
78
219
218
17
218
3403
2610
688
2610
3035
3139
1906
3139
402
3221
1422
3221
1944
3221
1199
3221
465
2114
648
656
3298
1302
2241
2350
3103
2545
3014
1609
3297
1609
3176
3188
795
3188
802
658
2215
658
2343
658
1179
658
214
198
32
81
162
50
91
50
163
50
1244
717
3288
717
3066
1783
785
1783
1118
3243
440
3243
842
3243
2121
3243
780
3243
824
3243
2118
3243
3260
3243
1229
3243
2112
3243
2110
3243
3304
3243
1090
3243
3267
3243
2115
3243
706
3243
3282
3243
2117
3243
1162
3243
2120
3243
675
3243
2122
3243
2105
3243
3280
3243
1661
3243
1116
3243
3026
3243
1104
3243
2107
3243
1085
3243
2106
3243
2096
3243
2114
3243
2108
3243
1076
3243
2175
2903
2173
2903
522
1300
2500
3197
833
1777
892
1777
2511
2352
1270
2352
924
2989
89
36
70
36
197
36
2521
278
277
278
1195
2526
628
2526
2211
3365
2216
3365
3197
3365
3128
748
154
48
34
48
408
1013
2405
2200
1188
766
2627
766
349
2635
365
2635
78
189
218
189
2631
1450
2866
774
2464
774
1074
774
827
2816
815
2816
3206
2863
3110
3182
1900
3182
2964
3182
30
155
2403
3090
3091
3090
2200
3090
393
403
2877
1117
1119
1117
2689
1117
52
102
1881
951
1052
3311
715
2790
2568
1058
1728
2202
875
3333
780
1918
1364
1918
3116
2181
1452
2166
1056
1345
1056
1898
1714
3413
1714
3108
1714
305
646
2067
842
2370
2108
2370
680
2108
1016
1582
441
1582
2498
2495
3398
2495
1890
2190
1692
2141
2178
681
997
681
1499
936
869
420
1479
420
927
1422
2647
597
2864
1846
3219
3109
2223
1899
2223
1447
664
1001
664
231
3027
1994
3027
1349
3027
392
393
383
393
3336
525
2871
676
2006
2231
3067
3382
3399
3382
1759
1757
3426
1757
288
2372
317
2372
493
1580
1331
1580
475
846
260
2991
1698
3334
1718
2192
3037
2192
2148
1963
1853
261
1457
422
1021
422
916
422
1022
422
1148
3002
1147
3002
2095
3002
3210
1816
3002
1816
789
3018
1365
3018
2059
3018
3066
3018
3175
3018
878
3018
2043
3018
3273
3018
1366
3018
2285
3018
2062
3018
346
3018
2293
3018
350
3018
858
3018
2291
3018
1283
3018
752
3018
334
3018
730
3018
2075
3018
2073
3018
2289
3018
3314
3018
785
3018
1106
3018
2081
3018
777
3018
764
3018
415
3018
371
3018
2549
3018
1359
3018
361
3018
283
284
2292
2638
366
2638
25
294
295
3386
1470
2985
754
498
1331
709
1292
927
2772
3371
2737
2349
2737
2613
2737
3407
2962
587
768
873
1425
662
1425
3389
1472
2385
1076
1435
1076
1015
1076
987
986
987
986
642
1064
633
1064
2099
1924
3261
1924
375
1924
1311
2904
2357
3072
3073
3072
3259
3244
103
57
713
1241
571
1290
972
971
972
971
1702
3309
824
1081
1229
1081
557
559
3153
559
28
29
211
29
2594
1708
2594
1708
1325
2728
2564
1667
300
1323
