3217
3009
1401
914
3363
2944
2932
718
2313
2724
1744
3262
3208
2851
2251
1834
606
2415
2520
501
3318
837
3291
1151
3034
826
2810
3302
2842
2002
789
3096
3327
1118
2796
1858
3110
1917
747
2000
1213
1515
1856
2136
532
2127
76
4
440
908
491
867
360
3033
333
2031
205
345
724
3011
1992
2163
799
1738
465
2849
530
2271
194
41
321
2046
2023
442
72
3408
362
435
2286
1828
55
1941
1990
2515
243
1432
3289
1171
1340
1391
2943
122
2825
1186
1646
1365
2723
1430
27
1124
1342
1864
3125
3417
1876
619
1881
59
596
1736
1263
1727
3247
2907
40
2315
3193
2530
1769
2351
1301
3238
208
2898
1556
46
2413
2734
709
1558
2922
1617
38
2201
1109
952
3337
154
2440
614
2858
2
1451
2881
3328
906
3393
2709
950
1215
2867
2644
1513
3024
2572
421
3045
680
2191
2140
262
1749
2371
2232
343
2165
463
335
2386
2025
3425
919
260
2142
682
896
1581
2059
2230
245
2643
3023
433
2745
1564
1576
176
1242
3135
3416
1330
2590
1471
1363
1659
3194
1486
608
1082
972
567
1240
1291
1332
2879
1265
2733
1080
2835
2616
970
2711
1405
2741
1616
478
1780
3436
1557
649
2353
2523
1303
3357
1782
2906
1904
3246
2411
3041
2255
505
2831
759
2715
2203
1010
1378
2813
2866
400
907
1155
3052
1453
1049
568
2752
1012
3348
554
3113
402
3336
1888
1511
3131
423
495
1962
2193
484
1577
2814
669
3030
2373
897
390
2739
341
461
2220
2035
109
929
137
2387
1809
325
170
1960
1583
3039
2275
392
3114
1945
2222
1898
839
124
431
1395
2720
1384
2617
1175
1473
2940
33
2829
1322
1361
105
2885
1487
1293
574
2524
142
566
3129
2608
1069
1320
3343
548
1885
1894
979
3356
607
2511
1699
3190
638
2178
2533
1403
3082
1824
2594
2355
2311
728
854
3015
1588
1305
868
2782
2253
3216
746
1857
3381
2443
503
3088
2205
3121
1153
1455
1916
302
3326
1128
2797
1604
3097
836
2821
827
1278
2788
2099
1038
300
1211
147
2375
644
2855
2287
2184
493
425
2444
1818
2195
2047
331
2509
2033
292
2161
520
848
1585
734
3020
2273
1594
2640
323
2021
874
7
866
2089
522
2137
1943
241
2126
290
3172
3119
597
1173
1475
1737
1726
1393
2534
1689
629
2593
24
1877
1420
181
1134
539
1598
3295
1295
2730
1647
1187
1284
1044
2819
1883
1422
152
1261
2571
2676
1414
901
835
3257
762
1050
3163
3394
2882
1517
399
1458
745
214
2206
1052
760
1915
1456
1009
3248
1551
514
2921
2450
652
1306
3401
2888
2984
1779
2417
133
2358
3371
3203
1613
2654
3390
650
2356
2897
1319
1070
1367
2712
980
1408
563
1296
2569
166
3055
2983
1072
1725
1476
2755
982
1464
2653
3204
2600
1481
467
891
840
508
1586
347
209
932
2560
1810
1571
865
3164
1959
2919
2125
672
389
3412
2376
2219
2364
842
2196
426
930
437
1812
2381
670
184
12
2100
833
299
2954
3360
1851
2480
1018
2806
3106
2102
506
1158
3292
2841
64
1314
1217
3301
743
215
2684
1913
821
1156
3287
228
2852
2317
2214
2258
3261
114
601
1702
2256
3066
1615
2976
1406
2913
2766
3278
86
2931
3364
1700
3175
143
565
1871
1731
1886
540
591
1024
1692
3270
632
2914
1396
1723
1419
1267
1164
1308
1176
3409
542
1181
1690
1641
630
2839
3299
3259
2041
2090
326
2477
337
234
2208
289
2276
2264
3085
2167
2953
1946
2123
863
2281
3012
496
2092
519
2468
2131
247
2785
2683
2036
2027
2929
831
1254
1157
1999
3160
2798
938
905
792
2564
1853
2822
1268
1216
3107
67
507
1028
2807
3352
3122
741
790
3098
1488
1911
2404
823
878
1555
3058
2781
603
32
2453
3169
1407
2767
2977
2257
2154
117
3067
2604
2168
2316
3200
2758
2968
3081
2512
1504
3286
2388
1873
2980
1248
620
944
95
1429
1733
1266
3305
2454
2845
1274
1177
593
1397
1034
622
1721
1887
2603
2650
2398
1339
1494
1643
1183
1485
99
2037
2043
3171
2026
884
1989
802
895
529
2563
2935
2121
246
861
1575
2283
497
2779
2148
3079
3265
1947
2133
800
2174
2277
2166
2394
1498
171
439
327
224
359
2385
336
2476
15
3132
2483
903
1457
2668
2304
2207
1855
578
1516
1112
949
2751
3051
3256
1354
825
1188
2677
1110
2832
1368
1553
3042
3274
710
1772
2357
2896
19
2288
2416
605
712
1611
1770
454
1204
1307
3349
2742
2910
468
3273
180
1662
561
1875
1079
969
3344
2749
2298
1239
1735
1477
584
595
1660
1348
1185
1645
1194
3049
1483
1297
1329
2575
1366
1374
893
2484
2045
1573
2294
2197
2950
427
2285
259
436
920
1752
2060
2377
2229
2680
2135
448
3340
922
2383
1198
2139
679
466
2062
1750
474
2925
1587
346
1373
1669
2618
2514
577
1484
962
1193
1495
2439
1929
1035
1220
2696
1461
2591
2602
1897
1275
583
960
2710
85
1387
809
2627
1839
898
1222
945
2868
473
2175
3403
225
2384
2395
272
2529
2361
3124
165
2322
2562
2824
89
2877
1566
1574
2293
487
3373
270
1979
894
885
1548
2320
2069
2441
1478
616
2589
2405
219
1353
1649
557
3123
3435
780
2945
2823
2303
2725
1255
2880
1411
3146
904
782
144
252
183
2531
2378
2010
1203
2513
1759
1505
453
2155
1907
3035
250
2452
2012
1568
2049
888
511
3236
1554
1195
818
1644
1184
1493
1287
2637
2744
1375
2809
1520
1161
1033
1047
179
1021
594
3109
1273
1734
585
1848
2628
3044
3272
1126
943
1137
1522
1089
1866
1874
1629
223
689
2547
2393
726
737
2834
475
3010
2173
1597
2134
2420
877
370
647
2284
2187
2295
3195
598
1539
2538
2261
3134
2422
883
372
2044
2519
231
2996
2811
127
824
2403
2735
1178
1638
3290
699
2833
1607
1311
113
1355
2305
134
588
1854
1728
3133
3316
2482
3111
1253
1868
1205
1503
2645
857
3025
2743
350
1746
3226
2128
916
455
2497
2153
2278
1827
2850
1836
352
168
3355
2521
604
63
3043
2211
2488
2038
1099
132
1867
3115
118
1440
1908
1491
1127
1532
1136
1465
738
1799
992
1163
162
1724
2652
1031
3384
3418
1442
1023
1046
70
1271
2982
1530
941
2713
990
2815
828
2636
1286
2731
16
2997
2340
2391
2171
3189
2432
2525
2365
379
120
3429
646
2186
3380
876
3427
864
2342
2124
2884
157
2430
210
2988
1
727
3021
2263
736
1596
881
233
68
1619
2641
2546
1914
3120
2401
3317
744
1313
1718
3162
3308
2883
2729
1415
1606
834
1251
2820
3218
412
1501
1789
2510
1002
3202
1826
2151
3191
1837
3019
410
917
2496
858
3227
2118
2639
856
515
2714
2213
1000
1747
1232
1371
749
2688
1191
1680
1140
1386
2626
2721
1463
2941
1165
1230
2697
1059
581
1896
1682
1142
1919
1025
3415
576
564
2445
2854
471
2330
3426
2682
2242
3013
2876
1972
1567
2082
1608
486
3031
659
3294
2363
2332
2291
2240
235
1970
2080
2535
2265
279
2952
3147
2719
2939
1351
3014
2830
769
42
3293
1315
197
71
556
2595
3138
3130
2301
617
558
1709
1413
3237
1952
2109
3029
1201
310
96
451
1614
2912
2740
0
1950
202
121
1906
3228
312
3040
513
2853
2215
3006
382
1944
169
1620
2248
873
2397
2754
324
227
3361
236
2274
2177
1593
3205
733
2266
2429
380
887
721
1622
2034
3054
485
2183
643
494
2339
1398
49
1895
1802
3
3076
989
1884
1026
3271
1043
1037
1283
1497
206
1861
575
2557
1121
2479
1529
1800
1133
947
3165
1148
45
2548
1385
1439
498
1394
1166
2776
2966
1174
1277
1792
28
1905
1938
999
3260
2254
2157
1831
2498
1507
2522
409
153
318
2216
2268
853
2507
1790
1741
2028
1823
1404
911
488
2930
3112
555
1878
2481
178
30
2407
2753
3269
2655
1603
2467
216
2985
1257
3053
1154
1388
3186
504
2458
2840
2812
3300
1316
1168
1969
2079
1561
875
280
662
2587
2449
3173
3374
1595
2915
477
1584
735
2666
2561
2239
1298
2578
37
2348
220
660
282
2374
2366
3404
2329
2194
2297
483
2185
645
424
1045
2784
1893
3400
1229
1377
1060
752
1920
1285
573
1197
1294
2592
1448
2706
31
193
2601
1135
3391
3370
587
1474
750
1062
1466
1679
1139
2198
175
1922
1383
3084
457
2783
79
1903
2685
2559
2920
1949
2112
516
1578
855
1304
1207
2451
2354
3156
2368
2110
2532
2188
309
1825
2955
418
3083
75
1357
772
1710
3174
553
1605
1416
2570
1288
1454
770
611
1712
1468
56
2599
2204
2307
2442
269
2296
1563
2951
434
2408
2658
1980
2367
2070
2319
34
2667
3032
3304
2844
2455
1982
464
476
344
2072
725
2681
2586
211
11
187
481
2909
1932
192
586
1508
1891
1840
1467
1672
1125
959
3264
1865
571
2707
810
2942
1930
2934
1196
1842
1364
1219
2722
1376
3422
1670
2698
1381
812
1835
428
1901
2414
249
2949
3263
2050
1762
3157
2679
2565
1206
2933
1745
458
338
2911
517
3148
2009
456
915
1760
2052
2306
1652
1514
2750
551
2605
1650
613
2843
3303
1358
3341
1417
779
3050
1356
244
2642
2574
3022
871
1565
1632
2998
3170
23
692
2024
1591
1540
886
731
2176
2308
2267
2164
2419
723
369
2396
226
237
334
3199
1630
213
2181
690
641
3007
1542
3419
1167
1264
2967
2732
1276
2777
1208
1090
1041
2924
3159
1281
1863
2981
3068
1123
946
3383
2651
2556
1131
1519
1092
1496
2958
2768
1027
1036
2485
123
3077
10
238
1100
1833
2923
2018
106
2506
2780
851
3201
1743
2314
3080
2217
3192
2158
1506
1102
328
1821
2156
913
349
1258
1317
1214
2979
2573
3187
8
1256
702
1601
3161
2466
3178
2406
615
2649
3275
700
2071
2663
1981
283
111
201
2975
2765
2246
1625
3176
1976
482
1964
2086
53
44
1778
394
663
2336
2359
385
2327
2224
2471
277
3065
480
3279
1227
1324
1236
1890
1841
3105
570
811
1923
1382
1063
2550
398
1459
1892
1805
1146
1686
3385
1931
572
967
1380
126
1008
2805
3154
2703
753
1671
1956
2937
509
1900
2051
2017
1958
3212
3258
2786
2500
1784
388
3086
2218
1795
1902
316
2928
3281
1761
2113
2704
2469
3153
257
3267
550
2847
3307
1318
3389
2664
1713
787
1409
404
552
2460
2838
773
3298
1651
3322
3362
1014
870
377
229
1623
294
2436
2259
285
2427
2889
730
1590
1541
642
2182
3003
3410
872
2346
3184
524
665
383
732
2580
1592
640
691
2180
1631
1040
1091
298
1132
1527
1536
1065
996
3073
1019
1280
1925
2963
2773
3414
1042
1446
1159
1424
3249
1803
2675
1130
755
1282
416
2918
1101
288
2209
850
357
3392
1006
2902
3074
3242
1822
2891
2774
3359
2964
518
6
74
2927
1793
2115
852
110
1820
92
2568
2756
304
1715
1600
3332
3004
775
2862
1418
3183
2577
108
1309
3056
190
1602
701
3251
161
1621
1994
879
2075
722
1985
3342
534
1543
131
2660
2347
2895
720
381
2169
39
2437
2426
444
693
2464
376
2389
1633
364
1093
2669
2504
3255
1998
939
1845
2612
1434
1269
1120
815
1860
1447
1029
1935
2700
61
196
1801
997
1526
1675
1122
1537
35
1862
1489
1344
2553
103
2503
1830
1103
3421
1988
1742
2926
528
912
2055
77
2149
1832
3150
356
1007
1740
1791
1765
417
1499
438
910
358
2554
1249
3057
2004
1428
2671
2576
2748
3048
1655
149
2757
2399
1338
26
2463
703
3000
3168
2073
1983
281
1560
276
2289
221
264
3285
3059
1545
2337
2234
2326
2759
2969
661
47
1562
1977
3177
2583
2087
695
684
2144
2247
1635
469
1843
3070
1084
966
1095
974
813
1244
1147
1687
1921
203
579
1061
948
2799
3339
3099
1933
174
1189
1226
751
1334
1237
1369
2960
1673
2770
256
3266
3061
2778
58
1105
317
2475
2053
258
3087
156
2228
2787
3354
2016
449
2761
1763
3078
2971
1199
2138
678
1957
2936
2111
1711
612
2792
1078
968
2801
2299
1238
3350
60
3432
954
771
610
1349
2584
1653
3092
705
3101
139
3180
1328
3306
2846
786
66
1272
1441
1490
3224
2859
2717
1030
2620
942
1523
3413
1225
788
1531
1119
1270
1859
1492
1096
82
965
1032
3329
624
18
1807
991
940
2708
2170
84
2341
2390
1627
2870
101
200
1636
373
696
882
2423
719
804
2993
2431
2172
3314
20
2392
222
3239
2899
275
2325
387
880
1546
116
3252
2400
2887
2615
1252
706
2836
785
794
2861
3331
2994
2878
2402
3313
3136
3396
618
1250
3358
353
909
3434
1500
2015
3223
2150
2746
798
1739
3241
2901
2892
255
1106
1502
411
3046
3431
2152
1829
1001
1797
3367
1927
1936
1141
1681
1190
2693
582
1108
2795
1370
1067
1676
1525
1664
1223
3319
1192
963
3234
1846
580
1372
757
1231
3095
2630
816
2292
2331
1754
470
2425
287
2472
1768
3008
375
2290
2241
3144
924
2064
1986
2076
472
2323
667
3017
708
1559
2081
3209
2540
273
1971
2302
1656
3126
1114
3321
783
1717
1658
3288
609
3397
52
1350
207
2300
160
3143
191
98
1352
777
3297
2826
311
1200
2013
2694
1748
355
2516
3366
3282
3388
1774
2857
450
21
1766
212
918
3233
100
1202
2490
2058
253
3211
1951
2117
2848
714
2056
452
3347
1445
758
1143
1683
817
1379
2623
1847
1221
756
1460
138
3089
1048
2789
569
93
961
1535
1677
1233
3325
995
1074
984
1462
1889
1066
1926
1937
2345
3338
479
2333
666
2873
130
3016
674
1987
2077
164
2360
3215
648
934
1814
2243
286
2435
2321
844
2362
2083
2990
271
1973
764
3296
776
2827
3091
3102
2874
781
3118
1412
1054
1716
2818
1068
2791
549
1410
3310
2802
145
978
1657
3127
2057
2508
313
2011
2624
2972
2762
668
3220
512
2116
3353
928
654
1808
2856
415
1767
251
2517
1953
3062
1005
1899
838
510
1806
148
1443
1694
1022
634
1685
1145
1097
3335
1521
1160
2690
1129
1533
2633
1235
2865
544
1020
3346
2716
2611
1279
2098
1039
993
1162
2494
386
2335
1547
3375
1698
639
2179
2343
232
371
2905
3245
2421
2262
729
2543
2433
1589
1626
1637
2245
697
2085
869
87
2094
230
1975
3405
2260
2828
1688
628
3137
1310
2544
538
1599
13
135
2837
707
2672
2886
2104
3140
2609
3128
1312
1796
351
2738
1704
1819
315
186
1107
3047
2212
2634
849
1955
413
2747
2088
3230
2493
1003
2210
3038
742
988
2803
3411
2103
830
2705
151
1055
1912
306
1528
740
791
2007
3250
832
1149
1910
1438
499
182
765
3103
3063
1004
177
2890
2249
414
2448
17
2428
655
2457
1703
2665
2579
2338
1399
2916
2763
2973
3064
985
83
1722
1075
1879
994
621
2607
3372
1347
543
1534
2598
1720
633
3402
1389
1444
1693
1426
2974
2622
1437
2764
1169
845
1939
2804
998
3155
2093
447
2956
408
860
319
367
1815
2120
296
2269
2434
2558
1997
801
2581
2686
129
935
2029
2344
489
2567
862
537
675
2122
526
3104
2872
2105
2478
141
3166
69
2775
1228
2965
1053
2673
2487
1449
2549
1016
3075
406
2461
1111
957
1678
1138
2199
115
763
65
1968
2078
1612
711
2492
2501
1954
62
2238
1299
653
2349
1610
1771
3005
119
1786
3206
2328
314
3280
1705
2986
560
983
1073
3268
2632
1326
1337
1234
545
3185
1289
1087
2459
3277
562
977
1661
1469
2551
2656
635
1247
1144
1684
1695
1974
2095
1966
2084
843
2542
1948
2061
97
1579
921
3369
2147
687
2244
1813
2499
2674
933
3399
673
396
2369
2334
2237
2226
1751
2189
308
2470
419
267
3069
407
900
1509
956
2555
3312
3158
2800
958
2486
1017
1051
3100
3181
902
795
1218
784
3167
3253
1113
2959
2769
761
268
2999
1787
2409
713
3207
2318
1550
254
2893
3060
651
1773
3198
2760
2970
1552
146
2014
3222
625
1246
3386
2465
981
2657
1071
3071
2978
2894
1086
964
1482
976
3276
2648
1224
2961
1327
1359
2771
1663
1336
778
3179
1480
2987
188
3351
274
429
266
841
890
397
2236
2324
2227
248
2992
3001
2063
2382
923
1811
1570
94
931
686
2146
805
892
459
339
671
199
91
2505
1753
3254
2008
2380
1967
1572
2670
159
1209
185
2101
822
88
3142
2006
1850
307
2474
2699
793
1518
820
112
1852
1115
90
2917
715
2456
3232
600
2659
2585
2309
3283
2418
368
136
2908
1775
14
3151
1701
602
354
1427
1259
1436
623
1870
3420
163
1642
1182
541
590
1730
1665
1524
3284
1346
3387
1872
2606
631
2701
1180
1691
2692
1640
592
1732
536
2948
527
2132
239
2091
2040
2566
2661
925
2280
2019
1996
217
2687
2065
2130
803
2473
3149
297
2424
2159
446
2042
2957
374
329
3424
3378
366
2282
2678
348
1755
2527
1776
3196
1764
2995
2412
1781
2614
716
2054
2518
2491
2502
657
1978
2539
3210
2410
1549
2068
1668
2808
1011
2462
150
1057
1654
1928
3117
1116
1512
401
3320
953
767
2817
808
1510
1838
899
2629
3108
2005
3377
1817
365
2379
683
2143
1758
445
3430
432
460
1756
2221
847
340
391
2233
2489
677
3026
535
9
1961
263
2541
2646
1569
2048
125
937
926
430
2066
889
3407
462
1984
2074
342
1995
3225
1674
3368
1666
1333
1479
1345
2552
1934
1648
43
3315
1077
1360
54
987
2613
1435
2736
5
2631
1243
814
973
1083
3398
1362
1844
1321
1628
688
128
2528
172
2310
2869
1707
599
1538
2537
2312
3240
2900
1104
3093
819
704
2438
2860
796
2619
140
1212
2107
955
2447
73
1849
167
1210
2003
2695
301
3330
1088
2793
363
3094
685
2145
1634
2871
2022
694
443
806
3036
107
3406
2129
2160
242
521
3235
2097
2582
330
265
2279
2020
1544
3376
2235
533
240
291
1993
2162
2794
2039
1098
332
2726
3345
2621
1343
1179
1639
698
547
2946
1335
1262
1421
3145
2588
1697
1245
637
626
3433
589
1433
1729
1260
2597
975
1094
1869
1085
1400
3152
378
1794
2536
1785
1706
2252
3213
1402
3231
2250
1618
2875
3323
1015
500
1909
739
1798
2446
405
3395
1150
2689
502
2106
3141
3428
797
2001
303
2625
829
1152
3324
361
490
441
322
2272
1788
384
2225
3423
523
395
1942
204
2030
3028
1965
320
2096
492
859
2270
2119
531
80
51
195
173
3037
293
1991
2662
1940
807
104
1624
3229
2032
1390
1341
2702
2596
1170
2691
1804
2718
1719
1423
1882
1696
636
627
2938
1392
3214
158
1172
1431
22
3379
546
1880
2947
1325
2727
78
218
2610
3139
3221
2114
656
1302
2350
2545
1609
3188
658
198
81
50
717
1783
3243
2903
1300
3197
1777
2352
2989
36
278
2526
3365
748
48
1013
2200
766
2635
189
1450
774
2816
2863
3182
155
3090
403
1117
102
951
3311
2790
1058
2202
3333
1918
3116
1452
1056
1714
305
2067
2370
2108
1582
2495
2190
2141
681
936
420
927
2647
2864
3219
2223
664
3027
393
525
676
2231
3382
1757
2372
1580
846
2991
3334
2192
1963
261
422
3002
1816
3018
284
2638
25
295
1470
754
1331
1292
2772
2737
2962
768
1425
1472
1076
986
1064
1924
2904
3072
3244
57
1241
1290
971
3309
1081
559
29
1708
2728
1667
1323
