3217
1743
3009
3010
1401
1070
1401
3201
1401
2865
914
2490
914
3365
3363
3383
3363
2607
2944
1325
2932
1178
718
704
2313
2906
2724
2494
1744
2246
1744
3423
3262
759
3208
2191
3208
1987
3208
1020
2851
318
2251
2989
1834
2053
1834
1228
606
3416
606
1485
606
2623
2415
2421
2415
284
2520
302
501
789
501
2549
3318
458
837
598
3291
3293
1151
1328
1151
2861
1151
1327
3034
3218
826
663
2810
3304
2810
2120
3302
874
2842
3289
2842
746
2002
3384
789
499
3096
2393
3096
2889
3096
2904
3327
3057
1118
3053
1118
3004
1118
2691
2796
345
2796
2292
1858
2173
3110
3121
3110
2011
1917
578
1917
564
747
3226
747
748
2000
2003
1213
2168
1213
1056
1515
1320
1515
1957
1856
1379
2136
2895
532
1411
532
504
2127
710
2127
776
76
25
4
2
4
77
440
1858
440
2307
440
2308
908
922
491
2049
491
2066
867
607
867
3195
867
725
867
3027
360
3401
360
1886
360
3392
360
2726
3033
3042
333
326
333
332
2031
3282
2031
675
205
49
205
207
345
333
724
224
724
618
3011
1385
3011
2103
3011
531
1992
1175
1992
1741
2163
2188
799
3167
1738
2355
1738
3072
465
1864
465
1028
465
3317
465
1968
2849
1429
2849
2857
530
787
530
2076
2271
3260
2271
2108
194
18
194
204
41
175
321
315
321
319
321
1323
2046
883
2023
1153
2023
578
442
1016
442
1077
72
5
3408
2984
3408
2769
362
353
362
363
435
757
435
1390
2286
3172
1828
2056
1828
2054
55
116
1941
328
1941
2673
1941
2061
1990
2336
2515
2256
243
1432
1286
3289
572
1171
2943
1171
1994
1171
232
1340
3096
1340
1308
1340
3095
1391
3053
1391
3003
1391
2691
2943
254
122
64
122
132
122
43
2825
2846
2825
1058
1186
1187
1646
269
1365
421
2723
1384
2723
239
2723
2947
1430
1350
27
1124
3282
1342
2259
1342
1372
1864
2580
3125
3138
3125
1757
3417
2770
1876
2914
619
225
619
2478
1881
367
59
596
1868
596
1445
1736
2246
1263
3304
1263
1104
1727
3042
1727
2956
3247
1137
3247
2469
3247
1966
2907
315
40
2315
2707
2315
2182
2315
2324
3193
913
3193
311
3193
2260
2530
855
2530
2070
1769
741
1769
1143
2351
2234
2351
3126
1301
522
3238
3018
208
27
208
211
2898
2396
1556
1430
1556
1374
46
2413
3046
2734
3387
709
1050
709
594
1558
544
1558
1094
2922
2189
1617
851
1617
1954
38
95
2201
3217
2201
1473
2201
3218
2201
2406
2201
2738
1109
3216
1109
770
1109
570
952
1881
3337
2891
3337
1182
3337
2159
154
46
154
135
2440
2086
2440
2074
614
613
2858
2886
2
71
1451
2597
2881
2898
3328
588
906
499
3393
1173
3393
870
2709
3342
950
2958
950
322
1215
3275
2867
3357
2644
2841
1513
773
1513
1424
3024
2228
3024
2505
3024
2350
2572
2909
421
1183
421
2883
421
419
3045
2131
680
1001
680
1688
680
1879
680
1691
2191
2730
2191
2945
2191
2198
2140
1972
262
1504
1749
304
1749
1492
2371
1055
2371
2091
2232
2010
343
341
343
336
2165
3208
463
1304
463
2056
335
326
2386
2886
2025
444
3425
292
3425
1496
919
1502
260
929
2142
2162
682
998
682
1701
682
681
896
559
1581
792
1581
368
2059
527
2230
2504
2230
2006
245
2643
3228
3023
1330
433
434
433
1014
2745
2754
2745
2966
1564
3175
1564
777
1576
860
1576
3149
176
211
176
82
1242
696
3135
3147
3416
2999
1330
3393
2590
2337
1471
1330
1471
1473
1471
2207
1471
2406
1471
2738
1363
413
1659
1069
3194
3107
3194
1170
1486
934
608
607
608
2929
608
3195
608
1459
1082
887
1082
3159
972
2723
972
3374
567
563
567
1046
1240
876
1240
886
1291
593
1332
485
2879
2694
1265
755
1265
3074
2733
2408
2733
2409
2733
3142
1080
824
1080
2112
2835
412
2616
2755
970
2723
970
3374
970
1383
970
3375
2711
299
1405
3055
2741
2229
1616
2544
1616
655
478
462
1780
3098
1780
860
3436
1504
1557
3082
1557
3149
649
970
649
832
2353
3072
2523
1118
2523
2110
1303
648
3357
373
1782
585
1782
580
2906
776
1904
2355
3246
1662
3246
2550
3246
3038
2411
242
3041
1214
2255
941
2255
2259
2255
1490
2255
1753
505
504
505
767
2831
1235
2831
602
759
2176
759
2325
2715
2933
2203
1726
2203
2210
2203
2948
1010
396
1010
814
1378
1475
2813
2097
2813
1290
2866
2872
400
397
400
401
907
1200
1155
1113
1155
3210
3052
842
3052
3265
3052
780
3052
824
3052
2112
3052
2110
3052
1364
3052
1090
3052
2115
3052
706
3052
2117
3052
1116
3052
1085
3052
2106
3052
2108
3052
1076
1453
2002
1453
3033
1453
1992
1453
996
1453
2956
1049
1050
568
563
568
1046
2752
272
1012
2099
1012
388
3348
2344
554
550
554
1042
3113
2036
402
393
3336
1723
3336
2727
1888
1747
1888
3093
1511
1371
1511
3212
3131
1463
423
1024
423
989
423
1862
423
3346
495
1351
495
3140
1962
1282
2193
1892
484
2197
484
1035
484
2939
484
3205
484
3339
484
729
1577
3256
1577
1351
2814
1291
2814
3213
669
864
3030
3106
3030
2341
2373
697
2373
707
897
601
390
380
2739
2612
341
340
341
332
461
1403
461
446
2220
3080
2220
2249
2035
1406
2035
2862
2035
1845
109
119
929
137
55
137
111
137
126
2387
557
1809
1139
1809
580
325
331
325
324
325
2577
325
1441
170
152
170
99
170
111
1960
2888
1960
1964
1583
1391
1583
1855
3039
1651
2275
2070
2275
2091
392
382
392
1703
3114
3115
3114
1870
3114
2702
1945
269
2222
1741
1898
3413
1898
3413
839
1200
124
111
124
116
431
434
431
1014
1395
440
1395
3280
1395
1076
2720
226
1384
3079
2617
2506
2617
2622
1175
2617
1473
781
2940
944
2940
943
33
208
33
81
2829
897
2829
3284
1322
427
1361
1737
1361
3067
105
134
105
100
2885
2896
1487
932
1293
2069
1293
1054
574
554
574
3330
2524
1417
2524
3214
142
93
142
148
566
563
566
1046
3129
3183
2608
2751
2608
2961
1069
2696
1320
432
3343
2195
3343
2329
3343
2918
3343
2611
3343
2410
3343
3376
548
2089
548
763
1885
2601
1885
1996
1894
738
1894
3418
1894
3420
1894
2225
979
980
3356
2736
3356
2736
607
234
607
849
2511
2514
2511
2418
1699
3379
3190
3436
638
629
2178
2593
2178
2347
2178
963
2178
1719
2533
335
2533
327
1403
865
3082
1350
1824
2100
1824
793
2594
2492
2355
3408
2311
3279
728
1128
728
2681
728
1670
854
596
3015
3016
3015
251
1588
1953
1588
1955
1305
1306
868
3234
2782
1315
2253
309
3216
1439
746
1286
1857
2876
3381
3395
2443
826
2443
1673
503
3272
503
1334
3088
1469
2205
2224
2205
1482
3121
1342
3121
732
3121
2014
3121
307
1153
2870
1455
914
1916
3239
302
301
3326
2176
1128
1357
2797
2279
1604
812
1604
469
3097
3106
836
593
2821
3297
2821
683
827
593
1278
367
1278
363
2788
369
2788
365
2099
2684
2099
1277
1038
2494
300
299
1211
555
147
208
2375
2456
2375
261
644
630
2855
1047
2287
1962
2287
2860
2287
2119
2184
2342
493
1666
425
1224
425
422
2444
826
2444
798
1818
2286
1818
2055
2195
1999
2047
2135
2047
1680
2047
3310
331
323
331
2905
2509
2241
2033
746
2033
1288
292
291
2161
3311
2161
3311
520
995
848
2724
848
863
848
3068
848
2156
848
3060
848
1978
1585
1054
1585
3207
734
889
3020
2192
2273
1839
2273
2040
1594
2291
1594
415
2640
881
2640
855
323
866
323
319
323
2917
2021
621
874
3000
874
889
7
866
1500
2089
1336
2089
2863
522
874
522
1209
2137
1694
1943
3202
1943
1312
241
2126
2902
2126
2901
2126
3335
2126
1212
290
3172
3203
3172
448
3172
3340
3172
2482
3172
2391
3172
2890
3119
597
2154
597
588
1173
3405
1475
1376
1475
2218
1475
3070
1737
2240
1726
3137
1393
1106
2534
1192
2534
2067
1689
2320
629
634
629
2893
629
976
2593
1891
2593
3059
2593
3181
2593
2610
2593
2495
24
79
1877
1271
1877
1896
1877
1890
1877
1272
1877
2338
1420
1864
1420
1284
1420
1028
1420
1298
1420
1285
1420
1968
181
201
181
13
1134
1284
1134
2150
539
2121
539
1090
1598
879
1598
3283
3295
2135
3295
1680
3295
3310
1295
2118
1295
1229
2730
3373
1647
466
1187
3394
1187
1715
1187
1991
1284
3170
1044
3083
1044
1716
2819
1419
2819
1433
1883
2600
1883
2729
1883
2732
1422
685
152
54
1261
3031
1261
2116
1261
1852
2571
1871
2676
2680
2676
2868
2676
1672
1414
589
901
567
835
1485
835
249
835
1748
3257
426
3257
3085
762
2752
762
1740
1050
3356
1050
2339
1050
2934
1050
3350
1050
2344
3163
1760
3394
869
2882
2480
1517
1957
1517
819
399
397
399
796
1458
1352
745
701
214
216
214
23
2206
1904
1052
3088
1052
2398
1052
693
1052
694
760
474
1915
2115
1915
2114
1456
2188
1009
2072
1009
386
3248
2123
3248
2688
3248
2559
1551
350
1551
361
514
513
514
513
2921
3084
2450
625
652
647
1306
771
3401
985
3401
2491
3401
2938
2888
1308
2888
1308
2984
2255
2984
1907
2984
2773
1779
837
1779
1237
2417
1491
2417
2419
2417
2423
133
59
133
152
2358
2627
3371
2351
3203
1373
1613
1190
1613
1302
2654
2045
2654
2077
3390
950
3390
2601
3390
2204
650
3057
650
771
2356
2976
2356
2359
2356
2421
2897
3380
1319
1019
1070
3309
1367
1322
2712
2923
980
947
980
2704
980
948
980
1335
1408
3077
563
3343
563
1043
563
2892
563
1389
1296
730
2569
2151
166
133
166
63
166
118
3055
710
3055
776
2983
2772
1072
1198
1072
829
1725
1476
1725
2954
1476
3370
2755
257
2755
3150
2755
2625
982
619
982
949
982
2698
982
915
1464
1721
2653
337
2653
328
3204
1464
3204
1034
3204
1880
2600
2221
1481
235
467
2140
467
1867
467
2471
467
1231
891
2139
840
1367
840
2299
840
3151
508
1353
1586
1645
1586
700
347
1885
347
3390
347
1886
347
3392
209
210
209
45
932
2560
2887
1810
700
1810
1843
1571
3295
1571
831
865
3172
865
1872
3164
424
1959
2142
1959
2882
1959
2174
1959
1033
1959
1980
1959
2147
2919
229
2125
2313
672
1425
389
379
3412
3420
3412
2225
2376
2456
2376
261
2219
762
2219
381
2364
718
2364
775
842
671
2196
3006
2196
2507
2196
2963
426
1224
930
437
1187
437
2899
1812
3246
1812
2850
2381
1134
670
728
670
2671
184
24
184
216
12
2100
1959
833
1091
299
2954
1897
3360
413
1851
393
2480
2185
2480
1987
2480
1020
1018
2481
2806
3280
3106
2234
3106
1739
3106
2962
2102
566
506
1332
506
846
1158
854
1158
600
3292
3298
2841
287
64
131
1314
3165
1314
2865
1217
1002
1217
1448
1217
820
3301
3307
743
2981
743
939
215
89
215
174
2684
838
2684
838
1913
821
2932
821
1177
821
2402
821
658
1156
1160
1156
1111
3287
2676
228
2852
888
2852
2469
2852
1233
2852
1966
2317
1454
2214
2003
2258
307
3261
709
114
58
601
2572
601
1693
601
2894
601
2582
601
3334
1702
2589
1702
796
2256
281
3066
523
1615
654
1615
2067
2976
282
1406
2875
2913
1325
2766
909
3278
465
86
71
2931
2604
2931
322
3364
1724
3364
1891
3364
1889
1700
821
3175
581
143
110
143
200
143
62
565
894
1871
447
1731
3410
1731
358
1731
2621
1886
2731
1886
1997
540
1090
540
2117
591
573
1024
1021
1024
3377
1692
3302
3270
509
632
616
2914
1027
2914
2717
2914
993
1396
752
1396
3314
1723
1173
1723
516
1723
870
1419
598
1267
1160
1267
2088
1164
919
1164
2994
1164
936
1308
2167
1176
2617
3409
3150
542
1091
1181
796
1690
2701
1641
691
630
2388
630
2710
630
974
630
3313
630
2893
630
973
2839
3101
3299
227
3299
3312
3259
894
2041
2676
2090
1960
326
325
326
316
2477
3116
337
330
234
233
2208
237
289
2575
289
1442
289
2567
289
2382
2276
2294
2276
2077
2264
3434
2264
3434
2264
2425
2264
296
2264
274
3085
425
2167
2594
2167
3029
2167
1039
2167
1708
2953
1478
1946
384
2123
1861
863
2494
2281
616
3012
3013
3012
2706
496
477
2092
3332
519
512
2468
799
2468
3199
2468
3315
2131
2479
2131
3306
2131
2579
247
933
2785
1140
2785
1138
2683
689
2036
3235
2027
1839
2027
1950
2929
2203
831
1224
1254
1217
1254
1344
1157
1151
1157
1114
1999
2734
1999
2739
1999
2346
3160
3114
2798
2850
2798
1404
938
291
905
3082
905
3256
905
3049
905
904
905
881
905
2082
905
1351
905
1304
905
2070
905
1131
905
678
905
1957
905
2056
905
1055
905
414
905
1016
905
2091
905
2054
905
3210
905
847
905
1077
905
2097
905
441
905
1290
792
2684
792
1276
792
838
2564
376
1853
2822
1358
2822
1841
1268
2105
1268
2106
1216
657
3107
3137
3107
1169
67
219
67
18
507
485
1028
2580
2807
1216
2807
798
3352
3194
3352
253
3122
3123
741
1416
741
1648
790
581
3098
1099
1488
321
1488
2996
1488
356
1488
303
1488
278
1911
286
2404
2604
823
467
878
374
1555
346
1555
350
3058
2714
3058
2180
3058
996
2781
3200
603
2855
603
2854
603
2379
32
2453
2855
2453
2854
2453
2379
3169
2423
3169
1910
1407
1662
1407
2550
1407
3038
2767
1372
2977
736
2257
1493
2257
1490
2257
2260
2154
3355
2154
2707
2154
3362
2154
2182
2154
2328
2154
2324
117
175
3067
2969
3067
2770
2604
3118
2168
2932
2168
1177
2168
2402
2168
1345
2316
1869
3200
650
2758
294
2968
1747
2968
3093
3081
2515
3081
2988
3081
1755
3081
3433
2512
2416
2512
3415
1504
3286
848
2388
976
1873
2322
2980
2361
1248
1121
1248
705
620
731
620
2462
944
2411
944
244
944
2961
95
37
1429
609
1733
418
1733
1480
1266
2045
1266
2088
3305
3040
2454
2459
2845
623
1274
1275
1177
1178
593
555
593
2325
1397
2093
1397
3283
1034
1721
622
982
1721
2497
1721
3182
1887
1895
2603
2407
2650
1418
2650
1677
2398
3009
2398
3363
2398
2339
2398
2934
2398
3350
1339
2245
1339
2236
1494
926
1643
467
1183
1975
1485
933
99
59
2037
1320
2037
3098
2037
855
2037
2071
2037
3140
2037
3064
2037
860
2037
1113
2037
3149
2037
819
2037
3002
2043
573
3171
2608
3171
2743
2026
882
2026
841
884
384
1989
3364
1989
3364
802
1477
802
2496
802
2224
895
559
529
2121
529
1162
2563
2571
2563
2880
2935
293
2121
734
2121
1040
2121
2874
246
2973
861
2492
1575
3248
1575
1374
2283
2135
2283
3325
497
2389
497
479
2779
553
2779
1101
2148
2165
2148
1979
2148
2157
3079
1167
3079
3177
3265
1387
3265
2576
1947
2076
2133
1683
800
1354
800
3188
2174
2486
2277
1362
2166
3364
2166
1989
2166
969
2166
1988
2166
965
2166
964
2394
3369
1498
3436
1498
302
1498
300
1498
1501
1498
735
1498
283
1498
753
1498
298
1498
1499
1498
281
1498
276
1498
3432
1498
3434
1498
1500
1498
1502
1498
273
1498
286
1498
1337
1498
267
1498
3158
1498
291
1498
3433
1498
295
171
109
171
96
171
196
439
852
439
830
327
318
224
359
358
359
2759
2385
2903
336
325
336
332
2476
1699
15
14
3132
1378
3132
1377
3132
2334
2483
2178
903
3341
1457
3377
2668
3289
2668
1242
2668
1291
2668
2683
2668
1216
2668
825
2668
787
2668
1675
2668
2859
2668
791
2668
3179
2668
1292
2304
3331
2207
995
1855
2152
1855
2473
578
3216
578
3168
578
1343
1516
2546
1516
749
1112
1047
1112
2379
949
724
949
2392
2751
243
3051
3052
3051
3242
3256
485
1354
907
1354
2041
1354
792
1354
741
1354
818
1354
699
1354
856
1354
409
1354
2050
1354
2057
1354
862
1354
900
1354
348
1354
807
825
452
1188
3416
2677
1429
1110
2386
1110
1211
2832
1151
2832
1112
1368
3348
1368
3356
1368
2736
1553
1340
1553
3039
3042
3402
3042
766
3274
1319
3274
426
710
2398
710
587
1772
464
2357
1907
2357
2248
2357
913
2896
1456
2896
1033
19
2288
3103
2416
2983
2416
3169
2416
2422
2416
1909
605
589
712
2161
712
1970
712
1212
712
3311
1611
1645
1611
1404
1770
2287
1770
2055
454
2286
454
3266
1204
1205
1307
3317
3349
1466
2742
3145
2910
3015
468
1962
468
2860
468
2119
3273
509
180
11
180
213
1662
1380
561
3343
561
1043
561
1045
1875
2914
1079
840
1079
887
969
2940
3344
991
2749
2980
2749
2971
2749
2418
2298
657
1239
876
1239
1655
1735
2965
1477
1275
1477
2249
584
1101
584
3074
595
3328
595
3013
595
2570
595
2586
595
1686
1660
399
1348
2862
1348
1299
1185
1186
1645
750
1645
1238
1194
632
3049
562
1483
260
1297
1658
1329
1165
1329
1338
2575
2477
2575
2917
2575
1450
1366
1367
1366
3151
1374
1690
1374
817
1374
2141
893
647
2484
1467
2045
2127
1573
760
1573
3278
2294
1437
2197
3354
2950
265
2950
936
427
1184
427
2490
427
988
427
1706
427
3395
2285
3318
2285
1134
259
930
436
1019
436
1402
920
1752
1910
2060
567
2377
2384
2377
222
2229
2746
2229
2238
2680
1434
2135
2137
448
3359
3340
3132
922
2383
2149
1198
405
2139
1981
2139
1971
2139
3320
679
1056
679
664
466
3317
466
2471
2062
568
1750
1911
1750
1492
1750
1756
474
3204
474
476
474
1087
2925
1728
1587
1244
1587
2101
346
333
1373
991
1669
2566
2618
241
2514
928
577
1844
577
1262
1484
1489
1484
267
962
2354
1193
613
1495
928
2439
716
2439
1243
1929
3268
1035
1984
1220
1305
1220
3032
1220
1309
2696
3360
2696
3309
1461
1370
2591
2933
2602
2509
2602
2228
2602
2350
1897
3006
1897
2507
1897
2963
1275
3177
583
1099
960
3394
2710
1171
2710
1172
85
221
85
13
1387
2154
809
2286
809
3041
809
2287
809
652
809
3292
809
578
809
2298
809
2045
809
2294
809
2049
809
2547
809
2295
809
564
809
2853
809
3269
809
2297
809
2086
809
3056
809
2055
809
2087
809
1226
809
3266
809
882
809
582
809
2077
809
1160
809
538
809
2088
809
3250
809
1111
809
673
809
841
809
2282
809
2066
809
2074
2627
932
1839
2040
898
465
1222
1013
1222
774
945
236
945
239
2868
2306
473
1420
473
1643
2175
2179
3403
247
3403
1188
3403
248
225
224
2384
724
2384
223
2395
360
272
2529
721
2529
707
2361
3124
2760
3124
2625
165
49
165
151
2322
1378
2322
1887
2322
1377
2322
1998
2322
2609
2322
2334
2562
1029
2562
3143
2824
842
2824
675
89
35
2877
2152
1566
3295
1566
1312
1574
907
1574
2047
2293
379
487
764
487
2549
3373
1271
3373
1896
3373
1272
270
1945
1979
3208
894
561
894
3022
894
1289
894
2474
885
1949
1548
409
1548
417
2320
550
2069
1213
2441
3111
2441
1665
1478
1275
1478
3080
1478
2412
616
611
616
977
2589
1894
2589
1468
2405
2230
2405
2501
219
220
219
14
1353
484
1649
1678
1649
1961
557
2177
557
521
3123
1479
3435
1503
780
526
2945
3373
2823
836
2823
1110
2303
1134
2725
3148
1255
830
1255
829
2880
1871
1411
510
3146
1730
904
701
782
3432
144
0
144
44
144
146
252
251
183
74
183
88
183
104
2531
897
2531
1419
2378
222
2010
743
2010
2244
1203
1185
1203
2844
1203
910
1203
1847
2513
2514
1759
1497
1505
896
1505
1355
453
3172
2155
521
1907
2258
1907
941
1907
1372
3035
2767
3035
2987
250
2452
2546
2012
2766
2012
3157
2012
2247
1568
582
1568
3250
2049
474
888
848
888
512
511
2484
511
2389
511
1978
3236
2852
3236
515
1554
544
1554
537
1195
979
1195
2560
818
844
1644
400
1184
1474
1493
3431
1287
3277
2637
344
2637
349
2744
2751
1375
1732
2809
2060
2809
2048
1520
2043
1520
2062
1161
3260
1161
706
1033
2486
1047
3326
1047
2570
1047
1686
179
213
179
10
1021
2335
594
587
594
2703
594
3136
594
2160
3109
3110
1273
1361
1273
1361
1734
2353
1734
1904
1734
2233
585
560
1848
391
2628
2991
3044
2616
3044
2622
3272
498
1126
3041
1126
2298
943
2413
943
2740
943
244
1137
2311
1522
3278
1522
1674
1089
3211
1866
3086
1874
2396
1629
1365
1629
1359
223
689
1688
689
1310
689
687
689
1691
2547
1153
2393
2908
726
1704
737
2036
737
3227
2834
372
475
2881
475
1039
475
1087
475
1088
3010
3403
3010
688
2173
960
2173
1991
2173
2718
1597
2849
1597
655
2134
422
2420
2253
877
446
370
362
647
2144
647
1687
647
2693
647
1005
2284
2381
2284
2303
2284
1281
2187
1733
2187
2216
2187
869
2295
650
3195
1460
598
2136
598
2315
598
2325
1539
404
1539
403
2538
2848
2538
2672
2261
866
2261
2774
2261
935
3134
1184
3134
2490
3134
988
3134
419
2422
1494
883
2140
883
1867
883
1231
883
1039
372
364
2044
1432
2044
1430
2044
1659
2044
1332
2044
402
2044
897
2044
3295
2044
1422
2044
3248
2044
1419
2044
831
2044
1374
2044
877
2044
3202
2044
410
2044
1413
2044
3264
2044
1417
2044
851
2044
773
2044
1424
2044
1418
2044
3251
2044
579
2044
1199
2044
3296
2044
2098
2044
1312
2044
3284
2044
1421
2044
1433
2044
3214
2044
846
2519
2520
2519
782
231
2942
2996
2264
2996
2775
2811
901
2811
1110
127
155
824
1205
2403
2405
2735
813
1178
2953
1178
1168
1638
411
1638
797
3290
1972
3290
2471
3290
1231
699
2288
699
3005
699
2545
2833
1291
2833
2864
1607
1303
1607
1220
1311
2733
1311
1036
113
30
1355
566
2305
2138
134
39
588
2193
588
2194
588
2599
588
2400
588
1352
588
3198
1854
2876
1728
1894
3133
3163
3133
314
3316
3330
2482
3359
3111
682
1253
3008
1253
1218
1868
2709
1868
1453
1868
3349
1868
2585
1205
2316
1205
1023
1205
989
1205
1862
1205
1438
1205
784
1503
2645
3207
2645
1243
857
1855
857
605
857
2452
857
1355
857
749
857
3294
857
643
857
812
857
3078
857
822
3025
795
2743
2413
2743
2744
2743
2961
350
343
1746
278
3226
788
2128
2144
2128
1687
2128
2693
2128
1004
2128
820
916
990
916
2401
916
2338
916
1722
916
2190
916
1472
455
1283
455
2289
2497
1895
2497
2609
2153
1715
2278
1362
1827
893
1827
1344
2850
712
1836
856
1836
862
352
341
352
353
168
152
168
126
168
60
3355
3362
3355
3362
2521
3436
604
603
604
1841
63
3043
3044
2211
3396
2488
3148
2038
1850
1099
1878
1099
1208
1099
1981
1099
3319
1099
1971
1099
2699
132
65
1867
1874
3115
1454
118
61
1440
1694
1908
2519
1908
303
1491
927
1127
3041
1127
673
1532
2083
1532
2085
1136
1313
1136
740
1465
1471
738
2242
738
2979
738
3185
1799
823
1799
469
992
3391
1163
2263
1163
917
1163
2262
162
165
162
164
1724
3400
1724
2615
2652
745
2652
880
1031
1032
3384
1742
3384
2619
3418
3191
3418
2757
1442
2477
1442
1974
1023
1024
1046
2944
1046
1451
1046
2913
1046
1043
1046
2892
1046
1389
70
34
1271
2226
2982
321
2982
2631
1530
878
1530
2293
941
3435
2713
1884
2713
2924
2713
3000
2713
525
990
3378
2815
1107
2815
900
828
845
2636
3064
2636
1113
1286
779
1286
1208
1286
1102
1286
2472
1286
1449
1286
2699
2731
297
16
15
2997
302
2340
2215
2340
2343
2391
3338
2171
407
3189
1301
3189
906
3189
2047
3189
790
3189
895
3189
1204
3189
2080
3189
575
3189
2079
3189
1197
3189
3255
3189
417
3189
1084
3189
1143
3189
1048
3189
2083
3189
2085
3189
1107
3189
902
3189
368
3189
3094
2432
2087
2432
538
2525
1417
2525
1421
2365
614
379
3357
379
1278
379
2564
120
112
120
104
3429
260
3429
259
3429
258
3429
2995
646
867
646
1005
2186
1716
3380
382
876
595
3427
3429
864
799
864
1700
864
651
864
3315
2342
3135
2342
3089
2342
2001
2124
2151
2884
2320
157
153
157
128
157
57
2430
1236
2430
1144
210
31
210
155
2988
735
1
0
727
2470
3021
2342
2263
295
736
1596
3264
1596
3284
881
708
233
68
217
68
22
1619
457
2641
2849
2641
3246
2641
728
2641
2450
2641
2376
2641
565
2641
1641
2641
2281
2641
603
2641
2845
2641
1645
2641
250
2641
2850
2641
1404
2641
2451
2641
1196
2641
2843
2641
1358
2641
700
2641
1841
2641
2671
2641
1843
2641
2846
2641
2848
2641
2543
2641
2544
2641
2672
2641
655
2641
1642
2641
2280
2641
1844
2641
1262
2641
1058
2641
676
2546
1391
1914
2669
3120
1893
3120
2949
3120
3037
2401
2598
3317
2488
3317
2332
3317
1026
3317
2930
3317
2592
3317
3323
744
460
1313
508
1313
1089
1718
1893
1718
2949
3162
426
3162
2102
3162
3085
3162
1411
3162
504
3162
1139
3162
385
3162
3065
3162
1237
3162
794
3162
580
3162
470
3162
1412
3162
763
3162
761
3162
793
3162
403
3308
659
2883
2153
2729
2606
1415
2556
1606
2041
1606
417
834
2151
1251
672
1251
1059
2820
837
2820
1412
3218
3173
3218
3087
412
408
1501
3117
1789
2049
1789
2087
2510
285
1002
1004
3202
421
1826
2100
1826
794
2151
3068
2151
2156
2151
1978
3191
2263
3191
2979
3191
296
1837
1204
1837
818
3019
2184
3019
3020
3019
3021
410
405
917
3158
2496
1482
858
452
3227
2847
2118
445
2639
661
2639
666
856
445
515
2167
515
2573
2714
2333
2213
2003
1000
2166
1747
3173
1747
3087
1232
1657
1232
2856
1371
558
749
2383
749
3276
749
2130
2688
2574
1191
645
1680
2137
1140
891
1140
1100
1386
1093
1386
3104
2626
2630
2721
3386
1463
1168
1463
1720
2941
944
2941
943
1165
292
1165
938
1165
2977
1230
2283
1230
3322
2697
756
1059
664
581
1971
581
1705
581
3320
1896
1339
1682
1685
1682
1685
1142
780
1142
3026
1919
450
1025
2214
1025
2213
3415
1752
3415
1909
3415
2772
576
1097
576
1678
576
1961
564
562
2445
3111
2445
697
2854
1436
471
1084
471
3094
2330
1884
3426
3430
2682
2574
2242
296
3013
3326
2876
447
1972
1721
1972
1880
1567
3011
1567
1849
2082
510
1608
3287
1608
807
486
3291
486
1307
486
1865
3031
561
659
821
659
651
3294
2690
3294
2687
3294
768
2363
622
2363
3252
2332
3148
2291
3337
2291
3361
2240
3417
2240
1745
2240
2969
235
1970
1990
1970
2922
1970
1985
2080
352
2535
605
2535
822
2265
2375
279
937
279
278
2952
2606
3147
1735
3147
1730
2719
1368
2939
3354
1351
477
3014
1214
2830
2449
769
2466
769
808
42
3293
1035
3293
3205
3293
729
1315
1099
197
34
71
556
551
556
3153
2595
1361
2595
3129
2595
1273
3138
1494
3138
1495
3138
2361
3138
1491
3130
528
2301
2560
2301
2465
617
2720
617
3312
558
556
558
572
1709
252
1413
2568
3237
1646
3237
390
3237
461
3237
2035
3237
1945
3237
2841
3237
372
3237
412
3237
1315
3237
2374
3237
2667
3237
338
3237
398
3237
288
3237
2669
3237
351
3237
3268
3237
2542
3237
329
3237
2279
3237
547
3237
378
1952
333
2109
2129
3029
3030
1201
437
310
805
96
45
451
2163
451
2165
451
1979
451
2157
451
1083
1614
1664
1614
2856
2912
3194
2912
2485
2740
2411
0
1950
478
1950
2044
1950
1677
202
205
202
117
121
75
121
146
1906
1342
1906
2767
1906
2764
3228
840
3228
1640
312
922
3040
2483
3040
1879
513
2167
2853
641
2215
2220
2215
1477
2215
2959
3006
3047
382
762
382
381
382
2227
382
955
1944
801
1944
2042
169
106
169
100
169
104
1620
877
1620
2098
2248
311
873
1447
873
1001
2397
2337
2397
2487
2754
930
324
323
324
2321
324
320
227
2720
3361
413
236
2274
1676
2274
2120
2177
2195
2177
3388
2177
2502
2177
2489
1593
858
1593
2289
3205
861
733
321
733
2261
733
2517
2266
2064
2429
2542
380
2867
380
1278
380
2555
380
1667
887
431
721
2126
1622
429
1622
797
2034
1093
3054
3055
485
3293
485
483
485
1865
2183
1461
2183
2721
2183
1369
643
630
494
493
494
823
2339
2212
1398
3162
1398
3161
49
48
1895
1898
1895
3139
1802
833
1802
1663
3
3076
905
3076
2037
3076
804
989
784
989
784
1884
2734
1884
2346
1884
2612
1026
2722
3271
1286
1043
1044
1037
2737
1283
844
1497
1498
206
153
206
175
206
56
206
207
1861
2164
1861
1976
1861
1973
575
1097
575
1678
575
1965
2557
2309
1121
3040
1121
1696
2479
3328
1529
389
1529
2068
1800
603
1800
1843
1133
2284
1133
1086
947
252
947
3016
3165
1070
3165
3201
1148
2305
45
2548
1304
2548
414
2548
2091
2548
3210
2548
2097
2548
441
1385
1426
1439
572
498
483
498
479
1394
3261
1166
245
1166
1486
1166
1487
1166
1485
2776
3247
2776
1288
2966
3417
2966
1483
1174
2771
1174
923
1174
2250
1277
1278
1792
760
1792
791
28
82
1905
304
1905
754
1938
904
1938
3002
999
1000
3260
3305
3260
2700
3260
2312
2254
312
2157
3344
1831
1084
1831
862
2498
606
2498
2753
2498
2004
1507
579
1507
3296
2522
753
409
1682
409
1685
409
2104
153
52
318
289
318
316
2216
3396
2268
2277
853
2356
853
418
853
2414
853
1480
2507
3404
1790
1261
1790
1140
1741
1742
1741
2619
2028
3056
2028
2282
1823
3164
1823
1228
1404
3055
911
1503
488
1647
488
1334
2930
2196
3112
2954
3112
3370
3112
2955
555
2184
555
3020
555
3021
555
551
1878
521
2481
916
178
76
178
198
30
2407
2745
2407
3184
2753
245
3269
2677
3269
2857
2655
644
2655
879
1603
769
1603
1073
2467
2697
216
21
216
217
2985
1488
1257
825
1257
3179
3053
3262
1154
2870
1388
2251
1388
3099
1388
2250
3186
2247
3186
2516
504
498
2458
680
2840
1668
2840
2864
2812
778
2812
3213
3300
839
3300
1319
1316
2286
1316
3041
1316
2287
1316
652
1316
3292
1316
578
1316
2298
1316
2045
1316
2294
1316
2049
1316
2295
1316
564
1316
3269
1316
2297
1316
2086
1316
2051
1316
3056
1316
2055
1316
2087
1316
1226
1316
3266
1316
882
1316
582
1316
2077
1316
1160
1316
538
1316
2088
1316
3250
1316
1111
1316
673
1316
841
1316
2282
1316
2066
1316
2074
1168
1274
1168
2412
1969
1701
2079
509
1561
3049
1561
2097
875
1461
875
2721
875
2194
875
1892
875
2400
875
1470
280
662
1447
662
658
2587
1180
2449
1093
2449
2039
3173
3169
3173
1752
3173
2632
3374
2936
3374
239
3374
1360
1595
1048
2915
2722
477
476
477
462
1584
669
1584
1217
735
2666
847
2561
1100
2239
247
1298
2150
2578
918
37
2348
3391
220
12
220
221
660
2842
660
2033
660
3200
660
2840
660
2679
660
2686
282
2374
343
2374
1951
2366
640
2366
1189
3404
3121
3404
2011
2329
2489
2194
3120
2297
685
483
861
483
2197
483
1035
483
3062
2185
2191
645
637
424
2316
424
1023
424
989
424
1862
424
1438
424
784
1045
1710
1045
3144
2784
2089
2784
1139
1893
3406
3400
606
3400
2973
1229
443
1377
1475
1060
663
752
423
1920
2046
1920
2084
1285
3170
573
554
573
1689
573
3019
1197
395
1294
1219
1294
1218
2592
2722
1448
3329
2706
1982
31
193
8
193
199
2601
3119
1135
1430
1135
3251
3391
1898
3391
3413
3391
3108
3370
1738
587
1727
587
2714
587
2934
587
2180
587
996
1474
420
750
594
1062
3269
1466
2222
1466
1175
1466
1176
1679
2696
1139
2682
1139
1861
1139
2559
2198
2951
175
40
175
134
1922
473
1383
1384
1383
2208
3084
2201
457
446
2783
896
2783
3166
79
23
1903
1743
2685
594
2559
2574
2920
3352
1949
3051
1949
3243
2112
433
516
3405
1578
1301
1578
575
855
2126
1304
1420
1207
3023
1207
520
1207
994
2451
982
2354
2237
2354
2236
3156
3416
3156
1748
2368
645
2368
640
2110
3012
2110
2149
2532
615
2532
635
2188
2232
2188
1025
2188
2217
2188
3178
2188
2007
309
921
1825
3164
1825
3322
2955
1897
418
2510
418
304
418
3421
418
1756
3083
3084
75
115
1357
659
772
1234
1710
2614
3174
2126
553
527
1605
3281
1605
850
1416
2138
2570
1982
1288
526
1454
1455
770
1439
611
2388
611
2710
611
610
611
2893
1712
3084
1468
3412
1468
382
1468
957
56
2599
1361
2599
3129
2599
1273
2204
2950
2204
2209
2307
2179
2442
1195
2442
615
269
2467
269
268
2296
399
1563
3098
1563
3049
2951
2741
2951
961
434
3381
434
2899
434
2900
434
1706
2408
2230
2658
1202
1980
1456
2367
1193
2367
633
2070
695
2319
2397
34
208
34
32
2667
1644
2667
395
3032
3327
3304
567
2844
3324
2844
3324
2455
1299
1982
875
464
1420
476
1875
476
3112
476
2172
476
3369
344
336
2072
374
725
2942
725
1994
2681
1357
2586
3349
2586
3342
211
214
211
25
11
10
187
203
187
22
481
2287
481
2066
2909
3355
2909
3362
2909
2328
1932
2080
1932
1048
1932
348
192
72
192
212
586
2102
586
585
1508
744
1508
1953
1891
1724
1840
1950
1467
2351
1467
2504
1467
2008
1467
2613
1467
2231
1672
3361
1125
3008
1125
674
959
3412
3264
2877
3264
1119
3264
2689
1865
1307
1865
1307
571
1689
571
2884
571
552
571
1684
2707
1462
810
1399
810
3232
2942
230
1930
2374
2934
2212
1196
2560
1196
978
1196
2465
1842
2684
1842
1276
1842
838
1364
3001
1219
650
2722
1887
2722
1998
2722
2609
1376
1732
3422
1911
3422
1484
3422
2992
3422
3424
1670
1356
2698
724
2698
2584
1381
1970
812
865
1835
3267
1835
1076
428
3134
1901
2234
1901
1739
1901
2962
2414
2976
2414
758
249
2243
2949
3406
3263
614
3263
644
3263
3111
3263
3074
3263
1410
3263
2093
3263
1665
2050
883
1762
2122
1762
2114
3157
3133
2679
3114
2679
1860
2679
2692
2565
1210
1206
424
2933
1037
2933
1036
2933
3036
1745
2770
1745
806
458
2322
458
1027
458
2717
458
993
338
330
2911
2919
2911
2920
517
2569
517
511
517
2124
517
1681
3148
2348
3148
2345
2009
3081
2009
3050
456
1675
456
3179
915
225
915
618
1760
1497
2052
2858
2052
2386
2052
2552
2306
3337
1652
2581
1514
605
1514
749
2750
1388
2750
3419
551
3135
551
2399
551
3089
551
2493
551
3372
551
2001
2605
2407
1650
1186
1650
3324
613
610
613
977
2843
2849
2843
3246
2843
728
2843
2375
2843
2450
2843
2376
2843
565
2843
1641
2843
2281
2843
603
2843
2845
2843
1645
2843
2850
2843
1404
2843
2451
2843
1196
2843
1358
2843
700
2843
1841
2843
2671
2843
1843
2843
2846
2843
2848
2843
2543
2843
2544
2843
2672
2843
655
2843
1642
2843
2280
2843
1844
2843
1262
2843
1058
2843
676
3303
1868
1358
2858
1358
2386
1358
2552
3341
2716
1417
695
779
2390
3050
3422
3050
3192
3050
3433
1356
3057
244
243
2642
3011
2642
1956
2574
1695
2574
1707
2574
1697
3022
1977
871
1388
871
3419
1565
1432
1565
3296
1632
2849
1632
2672
2998
1303
2998
638
2998
622
2998
1110
2998
1220
2998
1195
2998
3054
2998
1317
2998
615
2998
518
2998
1244
2998
3252
2998
1190
2998
3288
2998
3297
2998
1379
2998
628
2998
621
2998
635
2998
1115
2998
1057
2998
683
3170
2174
3170
1033
3170
1980
23
692
2593
692
2712
692
2719
692
1051
2024
1143
2024
1107
1591
669
1591
672
1540
1366
1540
1359
886
596
731
2384
731
2378
2176
2193
2176
2603
2176
3043
2176
2194
2176
2605
2308
1967
2267
643
2164
3331
2419
2422
723
840
723
3228
723
3241
369
362
2396
2590
2396
992
2396
2348
2396
1711
2396
3353
2396
1714
226
237
334
326
3199
1700
1630
3281
1630
3249
213
7
213
73
2181
2739
2181
2403
2181
2346
2181
3091
2181
2200
690
682
641
1444
641
2146
641
973
3007
745
3007
591
3007
632
3007
468
3007
1313
3007
721
3007
553
3007
1219
3007
3263
3007
755
3007
1101
3007
879
3007
1095
3007
880
3007
3008
3007
674
3007
1235
3007
697
3007
707
3007
740
3007
3075
3007
843
3007
1218
3007
3253
3007
3283
3007
602
3007
1152
3007
1117
1542
1851
1542
1280
3419
3099
3419
2989
1167
2249
1167
1482
1167
240
1264
3026
1264
1104
2967
2417
2967
2970
2732
2221
1276
1277
2777
1258
2777
2290
1208
2155
1090
515
1041
3336
2924
3336
3159
424
1281
3318
1863
3316
1863
1693
1863
3333
2981
308
3068
2484
1123
673
1123
2074
946
3194
946
2928
3383
3402
3383
766
2651
904
2651
881
2556
2572
2556
2894
2556
3334
1131
1314
1519
614
1519
468
1519
3075
1092
2090
1496
1337
2958
265
2768
266
1027
2497
1036
2737
2485
2928
123
110
123
107
3077
1391
3077
896
3077
669
3077
519
3077
1855
3077
605
3077
453
3077
1355
3077
749
3077
1059
3077
3294
3077
643
3077
1121
3077
645
3077
3174
3077
812
3077
640
3077
1344
3077
684
3077
469
3077
3078
3077
705
3077
1096
3077
3166
3077
822
3077
1331
10
9
238
2208
1100
2155
1100
3319
1833
825
1833
1674
2923
3366
2923
3181
2923
2610
2018
2451
2018
2280
106
134
2506
2755
2780
576
2780
3166
851
460
3201
3309
1743
1174
1743
2763
2314
2161
3080
3177
2217
2010
3192
2988
3192
2015
2158
972
2158
2587
2158
971
1506
2062
1506
777
1102
1446
328
318
1821
1131
1821
414
1821
847
2156
2323
913
920
349
342
1258
1866
1258
3279
1317
894
1214
799
1214
3199
1214
3329
2979
1913
2573
2594
2573
3029
2573
1037
2573
1036
2573
3036
2573
1708
3187
908
3187
2420
3187
3157
8
7
1256
2118
1256
1085
702
703
702
2470
1601
3264
1601
1418
3161
837
3161
839
3161
854
3161
2089
3161
1319
3161
2100
3161
884
3161
585
3161
404
3161
722
3161
411
3161
714
3161
429
3161
715
3161
600
3161
767
3161
797
2466
419
3178
3071
2406
2750
615
613
2649
2281
2649
2543
3275
2128
700
2288
700
3005
700
2545
2071
679
2663
642
2663
1192
1981
1209
283
282
111
114
201
221
2975
3035
2975
1906
2765
3422
2765
1755
2246
2982
1625
2846
1625
676
3176
3189
1976
3331
482
3065
482
470
1964
3096
2086
682
53
102
44
1778
542
1778
1096
394
392
394
387
663
873
663
662
2336
1724
2336
1891
2336
1889
2359
1750
2359
2990
385
377
2327
3090
2224
240
2471
726
2471
1026
2471
2592
2471
2319
2471
1030
2471
3323
277
276
3065
466
480
1647
480
744
3279
1040
3279
1098
1227
1683
1324
335
1324
1647
1324
389
1324
2454
1324
3272
1324
744
1324
344
1324
369
1324
349
1324
1956
1324
1280
1324
288
1324
1953
1324
1955
1324
742
1324
1073
1324
2068
1324
1390
1236
598
1890
853
1841
1414
1841
772
3105
2449
570
552
811
890
1923
436
1382
3076
1063
893
1063
1189
2550
1053
398
395
1459
2210
1459
2210
1459
2948
1892
1273
1892
3183
1805
1649
1805
3271
1146
602
1146
1152
1686
1982
3385
2504
3385
2008
1931
1203
572
1042
572
1705
967
2941
1380
1381
1380
2314
126
114
126
101
1008
370
1008
2072
2805
553
2805
843
3154
2512
2703
2170
753
756
1671
3031
1956
522
2937
782
2937
2946
2937
293
509
484
509
2393
509
2889
509
2904
1900
2975
2051
1154
2017
3425
2017
267
1958
1857
3212
1671
3212
2116
3212
1852
3258
3085
3258
793
2786
370
2786
366
2500
1733
1784
3271
1784
1654
388
379
3086
2330
3086
1041
3086
2924
3086
3000
2218
1732
1795
3039
1795
1956
1902
2356
316
2575
316
1442
316
324
316
2577
2928
253
3281
596
1761
1664
1761
2094
2113
1679
2704
2910
2704
2708
2469
1866
3153
2177
3153
2399
3153
2493
3153
3372
257
931
3267
3160
3267
1279
550
2602
550
3147
550
3089
550
2493
2847
345
2847
2046
2847
3164
2847
337
2847
2283
2847
1198
2847
583
2847
898
2847
370
2847
2284
2847
1371
2847
2296
2847
2072
2847
2052
2847
1092
2847
328
2847
1258
2847
3212
2847
3322
2847
852
2847
2053
2847
2292
2847
2290
2847
386
2847
830
2847
765
2847
1228
2847
2673
2847
2084
2847
2061
2847
396
2847
1086
2847
366
2847
814
2847
829
3307
1872
1318
1465
3389
853
2664
2859
2664
2686
1713
1717
787
734
787
1040
787
2874
1409
1387
404
400
552
1451
552
2913
552
1042
552
2728
2460
2576
2838
2668
2838
1321
2838
3240
2838
3219
773
423
3298
609
3298
2146
1651
2569
1651
511
1651
834
1651
1681
3322
432
3362
1369
3362
1370
3362
1470
1014
3381
1014
1877
1014
2900
1014
1706
870
871
377
952
377
1699
377
373
377
951
229
1623
3054
1623
3288
294
2436
1855
2436
3294
2259
3163
2259
1912
285
2427
1313
2427
3253
2889
2908
730
1414
730
1234
1590
3054
1590
1115
1541
404
1541
411
642
630
2182
1462
3003
3004
3410
1744
3410
3414
872
1303
872
638
872
1110
872
1220
872
1195
872
3014
872
3054
872
1317
872
518
872
1244
872
3252
872
3288
872
3297
872
621
872
2101
872
1115
872
1057
2346
3387
3184
1483
3184
2754
3184
1745
3184
2991
524
2715
524
2591
524
2181
524
2327
665
1216
665
3275
383
954
383
956
383
953
383
3379
383
951
732
1493
732
306
2580
2322
1592
2054
1592
819
640
639
691
1437
691
681
2180
1992
1631
3202
1631
1679
1040
734
1040
734
1091
2124
1091
834
1091
2573
1091
1681
298
297
1132
2053
1132
1086
1527
386
1527
396
1536
2293
1536
2081
1065
816
1065
1656
996
2333
3073
3193
3073
2255
1019
427
1019
3134
1280
399
1925
378
2963
3404
2773
912
3414
2630
3414
2013
3414
3423
1042
2921
1042
2742
1042
2186
1042
1710
1042
1712
1042
3144
1446
1209
1159
1152
1159
1117
1424
2134
1424
1032
3249
2861
3249
3063
3249
1327
1803
576
1803
1096
2675
2466
1130
652
1130
2295
755
566
1282
458
416
406
2918
1999
1101
1287
1101
2463
1101
1431
288
271
2209
1736
2209
2499
850
702
357
356
3392
919
3392
2731
3392
2204
3392
355
1006
1193
1006
2065
2902
2169
3074
1671
3074
2116
3242
1118
3242
440
3242
2121
3242
2118
3242
3260
3242
1229
3242
3304
3242
3267
3242
3282
3242
2120
3242
675
3242
2122
3242
2105
3242
3280
3242
3026
3242
1104
3242
2107
3242
2114
1822
1206
1822
757
2891
2171
2774
300
3359
2000
3359
2213
3359
3178
2964
2975
518
512
6
72
74
112
2927
2937
2927
2938
1793
714
1793
761
2115
883
852
437
110
133
110
101
1820
877
1820
1424
92
63
2568
999
2568
1969
2568
998
2568
681
2756
2978
304
3425
1715
407
1715
1479
1600
794
1600
470
3332
1183
3332
2153
3332
2873
3004
1445
775
2127
2862
2875
1418
701
3183
2745
3183
3184
2577
2583
2577
320
108
96
108
119
1309
3327
3056
1350
190
16
190
220
1602
769
1602
1201
701
703
701
2470
3251
1308
3251
1964
3251
3095
161
200
161
97
1621
839
1621
429
1994
3107
879
639
2075
394
722
712
1985
2189
3342
1458
3342
3198
534
789
534
3273
1543
1280
1543
416
131
166
131
58
2660
1118
2660
1116
2347
2498
2347
3398
2895
551
720
3174
720
3078
381
2752
381
1746
381
279
381
3414
2169
2719
2169
2923
39
2437
2450
2437
2845
2426
3056
2426
538
444
425
693
3368
2464
2872
376
1731
376
359
376
2927
376
2596
2389
3097
2389
1983
2389
2341
2389
2172
2389
3351
2389
1882
1633
3159
1633
2461
364
354
364
363
1093
1353
1093
2551
1093
3254
2669
1946
2669
380
2504
2008
2504
2008
3255
517
1998
2960
939
2256
939
1751
1845
2455
2612
2503
1434
3337
1269
2105
1269
1116
1120
722
815
1428
815
1105
815
1108
1860
1279
1447
3131
1447
1177
1447
2340
1447
967
1447
968
1029
2896
1935
542
1935
519
2700
1696
61
196
130
196
164
1801
1649
1801
892
997
2940
997
2347
997
963
997
964
997
1719
1526
369
1526
2068
1675
2133
1675
1963
1122
706
1122
2107
1537
2075
1537
2081
35
1862
1869
1489
938
1489
1758
1344
3327
1344
1306
2553
526
103
56
2503
2750
2503
781
1830
2285
1830
858
1103
2454
3421
2985
3421
2990
1988
1995
1742
258
1742
2624
1742
2760
2926
1728
528
2195
528
2330
528
2329
528
1041
528
2918
528
525
912
805
2055
1854
2055
1958
2055
1653
77
3
2149
3316
2149
1693
2149
2582
1832
1955
1832
742
3150
259
3150
2770
3150
2629
356
355
356
1326
356
265
1007
2063
1007
2065
1740
1744
1740
1746
1791
1109
1791
1654
1765
2059
1765
3066
417
406
1499
3118
438
907
438
807
910
3324
358
1744
2554
3301
2554
2563
1249
1121
1249
684
3057
970
3057
651
2004
1486
1428
1210
2671
2468
2671
3308
2576
2581
2748
262
2748
277
2748
2424
3048
2185
3048
1020
1655
2109
1655
1863
1655
2556
149
2
2757
2626
2757
279
2757
733
2757
2262
2757
274
2399
3141
1338
3421
1338
754
26
76
26
214
2463
3277
703
1453
703
3348
703
3356
703
2736
3000
3023
3000
520
3000
1467
3000
994
3168
1439
2073
1682
2073
1685
2073
2104
1983
2326
281
280
1560
3082
1560
2082
276
275
2289
1959
221
213
221
9
264
925
3285
1128
3285
1356
3059
3400
3059
2615
1545
1201
1545
1390
2337
1377
2337
2199
2234
3407
2326
2196
2326
2725
2759
275
2969
929
661
1305
661
3032
661
1309
47
197
47
135
47
90
1562
831
1562
773
1977
3343
3177
942
3177
3046
2583
3117
2087
497
695
692
695
686
684
1056
2144
2158
2247
3133
2247
3155
1635
1220
1635
3285
469
2562
469
1282
1843
1416
1843
1648
3070
3397
1084
460
966
2608
966
2743
1095
517
974
975
813
1244
1380
1244
1053
1147
2305
1687
1003
1921
1840
1921
2040
203
217
579
770
579
3168
579
1343
1061
1219
1061
2093
948
3015
948
2708
2799
338
3339
3062
3099
2253
3099
3133
3099
2252
1933
518
1933
621
1933
1347
174
70
1189
646
1226
1018
1226
1017
1226
3100
751
1751
1334
475
1237
601
1369
3386
2960
2232
2960
2007
1673
671
2770
3125
256
3266
2148
3266
1227
3266
2678
3061
2331
3061
1717
2778
666
2778
2078
58
206
58
48
1105
1333
317
287
2475
3130
2053
1959
258
931
3087
1752
3087
2633
156
77
156
149
2228
2352
2787
486
2787
2064
3354
1476
3354
2954
3354
2955
2016
1492
2016
284
449
1283
449
752
2761
280
1763
900
1763
902
3078
2127
2971
1495
1199
400
2138
3058
2138
2703
2138
1698
2138
2894
678
2871
1957
423
2936
2947
2111
2134
1711
2337
612
629
612
610
2792
390
1078
2283
1078
852
968
2941
2801
351
2299
3152
1238
1049
1238
2690
3350
1727
60
99
3432
813
954
1731
954
359
771
970
771
1180
771
971
610
2912
610
2911
610
946
610
3345
1349
3107
2584
223
1653
1423
3092
2315
705
1437
3101
3102
139
113
139
163
3180
3059
1328
3063
3306
2586
2846
679
786
1705
66
93
1272
2226
1441
2907
1441
2711
1441
320
1490
3435
3224
890
2859
1205
2717
2497
1030
1704
2620
2758
942
244
942
242
1523
478
1523
851
3413
3081
3413
3050
1225
1650
1225
774
788
1151
788
836
788
901
788
1112
788
1348
788
3014
788
2998
788
3285
788
1141
788
1114
788
1347
788
1302
788
1300
1531
792
1531
2083
1119
2473
1270
2417
1270
2513
1270
2418
1859
2139
1492
286
1096
524
82
27
965
966
1032
3344
1032
1979
3329
821
3329
832
624
3299
624
617
624
2704
624
948
18
17
1807
2059
1807
3175
991
2730
991
1375
991
2951
991
2218
991
3070
940
2238
2708
228
2170
2176
84
207
84
151
2341
1725
2390
1318
2390
1713
2390
2331
1627
1365
1627
2291
2870
574
101
58
200
133
200
114
1636
1657
1636
2461
373
360
373
367
696
692
696
686
882
599
2423
1757
719
857
719
1346
804
1320
804
3082
804
3098
804
3256
804
3049
804
904
804
881
804
2082
804
1351
804
2548
804
855
804
2070
804
2071
804
1957
804
2056
804
3140
804
1055
804
3064
804
860
804
1016
804
2674
804
1113
804
3149
804
2054
804
847
804
1077
804
819
804
3002
804
1290
2993
753
2431
1324
2431
1341
2172
2326
3314
431
20
78
2392
2584
222
3239
508
3239
477
3239
2551
3239
3254
2899
2187
2899
420
275
2325
3355
2325
2595
2325
2183
2325
2182
387
952
387
2476
387
1703
387
951
880
708
1546
2073
1546
415
116
54
3252
623
2400
3120
2887
977
2615
606
2615
835
2615
246
1252
674
1252
1665
706
696
2836
632
2836
1410
785
517
794
865
2861
2143
3331
2181
2994
298
2878
2895
2402
2340
3313
1444
3136
3058
3396
1329
3396
3411
618
226
618
3312
1250
2071
3358
2401
3358
2338
3358
2190
353
347
353
340
909
921
3434
1913
1500
3116
2015
281
3223
3025
2150
2397
2150
1030
2746
751
2746
2761
798
864
1739
3126
3241
1109
3241
1405
3241
827
3241
2099
3241
833
3241
3261
3241
507
3241
1660
3241
1649
3241
876
3241
887
3241
3271
3241
428
3241
1650
3241
886
3241
3159
3241
388
3241
815
3241
1655
3241
1664
3241
816
3241
375
3241
1656
3241
1658
3241
1657
3241
2856
3241
2094
3241
2461
3241
1663
3241
892
3241
1654
3241
899
3241
1013
3241
774
2901
2169
2892
1044
255
2943
1106
1652
1106
1409
1106
2460
1502
3119
411
405
3046
1166
3046
2999
3431
305
2152
1868
1829
1314
1829
441
1001
3131
1001
967
1001
997
1001
968
1797
854
1797
761
3367
3122
3367
2202
1927
1348
1927
1141
1936
346
1936
334
1936
1106
1141
891
1141
2139
1141
2561
1681
1038
1681
863
1681
1207
1190
641
2693
1003
582
581
1108
2565
2795
745
2795
1117
1370
2949
1370
3382
1067
2296
1067
814
1676
3265
1525
878
1525
371
1664
459
1223
428
1223
1650
3319
1449
1192
639
963
2347
963
2347
3234
1324
3234
1948
3234
1341
1846
3101
580
1287
580
2463
580
1431
1372
3163
757
432
1231
1874
3095
2888
2630
1908
2630
2986
816
394
2292
342
2331
1465
1754
2522
470
2381
470
2303
470
1281
2425
3158
287
289
287
271
2472
1446
1768
507
1768
1663
3008
1214
375
984
375
1443
375
983
2290
2103
2290
1426
2241
2416
2241
3415
3144
3145
924
2064
624
1986
3359
2076
3247
472
1304
472
3140
2323
3097
2323
2341
2323
1882
667
728
667
2544
3017
992
3017
2348
3017
3353
708
1052
708
703
1559
3256
1559
2082
2081
391
3209
817
2540
1111
2540
841
273
272
1971
1981
1971
1981
2302
2384
1656
384
3126
2012
3126
3127
1114
727
1114
3103
3321
2163
783
1446
1717
2201
1658
750
1658
1238
3288
704
609
608
609
771
3397
743
3397
2244
52
1350
848
1350
511
207
209
207
119
2300
1863
160
92
160
200
160
87
3143
1873
191
90
191
195
98
42
1352
3043
1352
2605
1352
2605
777
559
3297
2871
2826
1057
2826
683
311
310
1200
1187
1200
2899
2013
2982
2013
733
2694
2906
1748
2999
355
1502
2516
908
2516
2253
2516
2518
3366
3180
3282
2468
3282
3308
3388
2512
3388
3093
1774
2034
1774
537
2857
646
450
425
450
1400
21
1766
1138
1766
1094
212
2
212
3
918
3233
3069
100
40
1202
1185
1202
2844
1202
910
2490
1474
2058
614
2058
644
2058
745
2058
591
2058
632
2058
468
2058
3111
2058
1313
2058
2301
2058
721
2058
553
2058
1219
2058
755
2058
1101
2058
3074
2058
879
2058
1095
2058
880
2058
3008
2058
674
2058
1410
2058
1235
2058
697
2058
707
2058
740
2058
2093
2058
3075
2058
843
2058
1218
2058
3253
2058
3283
2058
602
2058
1665
2058
1152
2058
627
2058
1117
253
3211
3291
3211
1307
3211
1865
1951
352
2117
499
2848
637
714
713
2056
1284
2056
1298
2056
1285
452
726
452
2319
452
1030
452
447
3347
2593
1445
2709
1445
588
1445
1466
1445
2585
758
2421
1143
1415
1143
2109
1143
2300
1683
1018
1683
1017
1683
3100
817
2713
1379
3305
1379
2700
1379
2312
2623
248
1847
2385
1847
1435
1847
1015
1221
1660
1221
1013
756
1460
1726
1460
1481
1460
234
138
64
138
66
138
148
3089
3024
1048
595
2789
1242
2789
2683
569
901
569
1317
93
65
961
2354
1535
1851
1535
1848
1677
713
1233
2311
3325
427
995
3385
995
2231
1074
1363
984
353
1462
2944
1462
2597
1462
2728
1889
2495
1066
1660
1066
816
1926
3064
1926
1290
1937
3236
2345
2223
3338
1457
3338
1021
3338
1022
479
1876
479
2394
479
1875
479
1983
479
2172
479
3351
2333
2603
2333
3044
2333
2605
666
657
2873
1975
130
210
3016
3352
3016
229
674
1425
1987
1993
2077
2879
2077
2125
2077
2310
164
49
2360
2993
2360
2775
3215
2278
648
2158
648
1687
648
1005
934
1814
740
1814
3075
2243
1487
286
285
2435
3252
2435
628
2321
2583
844
1373
844
2391
844
2145
844
422
2362
718
2362
1242
2083
380
2990
1488
2990
3424
271
2467
271
2567
271
268
271
2382
1973
3061
764
3290
3296
560
776
3088
776
2398
776
693
776
694
2827
827
2827
1655
3091
1723
3102
718
3102
826
3102
3289
3102
3247
3102
1242
3102
1291
3102
746
3102
760
3102
3278
3102
3270
3102
2683
3102
1216
3102
3200
3102
825
3102
2685
3102
1288
3102
2679
3102
690
3102
3275
3102
787
3102
775
3102
1675
3102
1673
3102
2859
3102
798
3102
791
3102
2686
3102
778
3102
3179
3102
1668
3102
1674
3102
3213
3102
2864
3102
1292
2874
1098
781
1174
781
2763
3118
1412
574
1054
680
1716
1888
1716
3154
2818
2069
2818
1060
1068
1198
1068
2296
2791
1258
2791
765
549
2965
1410
611
3310
3325
2802
722
2802
714
145
115
145
146
978
979
1657
451
3127
3157
3127
909
2057
431
2508
2756
2508
1338
2508
2972
313
920
2011
2767
2011
911
2011
307
2624
3150
2972
754
2762
3423
668
3014
668
3285
3220
1944
512
2389
512
889
2116
2387
3353
2345
928
654
647
1808
519
1808
1331
2856
2571
2856
3301
2856
2880
415
406
1767
2122
1767
1085
251
2517
917
2517
2425
2517
2360
1953
1854
1953
1958
1953
1423
3062
3371
3062
2349
3062
2613
1005
608
1005
972
1005
2587
1005
971
1899
2964
838
984
838
1443
838
983
510
484
510
1311
510
2889
1806
1641
1806
1058
148
131
1443
2395
1694
960
1694
2187
1694
1991
1694
2718
1022
2335
634
1171
634
725
634
1172
634
3027
1685
392
1145
1237
1145
600
1097
1695
1097
1697
3335
3347
1521
2112
1521
3267
1160
1148
1160
1147
1160
2095
2690
768
2690
768
1129
2298
1129
2295
1533
1197
1533
2085
2633
926
1235
599
2865
3360
544
1651
1020
1993
3346
1877
2716
2000
2716
2730
2716
2214
2716
2945
2716
2198
2716
3071
2611
2502
1279
1694
2098
2554
1039
1883
1039
1464
1039
1034
1039
2492
993
3182
1162
3001
2494
2408
2494
2409
2494
3142
386
377
2335
1722
2335
3378
1547
409
1547
1197
3375
1384
3375
238
3375
1360
1698
1458
1698
2599
1698
3198
639
634
639
2146
2179
1715
2343
1477
2343
2618
232
230
371
364
2905
2711
2905
315
2905
935
3245
1262
3245
523
2421
1749
2421
2985
2262
273
729
1984
2543
612
2433
2297
2433
2086
1589
1069
1589
410
1626
3294
1626
3078
1637
1303
1637
1302
2245
2768
2245
2359
2245
2992
2245
284
697
689
2085
391
869
1329
869
2508
869
3411
869
2235
87
118
2094
462
230
1975
2589
3405
3186
3405
3187
2260
310
2828
3249
2828
1144
1688
2483
628
625
3137
3079
3137
945
1310
997
2544
2128
538
514
538
1669
538
513
1599
818
1599
856
13
12
135
35
2837
329
707
696
2672
641
2886
554
2104
1181
3140
3290
2609
2960
3128
1151
3128
836
3128
901
3128
620
3128
622
3128
1112
3128
1348
3128
615
3128
872
3128
3285
3128
788
3128
1141
3128
1190
3128
1114
3128
628
3128
1347
3128
635
3128
683
3128
1302
3128
1300
1312
437
1796
565
1796
1642
351
343
2738
2750
1704
2188
1819
1206
1819
742
315
1501
186
15
186
220
1107
1652
1107
1409
1107
2460
3047
2984
3047
2769
2212
2222
2212
1175
2212
1176
2634
721
2634
880
849
1481
849
2210
1955
451
413
2925
413
3123
413
2926
413
407
2747
277
2088
2690
2088
2687
2088
768
3230
809
3230
1316
2493
3141
1003
649
2210
3137
3038
1380
742
443
988
3365
2803
1677
2803
3214
3411
2977
3411
2972
3411
2974
2103
531
2103
531
830
2675
830
3332
830
808
2705
2915
2705
3017
151
48
1055
2458
1912
1759
306
3431
1528
884
1528
403
740
1666
791
497
2007
2009
3250
2123
3250
2688
3250
2682
832
802
832
1383
832
3375
832
1179
1149
741
1910
1757
1438
3346
499
483
499
479
182
108
182
150
765
1651
3103
2138
3063
2479
3063
3306
3063
2579
1004
649
177
162
177
125
2890
3338
2249
256
414
1702
2448
2845
2448
2451
17
2428
1675
2428
2859
655
648
2457
1109
2457
827
2457
2099
2457
833
2457
3261
2457
507
2457
1660
2457
1649
2457
876
2457
887
2457
3271
2457
428
2457
1650
2457
886
2457
3159
2457
388
2457
815
2457
1655
2457
1664
2457
816
2457
375
2457
1656
2457
1658
2457
1657
2457
2856
2457
2094
2457
2461
2457
1663
2457
892
2457
1654
2457
899
2457
1013
2457
774
1703
376
1703
2957
1703
953
2665
591
2665
1235
2579
3328
2338
2598
1399
1316
2916
1468
2763
264
2763
3099
2763
923
2973
934
3064
599
985
1736
985
357
83
210
1722
3389
1075
840
1075
428
1879
1310
994
995
621
949
621
2698
2607
3383
2607
3383
3372
2602
1347
888
543
1411
543
763
1534
389
1534
1848
2598
2211
2598
2216
2598
2500
1720
1478
633
611
3402
2358
3402
1188
3402
3156
1389
1045
1444
634
1693
3316
1693
3316
1426
2304
1426
1973
1426
2318
2974
292
2622
3409
2622
257
1437
2178
1437
692
2764
2987
1169
1481
1169
233
845
493
845
1408
845
672
845
1217
845
542
845
823
845
893
845
576
845
1189
1939
2667
2804
1371
998
1000
3155
2257
3155
313
3155
1912
2093
609
447
3132
447
1986
447
2716
2956
3384
408
1181
408
1682
408
2891
408
1182
408
2159
860
527
319
1500
367
3401
367
2927
367
2726
367
2596
1815
565
1815
1844
2120
571
296
295
2269
690
2269
1673
2434
644
2434
1410
2558
2309
1997
950
1997
355
801
837
801
839
801
854
801
2089
801
1319
801
426
801
2100
801
2102
801
3085
801
1407
801
884
801
1411
801
585
801
504
801
1139
801
385
801
3065
801
404
801
722
801
1237
801
794
801
411
801
580
801
470
801
714
801
1412
801
763
801
761
801
429
801
793
801
715
801
600
801
767
801
797
801
403
2581
555
2686
433
129
132
129
42
935
1501
2029
885
2029
739
2344
3010
2344
2607
489
478
489
846
2567
2578
2567
1754
862
452
537
514
537
2566
675
663
2122
459
526
3086
526
528
3104
1261
3104
2060
3104
1193
3104
2069
3104
1140
3104
486
3104
1060
3104
1236
3104
3281
3104
642
3104
3249
3104
850
3104
661
3104
1192
3104
2064
3104
666
3104
1054
3104
654
3104
544
3104
633
3104
537
3104
1138
3104
2078
3104
1144
3104
3207
3104
2063
3104
2065
3104
716
3104
2048
3104
1243
3104
1639
3104
1094
3104
2067
3104
1241
2872
1702
2105
702
2478
618
141
95
141
196
3166
786
3166
3277
69
147
69
81
2775
2522
1228
443
2965
2511
2965
1270
1053
686
2673
289
2487
1714
1449
2177
2549
475
1016
1440
1016
2695
3075
467
406
2589
406
401
2461
1031
2461
2111
2461
2869
1111
3262
1111
3003
957
2219
1678
1097
1678
1097
1138
1385
1138
2103
1138
531
2199
2232
2199
2009
2199
2217
115
44
763
1091
65
1968
2705
2078
659
1612
661
1612
654
711
3246
711
1641
2492
2353
2492
2206
2492
2952
2492
2732
2492
2233
2501
1901
1954
2554
62
97
2238
2765
2238
2761
2238
1751
1299
1102
1299
2390
1299
783
653
652
653
3269
2349
1734
1610
2450
1610
1196
1771
541
3005
727
119
37
1786
790
1786
895
3206
2713
2328
2595
314
313
314
3428
3280
864
1705
2921
1705
2186
1705
1712
1705
1318
1705
1713
1705
2331
2986
1164
2986
356
560
557
560
3153
983
984
983
984
1073
1363
1073
2464
3268
1401
3268
408
2632
2633
1326
298
1337
736
1234
2136
1234
3092
1234
2878
545
3273
545
785
3185
1746
3185
2982
3185
2762
3185
274
1289
3130
1087
2898
2459
2553
2459
1427
3277
779
3277
2472
3277
783
562
561
562
3022
562
2475
562
1289
977
947
977
2911
977
3345
977
1335
1661
1128
1661
2681
1661
1670
1469
3180
1469
3181
1469
3181
2551
1089
2656
1060
2656
2078
635
612
1247
2294
1247
2297
1144
1415
1144
2129
1684
3019
1695
1452
1974
1450
2095
3303
1966
3279
1966
3279
2084
497
843
1692
843
3209
2542
269
2542
2670
1948
3011
1948
1340
1948
1646
1948
335
1948
3039
1948
1647
1948
389
1948
1851
1948
327
1948
1848
1948
3272
1948
744
1948
769
1948
1315
1948
1201
1948
344
1948
1206
1948
369
1948
349
1948
1956
1948
1280
1948
416
1948
288
1948
1334
1948
317
1948
757
1948
1953
1948
1955
1948
742
1948
1073
1948
2068
1948
365
1948
1849
1948
1390
1948
3244
2061
568
97
61
1579
2094
1579
899
921
3369
2600
3369
2729
3369
2732
2147
2480
687
1990
687
2922
687
3364
687
1989
687
1985
687
1988
2244
2256
2244
2981
2244
2765
2244
2015
1813
3289
1813
778
2499
2246
2499
2013
2674
1314
933
3399
2240
673
1425
396
387
2369
638
2369
635
2334
2199
2237
2245
2226
2414
2226
1902
1751
1755
2189
1469
2189
694
308
2470
1453
2470
2703
2470
3136
2470
2160
419
3122
419
2925
419
2926
419
420
267
266
3069
1432
3069
1430
3069
1332
3069
478
3069
402
3069
897
3069
3295
3069
1422
3069
3248
3069
1419
3069
831
3069
1374
3069
877
3069
3202
3069
410
3069
3264
3069
1417
3069
851
3069
2113
3069
773
3069
1424
3069
1418
3069
3251
3069
579
3069
1199
3069
1677
3069
3296
3069
1312
3069
3284
3069
1421
3069
1433
3069
3214
3069
846
407
1894
407
959
407
957
407
958
900
1428
900
1105
900
1108
1509
895
1509
902
956
2957
2555
3357
3312
3015
3312
228
3158
918
2800
716
2800
1241
958
2219
2486
991
1017
2481
1051
1368
3100
3048
3181
2610
902
568
795
1301
795
906
795
907
795
2047
795
3287
795
792
795
741
795
790
795
895
795
1204
795
818
795
856
795
2080
795
575
795
409
795
2079
795
1197
795
2050
795
3255
795
417
795
1084
795
1143
795
1048
795
2083
795
2057
795
2085
795
1107
795
862
795
900
795
902
795
368
795
348
795
3094
795
807
1218
1002
1218
1448
1218
820
784
1877
3167
2168
3253
514
3253
1669
3253
513
1113
2383
1113
3276
1113
2130
2959
2618
2769
1907
2769
912
761
709
268
2697
2999
3125
2999
3427
1787
2046
1787
898
2409
1901
713
1052
713
710
3207
689
2318
3331
1550
371
1550
361
254
2893
2710
2893
2710
3060
1207
651
832
651
658
1773
898
1773
2284
3198
2599
3198
2599
2760
2995
2970
2980
2970
1495
1552
1332
1552
3251
146
131
146
129
2014
911
3222
884
3222
1398
3222
385
3222
715
625
980
625
624
1246
1421
3386
1735
3386
3146
3386
549
2465
2887
981
622
2657
345
2657
337
1071
410
1071
1199
3071
1375
3071
1376
3071
3397
2978
290
2894
2909
1086
1857
1086
1653
964
966
1482
241
976
2912
976
946
3276
3012
2648
430
1224
2317
1224
916
1224
1870
1224
2702
2961
3046
1327
2143
1359
1200
2771
264
1663
510
1336
3286
1336
3286
778
556
3179
445
1480
2510
1480
1905
2987
305
188
20
188
218
3351
3112
274
273
429
421
266
841
597
890
3007
397
2897
397
1703
397
987
397
986
2236
2415
2236
2768
2324
2183
2227
262
2227
358
2227
2747
248
1487
2992
283
3001
1690
3001
3209
3001
2141
2063
624
2382
2578
2382
1754
2382
2360
923
924
1811
1432
1811
3248
1570
3250
1570
2282
94
31
931
686
1989
686
2336
686
1985
686
1995
2146
867
2146
608
805
892
3286
892
3206
892
1336
459
2885
459
1028
459
1873
459
1029
459
2705
339
2404
339
2209
339
322
671
2168
671
999
671
1969
671
998
199
73
91
113
2505
2241
1753
732
3254
3211
2008
2012
2008
3127
2380
2879
2380
2125
1967
2175
1572
2047
1572
2057
2670
271
159
202
159
153
159
103
1209
2724
1209
1471
1209
1038
1209
3060
185
216
185
79
2101
1856
822
2565
822
1333
88
205
88
84
3142
1901
2006
3186
2006
3187
1850
760
1850
3278
1850
2679
1850
2686
307
306
2474
3130
2699
2155
793
1031
793
2111
793
2869
1518
1320
1518
1077
820
1448
820
1448
112
39
1852
2387
1115
702
90
46
2917
2517
2917
2631
715
2380
715
2132
2456
1853
2456
2377
3232
809
600
3045
600
2557
600
2558
2659
398
2585
3342
2309
759
3283
3298
2418
1491
2418
1910
2418
263
368
362
136
105
136
88
2908
3030
2908
1708
1775
2043
1775
730
14
3151
3152
1701
1345
602
601
354
347
354
340
1427
1977
1427
2475
1427
2474
1259
1095
1259
843
1436
589
623
619
623
3299
623
617
623
915
1870
3358
3420
2757
3420
2620
3420
3185
163
164
1642
558
1182
2916
541
515
590
2102
590
1412
1730
2749
1730
2967
1665
664
1524
507
1524
899
3284
595
1346
896
1346
669
1346
493
1346
672
1346
1217
1346
542
1346
519
1346
823
1346
893
1346
453
1346
1059
1346
576
1346
1121
1346
645
1346
3174
1346
640
1346
1344
1346
684
1346
469
1346
1189
1346
705
1346
1096
1346
845
1346
3166
1346
636
1346
1331
3387
1173
3387
516
3387
871
1872
2590
1872
448
1872
3340
1872
2482
1872
1711
1872
2487
2606
2507
2606
3047
631
2281
631
1196
2701
3302
1180
2929
1180
1459
1691
2483
2692
1279
1640
2457
592
1358
592
1642
1732
940
1732
2746
536
3270
536
787
2948
235
527
3086
527
528
2132
2310
239
237
2091
685
2040
3233
2040
1954
2566
2573
2661
3292
925
2280
731
2280
2462
2019
1092
2019
765
1996
950
217
19
217
218
2687
1049
2065
980
2130
2149
803
804
2473
1445
3149
523
297
2424
276
2159
2916
446
2142
446
2882
446
903
446
3321
446
2147
446
1083
2042
3162
2042
3161
2957
2227
2957
955
374
2395
374
373
374
983
329
2851
329
287
3424
1164
3424
2261
3424
2519
3424
1163
3424
2993
3424
3434
3424
937
3378
1339
3378
1271
366
354
2282
524
2678
1683
348
342
1755
1488
1755
2017
1755
2016
2527
327
2527
317
1776
2285
1776
764
3196
303
1764
1348
1764
1300
2995
2412
256
1781
1109
1781
815
2614
2509
2614
2505
2614
2352
716
704
2054
451
2518
309
2491
2735
2502
3217
2502
3034
2502
1903
657
649
657
3329
1978
2323
2539
1154
2539
882
3210
2131
3210
2309
2410
3388
1549
2080
1549
368
2068
374
1668
1328
1668
1327
2808
591
2808
755
1011
388
1011
1656
2462
2378
2462
2302
150
165
150
83
1057
2568
1654
560
1928
461
3117
1116
2305
1116
3303
1512
1355
1512
822
401
2897
401
1468
401
987
401
986
3320
1878
953
954
953
954
767
1666
2817
1236
2817
2048
808
3332
1510
1261
1510
2060
1838
1204
1838
2057
899
474
2629
1483
3108
3139
2005
1486
2005
2753
3377
2741
3377
962
3377
961
1817
579
1817
1433
365
354
2379
1436
683
1213
2143
759
1758
1337
445
903
445
3321
445
2147
445
1083
445
2162
3430
3435
3430
310
3430
312
3430
309
3430
3431
3430
313
3430
923
3430
925
432
434
432
1014
460
2885
460
458
460
1029
460
3143
1756
3425
1756
1489
2221
3109
2221
1900
2221
2964
847
671
340
1885
340
3390
340
2931
340
339
391
2867
391
383
391
2555
391
1667
2233
3408
2489
3217
2489
3034
2489
1903
677
2671
677
676
3026
891
3026
2561
3026
1859
535
906
535
2079
9
1961
1965
263
1909
2541
335
2541
344
2646
496
1569
790
1569
575
2048
573
125
94
125
155
937
3190
937
2424
926
430
1019
2066
466
889
2197
889
2939
889
1467
889
3339
3407
2357
3407
3073
462
1876
462
2394
462
1875
462
2396
1984
2488
1984
2332
1984
2930
2074
1213
342
341
342
336
1995
3171
1995
963
3225
1398
3225
801
1674
459
3368
3009
3368
3383
3368
2607
1666
2881
1666
476
1666
1087
1666
1088
1333
1689
1333
2884
1333
1684
1479
738
1479
3418
1479
2508
1479
2235
1345
969
1345
1463
1345
967
1345
965
1345
964
2552
1211
1934
3292
1934
1226
1934
3266
1648
597
43
98
3315
3167
1077
3160
1077
1860
1077
2692
1360
3079
54
987
954
987
956
987
953
2613
1734
1435
2695
2736
2002
2736
3033
2736
2956
5
2631
1754
2631
2425
1243
695
814
394
973
975
1083
3341
3398
835
3398
2005
1362
2058
1844
2553
1844
1427
1321
718
1321
3270
1321
3200
1321
1947
1321
2685
1321
3275
1321
1674
1628
416
1628
1073
688
2239
688
3156
688
2243
688
248
128
41
128
84
2528
3174
2528
705
172
202
172
53
172
128
2310
2902
2310
2901
2310
3335
2869
2134
1707
2715
1707
2591
1707
3090
599
2136
599
2154
599
3092
599
2878
1538
3270
1538
791
2537
1317
2537
1141
2312
1696
3240
826
3240
746
3240
2038
3240
1288
3240
690
3240
775
3240
1673
3240
798
3240
778
3240
1668
3240
3213
3240
656
3240
2864
2900
2588
1104
562
3093
1747
819
844
704
2169
704
3347
704
1212
2438
2685
2438
1292
2860
2562
796
3380
796
959
796
957
796
958
796
986
2619
3124
2619
258
140
132
140
98
140
148
1212
1050
1212
2712
1212
2719
1212
1051
2107
2161
2107
1381
2107
3311
955
3410
955
2748
2447
2848
2447
2543
73
212
73
5
1849
2459
167
6
167
212
1210
552
2003
2229
2003
962
2003
961
2695
2903
301
3330
3021
3330
550
3330
2192
1088
3204
2793
547
363
360
363
347
3094
3290
685
2166
685
687
2145
3338
1634
2685
1634
1668
2871
873
2871
662
2022
1092
2022
2084
694
3368
443
3203
443
3048
443
2890
443
1017
443
2145
806
3125
3036
2733
107
118
107
92
3406
2749
3406
2967
2129
1863
2160
2170
242
521
2201
521
1471
3235
345
3235
2046
3235
3164
3235
337
3235
2283
3235
1198
3235
583
3235
898
3235
370
3235
2284
3235
1371
3235
2296
3235
2072
3235
1092
3235
328
3235
1258
3235
3212
3235
3322
3235
852
3235
2053
3235
2292
3235
2290
3235
386
3235
830
3235
765
3235
1228
3235
2673
3235
2084
3235
2061
3235
396
3235
1086
3235
366
3235
814
3235
829
2097
556
2582
3333
330
325
330
316
265
1499
2279
1952
2279
330
2020
2376
2020
2280
1544
1366
1544
3314
3376
2502
2235
2972
2235
2978
533
1340
533
3272
240
291
290
1993
990
1993
1722
1993
1472
2162
2716
2794
850
2794
1241
2039
1261
2039
2060
2039
1193
2039
2069
2039
1140
2039
486
2039
1060
2039
1236
2039
3281
2039
642
2039
3249
2039
850
2039
661
2039
1192
2039
2064
2039
666
2039
1054
2039
654
2039
544
2039
633
2039
537
2039
1138
2039
2078
2039
1144
2039
3207
2039
2063
2039
2065
2039
716
2039
2048
2039
1243
2039
1094
2039
2067
2039
1241
1098
2591
1098
2327
332
331
332
2931
332
1441
332
339
2726
2735
2726
985
3345
2919
3345
3352
2621
2759
1343
570
1179
2220
1179
2205
1639
623
698
2683
698
690
547
888
2946
301
1335
1709
1335
3016
1262
1406
1262
2455
1262
2862
1421
691
3145
2968
3145
3154
2588
2187
1697
1707
1697
1707
1245
2107
1245
2106
637
629
637
974
637
3313
637
973
626
2063
3433
308
589
875
589
3330
1433
574
1729
2614
1260
583
1260
2290
2597
1735
2597
3146
2597
549
975
867
1094
3286
1094
1336
1094
2863
1869
1455
1869
3358
1085
1871
1085
3307
1400
1227
1400
2678
1400
1963
3152
3134
378
1842
378
364
1794
583
1794
3212
2536
775
2536
1292
1785
1114
1785
1115
1706
2588
2252
312
3213
571
1402
433
3231
496
3231
436
3231
473
3231
1203
3231
3236
3231
457
3231
464
3231
444
3231
3239
3231
450
3231
1202
3231
541
3231
430
2250
2254
2250
3155
2250
2518
1618
836
1618
1112
2875
524
3323
3017
1015
1440
500
906
500
2050
1909
1494
739
3051
1798
1347
1798
1300
2446
638
2446
1190
405
2171
405
1182
405
401
3395
853
1150
3265
1150
2110
2689
2473
502
2115
502
2117
2106
708
3141
2611
3141
2410
3141
3376
3428
941
3428
311
3428
306
797
2866
797
2464
797
1074
2001
3024
303
2997
303
293
2625
259
2625
2628
2625
806
829
2680
829
2868
829
1672
1152
3045
1152
2557
1152
2558
3324
1183
3324
2883
3324
2873
361
352
490
2050
490
3094
441
1858
441
2307
441
1967
322
1736
2272
1059
2272
684
1788
564
1788
582
384
377
384
383
2225
2758
2225
3185
3423
357
3423
3196
523
874
523
2713
395
387
395
397
1942
1301
1942
3255
204
219
2030
803
3028
789
3028
1365
3028
2059
3028
3066
3028
3175
3028
878
3028
2043
3028
3273
3028
1366
3028
2285
3028
2062
3028
346
3028
2293
3028
350
3028
858
3028
2291
3028
1283
3028
752
3028
334
3028
730
3028
2075
3028
2073
3028
2289
3028
3314
3028
785
3028
1106
3028
2081
3028
777
3028
764
3028
415
3028
371
3028
2549
3028
1359
3028
361
1965
2164
1965
3061
1965
2318
320
319
320
1450
2096
1676
492
3065
492
767
859
2453
859
3028
859
3018
2270
2071
2270
1055
2119
2562
531
1707
531
1697
531
1452
80
8
80
73
51
38
51
196
51
150
195
70
195
135
173
127
173
94
173
163
3037
3382
293
3432
1991
3367
2662
886
2662
1658
1940
453
1940
643
1940
812
807
2092
807
2675
807
808
104
205
1624
1379
1624
1057
3229
3238
3229
859
2032
2079
2032
3255
1390
1322
1390
2299
1390
3151
1341
3011
1341
1340
1341
1646
1341
3039
1341
1851
1341
327
1341
1848
1341
769
1341
1315
1341
1201
1341
1206
1341
416
1341
1334
1341
317
1341
757
1341
365
2702
914
2596
2935
2596
985
2596
2946
1170
232
1170
254
2691
3262
1804
2075
1804
2073
2718
3367
1719
3171
1423
1872
1882
1725
1696
687
636
612
627
978
2938
357
2938
2986
2938
2499
1392
2061
3214
2313
3214
2132
158
202
158
102
1172
1349
1172
255
1172
232
1431
786
22
21
3379
376
546
1095
546
3253
1880
1883
2947
236
1325
2742
1325
3144
1325
1729
2727
2405
78
19
218
219
218
17
2610
3403
2610
688
3139
3035
3139
1906
3221
402
3221
1422
3221
1944
3221
1199
2114
465
656
648
1302
3298
2350
2241
2545
3103
1609
3014
1609
3297
3188
3176
3188
795
658
802
658
2215
658
2343
658
1179
198
214
81
32
50
162
50
91
50
163
717
1244
717
3288
1783
3066
1783
785
3243
1118
3243
440
3243
842
3243
2121
3243
780
3243
824
3243
2118
3243
3260
3243
1229
3243
2112
3243
2110
3243
3304
3243
1090
3243
3267
3243
2115
3243
706
3243
3282
3243
2117
3243
1162
3243
2120
3243
675
3243
2122
3243
2105
3243
3280
3243
1661
3243
1116
3243
3026
3243
1104
3243
2107
3243
1085
3243
2106
3243
2096
3243
2114
3243
2108
3243
1076
2903
2175
2903
2173
1300
522
3197
2500
1777
833
1777
892
2352
2511
2352
1270
2989
924
36
89
36
70
36
197
278
2521
278
277
2526
1195
2526
628
3365
2211
3365
2216
3365
3197
748
3128
48
154
48
34
1013
408
2200
2405
766
1188
766
2627
2635
349
2635
365
189
78
189
218
1450
2631
774
2866
774
2464
774
1074
2816
827
2816
815
2863
3206
3182
3110
3182
1900
3182
2964
155
30
3090
2403
3090
3091
3090
2200
403
393
1117
2877
1117
1119
1117
2689
102
52
951
1881
3311
1052
2790
715
1058
2568
2202
1728
3333
875
1918
780
1918
1364
3116
1452
2181
1056
2166
1056
1345
1714
1898
1714
3413
1714
3108
305
2067
646
2370
842
2370
2108
2108
680
1582
1016
1582
441
2495
2498
2495
3398
2190
1890
2141
1692
681
2178
681
997
936
1499
420
869
420
1479
927
2647
1422
2864
597
3219
1846
2223
3109
2223
1899
664
1447
664
1001
3027
231
3027
1994
3027
1349
393
392
393
383
525
3336
676
2871
2231
2006
3382
3067
3382
3399
1757
1759
1757
3426
2372
288
2372
317
1580
493
1580
1331
846
475
2991
260
3334
1698
2192
1718
2192
3037
1963
2148
261
1853
422
1457
422
1021
422
916
422
1022
3002
1148
3002
1147
3002
2095
1816
3210
1816
3002
3018
789
3018
1365
3018
2059
3018
3066
3018
3175
3018
878
3018
2043
3018
3273
3018
1366
3018
2285
3018
2062
3018
346
3018
2293
3018
350
3018
858
3018
2291
3018
1283
3018
752
3018
334
3018
730
3018
2075
3018
2073
3018
2289
3018
3314
3018
785
3018
1106
3018
2081
3018
777
3018
764
3018
415
3018
371
3018
2549
3018
1359
3018
361
284
283
2638
2292
2638
366
25
295
294
1470
3386
754
2985
1331
498
1292
709
2772
927
2737
3371
2737
2349
2737
2613
2962
3407
768
587
1425
873
1425
662
1472
3389
1076
2385
1076
1435
1076
1015
986
987
986
987
1064
642
1064
633
1924
2099
1924
3261
1924
375
2904
1311
3072
2357
3072
3073
3244
3259
57
103
1241
713
1290
571
971
972
971
972
3309
1702
1081
824
1081
1229
559
557
559
3153
29
28
29
211
1708
2594
1708
2594
2728
1325
1667
2564
1323
300
