6139
5680
7163
7891
3361
3257
5483
6859
1507
2503
1800
3637
9067
3575
3074
8776
2570
7996
6774
1621
9729
9404
1046
5067
6415
8300
2734
2396
1350
7355
5979
2358
3623
2912
7581
814
6588
9259
7283
603
4487
7958
959
4962
3034
3868
4063
6946
7689
9350
17
1724
4965
376
9251
7372
9396
6486
433
8540
8661
5919
2372
180
7783
1946
2689
3865
2
9155
1712
5709
7972
4968
2283
355
6084
3862
6585
2581
6433
3230
5303
1391
7955
1287
7358
9122
2355
2924
5671
5436
4369
9652
4720
7734
5694
3476
9095
6306
9629
8216
4550
7396
8947
9735
3100
6242
1774
4692
9679
4426
6418
6010
4307
4840
4411
1859
7570
3578
6800
7503
8057
6331
2163
6427
3830
305
2989
8274
1167
3
1584
27
3826
2462
5818
9336
1085
7629
4007
6887
9673
9038
2374
7566
6717
7974
3289
6796
4648
502
2061
3769
6547
6031
4836
4599
4430
9738
8192
3683
5188
6006
7205
7914
3096
2208
5827
3480
7468
2465
6310
9202
8220
7400
168
4546
6728
5440
4716
3811
4459
5003
562
987
3169
8255
4105
1983
8828
9215
4604
2853
8635
8383
8577
8134
9492
3058
2602
9130
3226
1772
3211
9062
1950
6758
1755
791
5268
565
8272
2244
5833
7657
6121
9601
8536
7244
5265
1653
568
1414
3471
2657
4161
9319
6490
6752
697
3072
6755
6673
6522
1758
6950
3554
8992
5642
1639
8638
8794
3055
6279
6772
7602
3509
3334
5262
1259
8258
4632
4108
529
6983
3903
1346
7465
2400
2468
9686
8296
6725
9374
1050
2761
5185
8613
7208
8000
2205
4144
1796
2957
2566
4645
7061
883
7462
1088
8806
8089
5815
4907
9723
7374
9538
2629
3494
5676
1887
5941
6347
9565
8595
2916
8094
7765
6451
2642
9292
1645
3489
1144
4088
2262
7003
3883
5657
9019
7268
3280
6563
2265
315
6510
4346
5793
7762
4758
678
2976
9740
9579
4050
9110
6836
542
179
4796
5566
4639
903
5629
8808
1108
8109
4887
1632
2676
4259
9536
8455
1907
1161
343
7440
4414
4653
5400
5468
8472
7930
8224
8071
5205
3136
7188
6181
2185
6322
3703
8212
5986
5208
8040
7185
2188
8556
3271
2440
3367
6290
723
8336
5465
3791
1604
8915
7676
9703
9590
5374
1105
9338
3987
384
6907
3534
5462
5901
9036
1459
8458
5061
6479
1836
404
3309
7
9413
3191
4950
6170
675
4755
737
8080
1430
1716
811
9597
9519
8496
8902
1546
7265
5864
2268
5244
8667
4983
1007
3294
57
4085
7262
2003
826
8826
4584
5602
8403
8598
1599
7768
769
4772
1648
8649
7642
198
2303
6104
6962
6605
5283
9459
1411
5581
1307
2994
4167
3457
830
2671
5355
9247
1550
423
6229
8500
7803
1720
5372
1369
8368
6965
281
8076
2709
9089
9550
1968
1426
1692
4946
5689
9424
6166
4287
325
4391
1840
9071
3597
862
7483
2767
4859
6099
5882
3668
7680
5163
6148
5943
3009
9743
2694
8340
9353
2436
6286
6022
8036
7067
8560
4712
2971
8855
865
5990
654
4774
9709
3140
4724
6202
2067
1063
7869
868
5396
7926
7694
5734
3662
8153
7436
8951
7911
3665
6145
6644
2680
9080
4800
5503
3959
1487
5570
2483
3814
8778
6840
9050
2980
6968
4046
7709
1965
4621
3276
6506
9398
9609
4350
5851
8365
3214
7671
8474
6531
6047
5358
2892
8362
443
342
6393
6608
7303
6132
1962
583
4507
8959
2920
7866
2815
1973
9216
2941
6494
1035
2052
977
7439
2127
5957
8452
4664
5448
7929
928
8373
8587
5399
1402
1123
8110
5630
411
5761
705
4260
917
9716
2118
781
9074
337
7614
4640
7115
3725
1913
3956
2133
6334
6935
6877
3998
1938
2384
4049
1574
8918
6821
8425
7706
5404
1137
1075
9335
4895
6055
2025
9044
6554
7028
6509
3279
7984
4215
6072
4701
3752
8243
2197
1193
3522
3673
8182
5178
7731
3121
3490
6471
7017
770
2731
1600
1013
4227
744
2833
2017
514
9239
8650
7197
8417
8321
6211
5175
9362
5237
4442
6058
9544
1366
2028
228
7025
5853
9430
6226
4218
7384
3995
6938
6169
4949
7133
5686
1877
952
1935
5093
873
5432
1429
8428
7902
4898
8805
1078
63
2706
8079
1821
3310
4856
6480
2115
6913
3728
7118
5223
2614
3006
6683
4233
1460
2827
1741
6096
708
13
6289
7127
2439
3717
5445
925
9568
3547
3031
4097
2818
6973
7052
8039
1038
1558
3427
663
8559
3331
5525
5989
8504
4535
4477
7352
240
8791
1338
8339
7591
6578
295
7273
1456
8893
8733
3242
5154
6100
3010
3418
62
7679
9584
4860
3306
4845
9395
6476
1839
7881
2710
9422
2328
7817
5151
5690
7325
5924
6230
3433
3585
3084
1549
66
8548
8775
5552
1370
5473
4295
8718
1719
8499
5722
1498
7828
2317
829
4832
2421
8769
6784
1313
435
12
8727
8646
766
3842
8021
1596
3486
9096
2919
4743
9671
7421
8201
7825
8858
7317
4804
4513
1251
1784
4682
3588
415
4349
8545
4298
6034
8715
491
1495
7710
2979
8284
2325
5912
7328
6623
5569
7773
4636
1572
3960
802
4799
6839
218
4848
7852
5517
9104
4256
5626
5747
3415
8106
2679
9156
4538
1381
5611
1277
8164
2352
8131
1335
2273
6074
6637
2591
9367
6575
9283
1555
1054
3139
6257
5528
8532
7870
6361
3608
7722
3393
3132
7473
5920
4335
4277
7552
4381
511
1538
8539
7690
5325
628
6214
8304
7151
5892
4054
4555
3531
3047
9098
3506
6276
3802
960
2851
4572
1636
526
8800
23
8856
5980
4784
617
1256
1804
6832
5273
4495
5591
8299
1298
8787
1349
2611
8348
5352
2528
7525
9380
8983
3644
3145
6665
6845
1848
6860
2569
1799
6662
2626
2747
1682
5679
4251
3202
8693
6140
1513
2517
7154
8086
9158
9701
35
1743
4313
7626
7747
2990
2154
7517
3829
5971
1860
4596
6848
9053
842
1845
390
3766
4839
3022
3286
6799
7569
2525
141
7528
2882
3099
2943
6009
3148
8484
6668
9483
4498
573
4719
1295
4370
7611
5767
4549
8345
9371
6597
652
8241
9389
5317
9124
6804
3166
32
1832
9193
5421
4456
3229
474
6457
5328
625
8332
2151
2690
5710
4558
2473
3605
3104
2722
5994
425
4338
2552
1477
1535
3925
8032
5028
2432
2093
7404
4038
9535
6294
6895
8147
5706
4821
1898
1949
4935
4877
208
2686
1097
5017
5731
51
2864
3170
7178
4741
2237
2175
6191
4460
1233
9643
1218
6309
7399
8219
258
3479
9113
7448
9566
5439
4366
2445
1442
4078
4429
8045
3873
2901
3952
33
6534
995
6367
8939
3290
5115
6271
2223
5614
1227
4013
4600
1856
3770
2986
3322
6703
7630
688
8090
4193
8751
3181
2630
6136
1701
685
8521
74
5118
7223
8122
4913
9654
6856
4075
22
4137
5052
9218
8825
8048
4574
1049
4973
998
7999
1215
9410
2399
88
5127
8607
7445
2448
1260
7175
7237
2178
530
5197
5976
956
1640
3781
3510
239
2793
6280
3563
3917
6898
3977
4035
7093
7432
9035
1895
2404
8916
5133
6949
7686
7942
5384
4938
3451
4123
4402
5916
3347
3928
145
6489
1664
5025
9344
8004
4173
1681
4252
3201
2825
1113
6540
6661
7919
918
9596
8486
2117
8827
4594
7033
4095
3764
319
978
3284
7979
4993
5620
1923
5447
7125
2379
3715
5958
5351
7624
2128
2612
310
3545
8588
2156
9023
1589
5592
927
2198
8415
6831
7195
3106
5177
5235
5996
2249
9604
463
175
4225
3801
2852
4571
6300
7018
7410
2015
2773
5891
9037
1875
1937
7073
6878
3532
3997
2870
8954
8139
1138
8811
360
7152
933
7027
7551
4609
186
4382
512
7721
6806
3164
3131
4443
4454
8833
524
9240
156
4786
2551
2027
6057
4217
3339
1254
1023
9303
1806
2721
1878
9454
3504
81
6937
9537
6274
6875
2073
1135
9341
8331
2152
4897
1077
8427
3559
1634
4228
8306
5390
9429
6216
9715
7015
4056
2018
9452
2410
9084
2195
1831
1670
1419
7198
8418
8010
5422
5238
3733
8242
7249
5213
2624
3499
7612
3718
7128
651
5955
6923
2125
7379
9523
7156
8084
124
3548
8585
8433
9657
3893
2033
2817
4098
1037
975
106
4149
2881
5783
3021
915
7117
3727
3646
4580
841
5972
707
172
2828
5515
3321
3417
2739
5745
3650
7833
4576
207
6779
6272
3079
2902
3951
3428
1557
2553
6255
6854
1275
1337
7160
1441
4478
593
6635
6383
6577
6134
2333
5914
7315
329
257
2318
7827
9514
4742
1666
9718
6192
8006
4060
5732
8728
1729
2406
7684
8310
5386
6220
954
1323
3039
8770
9273
173
2431
4822
471
2327
7818
819
8547
8031
9068
2493
1810
1497
8717
4790
5974
6810
8781
7493
3373
3587
2929
3452
4401
5533
4297
7941
4523
9163
7327
2866
7815
7431
6089
8948
134
6296
3843
7406
8725
9574
5704
3782
2684
87
7318
6000
6613
2315
9014
3110
8279
2984
8785
1278
4537
4475
5293
2160
7333
6638
3425
5616
1854
7553
5051
6258
5527
8490
1779
8121
4847
9401
6536
9246
8673
3182
8522
5699
5518
1702
7739
4364
8752
3243
5748
8946
7386
5930
6472
5684
7732
3122
2704
116
3521
1364
9314
8181
4702
114
3751
6224
6071
3090
5315
618
6790
3607
2533
1475
1537
4278
6822
2999
6455
746
627
3048
9473
338
8799
6109
516
659
4779
8563
1847
782
8510
164
7793
843
9248
7745
9720
9379
2748
7515
5762
2699
2518
1297
3004
1401
633
8347
6595
9365
6094
5765
8451
5160
2293
4854
2942
8863
2527
2051
1523
2616
3819
5553
7051
7527
6667
7616
3147
3954
4323
6649
5333
4497
3032
6598
6403
7293
5768
9143
203
6080
227
7748
4666
359
5739
1742
2745
7699
7518
8170
2515
194
7864
6847
9397
6496
4729
1060
5431
1822
7901
5327
6458
3045
4557
9390
951
8973
7533
8777
9066
9613
1790
8479
1478
4441
4337
4810
3219
5493
4275
6040
320
6556
481
8322
6212
5318
615
7986
6336
2386
1576
2732
309
7704
8290
5406
3841
1580
8286
5410
5018
8022
6340
3915
9553
2390
2238
7177
7235
7990
4831
6036
5195
6560
2422
3345
4806
5721
9003
291
5027
1786
5551
1897
5152
9041
8148
3484
1149
202
7943
3975
4037
4878
8807
1098
8099
7882
893
5073
6500
5803
1056
6368
1228
8229
9624
8166
687
4419
6076
3241
4670
7592
4023
4254
126
1217
2213
7351
5624
8104
7447
8605
8940
5125
6993
7620
4634
8831
4077
4135
3332
5033
3933
8531
8047
2620
1993
4138
6362
446
997
3304
6474
330
3539
1454
5156
9323
1443
2592
1382
2447
4923
414
5379
8393
8608
2351
7213
1609
8132
5612
5128
7851
6365
5117
1571
8506
9598
9409
1225
801
5911
8145
9541
8644
6897
3978
520
764
4937
9337
4875
1095
217
750
1594
9254
9503
3927
4589
3348
492
3299
6786
2235
1252
2177
5249
5869
7238
4681
3086
5198
3693
8202
7422
1173
6153
5015
3918
7390
5926
4113
222
1834
6182
8072
5068
6243
4863
1606
7674
8471
5376
5159
1162
3536
9101
6425
3258
8334
9512
2700
1165
1631
274
8509
1508
541
4780
5984
660
4305
8055
3638
8554
9161
3867
3613
3000
6110
7761
3296
6789
9260
9736
824
4586
1714
2357
8494
2261
9349
5866
3089
1544
1353
9332
5246
5929
6373
2641
6587
39
1285
7957
6452
4488
9368
7641
8289
2974
8786
1288
5601
251
4771
4485
7261
6039
7357
4344
1789
9245
4809
3220
812
8480
2914
8096
448
4967
9688
3192
8683
8
1146
1505
8226
9630
4308
8058
1059
5062
4730
3134
3635
3383
3577
7853
5740
6428
5902
6079
5461
4416
3255
1168
8169
7700
9012
58
3792
2674
6650
3272
3963
3820
9562
6834
197
233
8934
6417
5065
4794
8857
5564
6321
8211
5187
2972
7619
1203
5828
2207
401
4711
3816
354
6021
7467
2783
4263
6727
6646
5394
5817
4905
7696
7924
8917
1885
5881
4669
5736
7083
6888
9622
7434
4420
4008
4726
4647
2955
8982
6718
6499
861
8230
96
6548
4392
9682
695
1691
1150
4183
6757
6733
8100
9685
9129
3216
5267
9595
8476
5371
9384
7658
9152
2655
988
3274
7989
6504
232
6559
2672
1412
3057
5409
8578
4044
1579
5582
5643
6961
2389
6339
9320
8074
8637
8575
9567
1424
4944
1961
6164
8872
6131
7389
8257
6532
223
5870
985
5250
8361
2891
7672
9221
4107
567
4590
5852
371
7655
5773
2658
3300
698
519
6106
4622
753
1757
749
2996
9482
8034
2958
6715
9732
4776
6545
656
4908
1087
2696
7912
8623
5103
300
2434
1888
4005
6885
6284
449
235
2083
2467
3661
3540
1610
1463
5380
149
2619
5825
6201
7207
4463
4610
5658
8662
3153
2926
7371
7267
4757
677
735
2869
6086
6693
8140
1944
7643
4961
6348
9020
7582
6299
7409
9580
1005
2911
8665
452
2250
4087
3365
2380
5467
9109
1590
8276
3753
1622
5619
7187
7980
7920
9172
1776
447
6539
4424
18
4888
3362
1107
5434
7892
7736
5083
8921
5696
1908
3474
92
8214
3985
7394
6304
6905
2103
2736
4885
8457
1905
2394
6332
7103
6908
262
3988
6776
7994
543
9712
713
4579
1044
9282
4412
5207
1183
6241
2187
9589
4150
4691
3076
3368
7380
40
3500
2803
1420
1008
8009
5672
6484
8668
1669
9217
7250
455
1392
2643
7767
5389
212
9571
6345
6944
8597
3861
2409
9520
2582
1726
1647
738
1711
816
7971
4203
3560
3036
8764
5655
1263
266
2267
2371
3340
1809
3336
28
9460
4789
8367
792
8271
1967
3556
9157
3040
9234
820
299
3212
8703
263
963
2601
9366
1730
1771
4059
8309
1308
8788
6219
4505
167
3458
9532
8534
7246
4168
1416
9090
9549
150
561
6045
213
3812
7159
8945
7376
9097
3496
5674
4146
6863
1794
2065
2564
9443
3080
7068
8191
1485
6032
2062
501
4288
3649
6780
2768
3598
3403
1344
9312
2740
8294
6147
2461
3667
5700
4353
5942
4544
8842
7461
7740
4714
8489
1488
7062
6004
4285
3094
7916
2765
9065
3595
1780
9079
7564
9690
2068
1863
7065
7976
6794
4834
867
2762
8861
1586
2159
3824
8280
2376
3455
4631
4165
5999
2246
9032
3109
5357
9049
6048
5261
6771
6607
7601
346
1305
5641
9610
4508
8136
6967
6521
93
6090
3224
3071
6751
2930
3472
8960
6809
4162
104
6122
4606
6566
7717
3127
46
5796
4343
4282
7031
7547
2973
1815
6818
8821
6629
5887
1941
4001
3052
6468
8684
6400
7310
8974
3797
3118
590
7728
2913
4567
2725
9614
5181
4749
7006
3886
622
8315
6205
4519
6827
4698
3025
4656
931
9392
9144
237
5451
8160
2279
5347
3133
2938
3384
7854
1070
4793
5510
778
5563
7779
2121
3964
2490
6657
6833
1735
1677
2752
3197
906
2522
5758
2673
8739
1738
711
7752
5170
7673
5755
7522
5950
7121
3731
6244
8864
4864
837
775
3017
1833
7490
1041
2877
2935
669
8553
3706
2821
5983
3028
8333
7279
5772
6602
647
726
2006
823
5322
6208
1319
4986
8318
1827
4695
6465
2310
328
7725
8406
3115
5290
3614
9474
2728
6462
8327
1818
4901
1081
8431
6815
9713
9438
6374
6941
1543
4221
9313
1354
3439
2717
1713
8493
7810
5479
6061
1482
2547
2031
8721
485
7806
1501
5859
9186
8551
8027
2427
7139
4943
2331
8152
5148
6163
8073
5099
879
7878
1423
1102
4882
8018
8410
1019
5286
5022
2306
9253
8845
2839
754
5774
4990
9719
2242
9504
1245
2010
2418
7415
8195
7831
6581
2433
2585
6283
730
7588
2084
5605
8888
1341
8125
8624
1375
1437
5104
6355
6979
3710
8033
3947
3328
1561
6372
9496
7486
340
1232
5229
195
6919
9324
413
5166
3317
4239
5946
1464
3421
6689
4264
910
136
2784
8996
2486
4851
8117
5506
9298
1919
1204
6358
4142
1066
5047
5531
1979
3325
2588
9623
8156
7084
7433
7585
4660
5132
5608
5393
8128
1129
8612
7923
4541
318
8379
1378
9004
7242
1248
8249
2415
3679
8761
8198
7418
7010
3890
1199
5202
586
4184
8015
6734
6396
7306
3922
7331
5644
3982
2139
7427
5145
8942
9554
7875
9637
4043
7937
488
4397
3352
4301
3273
6570
6503
5800
3591
714
1043
0
544
9242
7993
8620
2531
982
2047
4979
8351
2393
2608
2132
7104
182
5962
7605
8447
9359
5588
1301
8592
1397
890
4199
5965
9450
4248
2804
9524
7166
8998
922
2506
4919
7229
9296
1851
5486
1184
7099
6882
3528
2644
9083
6680
7148
4066
631
6943
5139
1142
2145
4378
508
1541
4129
1660
6483
3611
6067
5415
3626
3747
2202
3517
9304
6990
8235
8177
3910
1264
606
4204
9453
2848
71
3569
7286
2799
7022
8390
8953
5306
2860
6694
4232
2845
2286
2022
6436
5418
5010
7202
8422
1990
4464
8834
1239
8238
8757
3154
5242
4437
505
7786
4375
4341
464
9188
165
9603
5840
4561
3525
2099
1882
947
1943
5427
7145
7897
7644
9641
5331
2148
54
3754
2229
9498
7506
6851
4019
5968
6709
4245
2832
2166
9024
2605
3473
7132
6303
7393
8213
7608
3722
2104
5433
8886
5585
3552
4501
5084
4102
4423
3151
6671
3879
3690
7047
7531
3432
3093
2898
4081
3686
2949
6003
4482
7347
579
4713
7451
4354
1221
4543
2170
1695
8515
691
3237
4319
3175
3823
8745
358
4833
7563
6268
1864
6793
7510
9573
8817
144
7822
1901
9436
4818
4041
2479
5031
5836
5547
9013
7790
3445
5717
2322
4827
1986
6188
5006
308
4738
7181
2290
3223
8732
6440
5728
2856
3775
8386
5310
3837
9164
183
9274
8704
964
5725
7290
610
3778
7322
6986
3906
3630
6185
2181
4677
4735
7479
3399
3931
8533
339
3448
1656
9513
4941
6676
4070
5907
4815
6901
9419
1567
5490
797
6265
6864
2510
1793
5121
2563
7847
1698
8699
5522
1519
8518
3178
7170
5673
886
5752
8748
1749
2451
8293
5279
2347
1282
1343
6642
8772
1001
8616
9135
2895
3404
6262
8527
8051
7961
6352
1633
1385
2637
6591
8967
2575
3503
2800
6273
9181
3570
7578
2074
1253
5665
1024
8763
9280
2361
523
6989
3909
2257
276
8658
1659
5662
4130
3734
85
3396
7476
9495
7757
7100
5140
6679
3871
7230
4920
537
3894
4405
2034
9185
8083
9522
8434
889
4200
7888
4892
1746
3358
1627
5214
2623
6924
6325
8696
30
1516
8899
1912
8846
148
5276
8467
5784
4980
1618
8619
6421
3689
2946
6317
3880
8207
1114
9289
205
1615
3372
576
4174
6710
9022
7885
3355
4316
1924
3992
6912
7623
6328
5457
8877
3283
9742
2230
4994
3581
9582
4408
7034
4593
4020
3763
4971
2100
9689
2774
742
8655
255
2476
8995
5839
4444
3163
8672
5668
1012
4453
5009
9170
7257
1240
7361
1989
5597
9271
2859
4767
8389
934
1388
2578
7074
7575
9467
7637
6439
6957
2289
3061
5309
1312
4524
8840
8931
1236
4172
3462
5534
7494
9138
3374
9683
9726
2480
4155
3465
431
9
5271
6614
788
5367
7789
6115
6761
20
2683
2096
1687
3844
3208
5703
9697
7055
4292
1853
4016
2058
6028
7554
7509
4651
3602
857
2772
2226
9030
5877
4320
9612
7334
5935
2169
8907
2983
6706
5821
5294
580
3808
3244
4363
6731
8674
7471
6017
7072
2211
4707
59
2950
8962
5191
2755
3876
4976
6197
2072
7211
2758
7834
9462
3805
5280
2471
3657
7169
5938
6384
6133
1520
2334
8700
1091
1750
4196
9227
594
9444
7058
2554
9092
5489
2055
1492
6853
6025
9530
7226
2509
4916
4069
5136
7683
1761
7096
3205
3400
4158
9676
3468
7480
177
4126
571
5913
6118
785
4111
9211
5973
6052
8261
2887
38
8357
3629
2494
2796
7289
9233
6127
3566
1957
4512
953
1324
609
8641
9310
9435
7294
5895
6404
8911
1111
3262
5334
243
7780
5509
3953
4324
1512
1916
3642
5554
5055
8933
2489
6178
7191
7863
1976
5072
8068
1069
5471
8376
3785
9119
1126
2280
1158
8159
3265
8927
1196
4750
9649
4091
3676
5494
8246
9632
4520
7534
2907
6399
7309
9010
4492
6448
589
215
4957
7703
2136
4761
681
3185
6630
7367
421
7271
805
9560
9706
2271
3440
6223
2367
1363
5480
808
298
7809
5856
5096
29
876
2703
1707
3188
7136
7967
5683
2836
9510
3857
2309
1651
7771
6445
1016
5289
1292
9667
8601
9207
1320
9136
2534
441
3788
1155
3268
7280
670
6237
9262
6175
2191
844
4687
284
8564
5211
7794
6976
8065
1524
4312
6916
9330
5226
7489
4853
5058
8062
8461
5898
6432
6093
8740
2294
5949
3003
6686
1172
5169
634
9231
4236
4924
6690
7905
2457
3671
8394
7214
4240
8870
6151
9322
4012
1453
6892
8736
1444
3303
6722
6473
4388
6920
3934
497
6552
5230
1994
3709
2968
6980
8187
8989
666
5832
729
7276
450
225
381
6525
557
992
1316
4989
9480
2668
7665
2009
5578
763
8582
8409
1020
1408
1593
8971
2597
2840
9177
8643
1767
4615
4114
7140
6154
5100
880
1971
5845
9295
5476
8371
3694
5860
8267
1174
3436
7662
5848
242
5799
2662
6569
4618
2140
6626
6747
702
3067
6517
6971
5575
9267
8885
5637
9620
1405
5074
894
6611
3483
6767
7597
9471
7944
9199
4516
8250
5361
5257
6528
4746
4627
7009
60
3889
1200
2665
8980
9383
3680
7668
2276
8848
8380
1130
4659
871
1980
9150
9489
2965
5804
8881
5034
10
2962
6994
7776
4633
4385
1920
9059
5623
2214
7457
405
8103
909
7908
4912
19
4253
4024
1892
8657
5779
7272
9001
2536
4762
682
2834
7758
759
513
9710
9279
1014
743
4765
5094
874
6160
4491
5595
9265
8887
7577
7383
7635
4120
9592
7134
2638
3700
2258
1180
4092
5854
7255
374
1450
2296
1469
8468
6684
4930
5472
4234
8400
7220
636
8900
1526
6914
6315
3940
8756
8205
5071
5224
2000
2613
9414
1617
403
7192
9728
3641
846
8566
1511
7796
6974
538
1628
3357
8629
1112
7887
322
5109
3261
5455
2089
9290
9733
1625
9638
8374
1124
1171
8462
5458
6327
333
297
4663
7089
6431
6493
5810
8061
9191
1974
4311
535
4407
5212
169
7613
8208
7000
6318
1209
1914
4326
9678
2192
5556
5040
6406
2789
7296
4030
8465
2220
5336
4269
5667
7983
2255
9112
7258
6553
1387
4768
1573
7772
1291
8602
5403
5598
2134
7638
6333
9175
5649
2635
2383
1652
2577
7755
7950
9169
6739
5080
4189
900
1194
3674
9297
5496
351
9501
8244
7536
2272
4514
7540
8839
7661
1783
444
8372
4744
5368
787
4803
5500
1972
5076
896
332
3207
7946
1688
8689
1955
6125
6624
6958
9082
8581
8283
9692
6033
9205
8355
2885
991
9029
2216
9675
5340
3807
9052
6410
6018
7300
4026
3655
5560
4708
3969
5036
6195
5831
7774
6996
9739
4330
254
6551
6027
2057
3389
5806
6721
7859
858
1053
4011
6891
2274
6073
5878
6152
3672
8163
9354
7274
9437
1891
5875
5937
8816
4911
8570
8503
7800
7057
855
664
850
2961
4705
200
6198
3936
4869
1530
872
2757
335
1996
6249
4926
9529
8396
7216
640
9725
6015
5153
2300
8734
9552
3658
1446
5474
3696
1176
8925
1359
8358
3434
2888
5362
424
3083
1958
6128
6612
5923
6955
4116
6379
9423
6156
271
323
3619
6972
701
1685
6783
9309
3467
2661
4157
2540
1314
9664
5365
6117
4685
1869
6235
4996
6177
7036
8067
7560
101
5300
2153
9694
4314
7340
1926
1157
8680
1911
4359
386
8818
9225
4176
574
4891
3250
2944
8483
1116
9120
3872
4530
936
7076
7965
9650
1705
6803
4446
7500
2365
3380
7368
5661
9009
5540
147
5993
6620
2362
2474
2908
170
3103
9559
3850
6592
3855
2776
6351
4958
7962
6447
4053
3858
366
4955
8303
6213
434
3736
7362
2905
3394
8671
7474
1011
312
2368
1026
2500
1803
7365
807
4783
9509
1330
4972
7968
969
3187
465
741
1708
2076
8709
9403
3643
7840
3409
5786
5057
3582
3991
6911
5897
9441
5274
8905
7153
9352
600
3787
8436
1744
9329
6390
5216
3267
9705
8694
3371
2340
6926
1514
4688
6869
6238
3896
2560
6422
2036
362
5192
9708
8188
2967
3900
2556
1189
2040
8869
2212
7071
7224
4914
5220
6386
2809
2336
7472
6930
6732
596
4194
8440
5822
9636
2458
7455
8990
9373
7109
4652
3601
4974
5790
313
8875
549
2771
4291
719
7836
4573
498
4387
2794
3065
6745
8793
2080
9730
3564
9479
1326
475
6515
6762
4209
1269
8268
5272
1030
2496
8997
5255
558
1663
8003
3740
4171
4124
199
3461
2667
363
4625
5134
1407
3062
1311
2649
5577
8891
5383
5635
1768
9465
7595
6765
7094
2598
2403
7649
4511
8642
5638
2094
1765
6293
3846
7403
7598
2780
6768
2595
8965
8262
5258
6527
555
6051
7667
6616
4112
4628
8265
1234
572
3159
246
9301
5536
5847
4469
4450
9619
9497
7496
3376
9680
7080
3068
6748
8979
2863
4617
6699
1762
6518
940
9200
4526
1120
6533
9187
1491
3874
495
1092
7907
2455
5089
4180
9132
3246
7458
8676
2109
9149
9490
178
9060
7336
2472
1930
37
6704
5296
9661
8758
4014
8185
7040
7556
3759
7212
5613
5000
2224
2071
7021
6467
3849
286
4568
7646
7727
3798
3117
7784
6619
4697
6828
260
2201
1825
3379
2715
2923
42
3128
3612
7718
7499
2545
1542
5539
4466
9194
7548
3156
9123
5304
6817
4529
1141
8325
6696
632
8908
153
2284
6881
6083
473
6434
5888
835
777
1852
210
6658
9484
131
921
1773
3015
5693
4360
3198
1678
8679
2106
3249
219
7733
5757
5086
1302
8591
5299
8273
5348
645
5961
2164
8352
2131
7339
3756
2875
9137
2937
9054
7504
1870
2532
981
9206
7559
389
2504
2878
7532
6870
3073
5484
6672
4101
3152
8926
2559
1186
599
3551
25
3027
4502
5345
648
2339
7131
6389
7164
3721
2806
7106
3195
2831
1737
1675
2733
716
7839
838
6852
6773
546
8802
6655
8984
3410
3018
8815
9228
4206
604
1329
1817
8328
3033
5332
8710
4562
813
7284
1881
5885
970
2718
9382
3624
2499
7715
3125
2548
9722
1266
7545
4342
5241
8421
6825
7201
8317
90
1828
6207
2021
1723
2727
2646
4565
4231
3795
4064
9744
6674
2650
8017
8731
1413
7182
388
7243
2321
9343
8755
1654
3739
2417
461
121
3904
1270
4395
6984
5032
3333
8028
1029
229
5147
1902
7425
8706
7821
2079
4042
357
2428
966
3553
7877
4210
9412
7935
8614
550
3406
5789
8115
720
3318
692
7110
6929
7587
7373
3493
5219
2810
1222
8968
1438
884
8439
307
4481
7452
9266
2039
5045
1190
3899
4082
84
4143
3431
6866
3327
3948
8052
6261
5048
7039
6357
4999
3760
1002
1866
7973
3945
9468
9176
1929
6641
2373
2587
1377
2452
1435
1583
1281
8127
5607
5751
5090
4179
3315
5521
152
4356
2110
9114
43
7913
8118
1119
5122
3684
7428
6902
7079
2425
4942
2854
7938
939
8384
8133
6700
4470
3932
1984
3160
4603
4398
487
9644
5004
8878
4449
8025
2182
1247
5834
8197
7417
2243
7321
7650
2779
15
8851
2521
5110
8630
2751
2090
4247
724
9360
3704
2122
1999
89
6246
9432
3939
4866
9449
2048
7045
5452
1449
9466
9178
8448
3533
2607
8399
7219
1398
1603
4929
5587
932
1470
5373
5863
621
1356
3748
5243
6068
9543
5182
8178
1179
3518
238
3699
2847
6159
6376
4119
945
1942
4002
3527
3051
760
7895
9635
8404
7147
3616
5425
7032
2004
4281
4583
4435
4377
507
4984
5780
8876
3293
1481
2032
3884
4438
7004
6062
4222
209
7949
948
8686
6942
220
1143
4902
1082
2147
6461
5079
4190
899
7898
8432
8093
6740
5428
5650
8847
6564
9043
5321
3745
5794
6065
5417
8237
8175
3515
4029
5771
7607
8445
294
2790
8966
6601
1395
4270
904
2219
9268
327
303
6999
1210
259
2822
3966
5039
1042
395
2045
9073
7048
3386
5809
7856
7122
3732
8223
9747
4654
5967
7521
712
7090
7751
4413
8154
5733
7086
3238
7693
3422
1064
1231
795
9284
1565
4723
7845
6371
7860
6267
3390
2484
3970
2897
9141
3813
1562
5559
5504
4329
8525
8928
1206
5
2345
1342
5339
4266
7348
6643
9103
6582
6409
2786
7299
302
4828
7832
4675
4737
2241
6187
5646
5727
5021
191
3838
4186
9226
584
6736
1101
4881
8690
5905
7304
4817
6394
2332
8151
5548
55
8552
7539
1502
5718
8722
5499
3213
8473
5776
5545
2539
3592
5715
3447
3351
4302
5284
8906
3620
2993
3981
2304
392
6103
7332
5908
756
6380
3921
3777
161
3835
7804
5201
4825
7241
4678
317
76
1360
8611
2348
5131
639
5164
1466
8894
5944
7345
4542
387
2299
9420
7484
9583
9208
6250
4141
1529
8528
5532
4870
798
7799
653
4773
1568
8569
7848
849
4852
3235
111
3177
8517
1697
2086
2693
230
8747
8626
5106
7830
2011
4274
4991
9440
3044
4057
6217
8307
8411
1969
8426
7705
1076
4896
2708
6936
2330
5688
8692
3183
1807
6228
614
8550
9229
4216
9695
2026
1368
4787
8369
6056
8720
9252
803
1500
5893
9005
706
6098
3420
3008
6149
3669
3955
3726
3647
7116
3392
4858
7862
5053
1560
3972
1036
3711
2816
7865
9555
3783
2514
7157
1340
731
6580
2744
3263
2157
4540
7514
926
4661
9651
7744
5446
1153
6173
4872
5530
7868
869
8063
6252
8487
2116
3958
4855
4850
8844
6594
9505
6095
5764
3005
911
5801
6225
78
3590
8909
6807
5314
6571
4300
1365
9704
7026
7708
3622
2705
6969
3996
1936
7330
5685
6609
6382
6443
6454
3891
7011
1474
5997
9325
5176
137
3107
1362
5359
9121
6523
9363
1
7663
5180
4089
765
4874
1094
9287
8865
1595
591
3488
9491
8144
7311
6401
8645
7407
6297
679
4759
762
2867
4613
4000
9061
1940
7326
8879
9670
5014
5843
4296
236
7030
3586
2234
5782
7269
8632
1109
8108
5628
5112
7903
1455
2092
4258
3305
6537
2491
6475
4846
2120
9475
4638
5511
5526
9300
1071
1224
9469
5617
6364
7189
70
5450
8161
1472
930
5469
4536
9201
47
9446
2792
6576
1336
4272
2820
5209
8969
1212
2963
1556
2189
1040
3308
7491
6478
4635
4383
4577
3730
4134
7120
8975
8105
3416
5625
8890
5951
5124
5171
9615
8604
1458
8459
4255
710
7092
6060
9145
2030
5194
1496
8897
7811
8716
2269
9602
7234
8546
4220
95
6940
2326
3914
6742
8430
9698
4192
4900
1080
5387
7769
5573
768
8599
1598
1403
5291
3485
2407
8991
5652
1649
3974
2311
8648
8007
1667
3344
2663
7826
3288
974
4649
7511
406
552
9275
6497
4598
4403
6846
3768
722
8085
5819
8584
4667
454
265
2625
2171
2124
7628
6323
7112
5954
690
1220
2812
7469
9197
4496
7450
6729
4080
5189
1192
9668
6666
3146
7617
2209
9269
914
7526
9500
3059
1134
5407
2652
1577
1635
9291
1383
5311
9487
3505
2573
6441
2387
6337
6874
6275
2291
5663
1255
7987
3168
7180
4458
525
6557
9190
1272
5269
4336
7791
5030
2194
341
7014
4040
9134
9057
4556
1900
5326
4212
6759
517
6900
2014
1759
6702
4224
4071
626
747
4940
3162
8653
5234
569
1536
8901
3930
4472
3606
8414
7194
8783
1258
8259
3165
3631
4455
2180
528
282
4109
7652
1638
8639
611
3508
7291
1874
8987
7387
6278
7573
2617
9700
8050
9179
9000
2526
1613
1000
7209
3762
2469
2824
8346
1296
2450
9448
1089
3544
8088
5092
3353
7883
7124
3714
7171
2112
2628
7625
5120
3285
2511
9165
4595
4094
3765
5491
1846
8507
1855
7053
1850
6858
9072
5116
3424
5933
4362
6138
2985
8835
4474
891
2446
4365
1300
5157
8350
9209
1872
2530
8621
996
345
8046
283
2753
5927
6589
7814
7959
958
3911
6991
2359
5978
3087
2176
9025
4153
3610
9674
3463
6787
5918
477
1661
2314
3926
6113
1540
7688
630
6681
2685
3869
4936
6896
8724
288
5705
5330
7685
2688
4036
4969
972
5708
4560
1896
3203
8712
1787
5026
5841
9724
5915
7314
4807
4340
783
1991
5975
6037
7359
7176
9525
5011
9117
8287
955
8391
69
2861
6872
7530
3691
4076
6419
3150
6670
7446
4500
3803
8952
5744
4368
9665
9647
1216
8929
5514
6634
686
6077
6135
1274
8167
2988
9305
1858
6850
6855
6023
6254
2053
244
1057
3412
3579
1899
1147
2082
4039
4966
8097
1948
6760
2143
6945
6344
9476
9168
5270
5029
1032
2481
6485
5413
7179
8943
7356
9659
5654
8233
3742
105
9748
3060
9445
1045
2042
4428
3902
2951
5190
6416
4079
380
7995
2210
7470
3478
6932
1904
2395
5222
1219
6308
7398
8218
7603
8442
5438
6730
4884
7449
8866
409
581
5963
5820
689
4417
4321
155
3576
5792
4650
9639
8227
1122
5119
9146
1751
4182
1090
185
1521
8701
3364
4243
3537
3475
2398
176
2603
1932
2470
3984
8215
7395
6904
6305
2449
5377
5435
5583
1607
5281
8049
1048
4425
61
7042
5002
999
7998
7210
8640
2843
7956
2782
734
6586
2179
9361
5247
5867
8260
248
4110
2356
3929
503
4373
4587
570
8976
1004
3297
7481
4452
8664
11
3401
6488
9278
3523
6899
7082
3866
7143
4939
942
1945
9063
1760
9616
6948
1304
2997
3870
4532
1756
9308
5141
629
9421
7101
9006
6107
3382
3609
7502
1539
8538
3454
5542
4164
3443
4131
566
4106
2360
9556
6622
8256
3571
6590
2801
3225
408
3852
3773
8636
7960
3095
9528
7206
2764
4981
2529
3594
7562
6005
4284
8298
1299
5302
4715
1348
8792
8349
4545
2466
8994
7342
8513
1693
5678
277
8682
3173
3252
8743
3825
4201
1086
2697
4835
657
4777
1849
4921
1798
7565
7064
6795
7231
2568
4838
7842
4021
6849
1795
2231
2064
3580
7568
6263
6798
4727
4646
2565
5737
5675
3828
7697
6711
5816
6647
6726
8295
602
4718
4499
9494
2342
7466
1345
4548
6392
3098
3817
7529
2206
9028
2893
6669
3881
3149
1484
9326
6008
6420
5186
2562
5723
3228
9184
3056
7360
1241
6183
4733
2502
6044
9140
8535
8477
5266
3217
4339
6756
8838
4504
1332
5329
9653
4813
9506
368
4559
2101
4970
1339
8338
3254
3023
5342
6579
7302
6412
3077
3135
9026
1559
2186
8558
3634
5562
6981
4332
1504
5988
9328
5206
5064
4795
5231
6921
5565
8884
1838
6835
6777
1733
9593
8456
7678
4241
3670
6150
2675
6691
3419
2737
21
1548
8549
4345
7542
2266
8498
1499
5861
8719
5502
1718
8370
1813
2975
3037
8836
4484
1970
881
5101
9417
9508
7141
817
2329
1646
1727
184
2841
8596
1021
2723
7766
2915
7829
828
6203
8313
3681
4086
379
9558
9741
1201
825
8251
5360
4693
6463
6610
3113
7723
2918
1284
2978
6970
9306
6813
7329
9008
676
4756
6087
2141
143
2542
7266
1545
3589
52
4348
2927
8495
1715
4299
5697
7737
5753
7675
1106
2678
4798
1921
7802
8572
773
5568
852
1777
1835
4849
6838
8819
3138
9526
7186
115
8054
8555
2933
5985
1981
870
1532
4304
5529
9372
1131
8335
1164
8277
642
8381
9294
5466
4539
6424
2302
5449
2583
2435
1452
2377
7438
8759
4004
6285
6884
2281
8123
8402
7222
5603
5398
4932
5470
1587
1373
7928
929
2002
6353
3942
6544
866
7977
7190
8035
6714
5824
53
7917
9148
2119
7781
1110
8850
142
7029
4607
8978
7270
3278
984
6508
9276
1939
4945
6631
6165
31
3999
680
4760
8075
8137
6966
1425
4048
9618
8574
6162
4122
6606
9750
7654
1243
4521
5356
4090
5179
2247
1182
8193
3702
7413
4751
1321
9357
9434
1417
2654
125
460
2413
7247
8013
8600
7770
1650
9745
694
7952
4948
5143
6939
6168
4899
1079
8078
5082
902
3557
1428
1966
8429
4045
7873
9478
9166
2029
8366
5481
6059
3337
3275
4219
412
3441
2270
6505
6146
3666
9243
709
8741
8460
5812
3729
7119
407
7002
2819
5210
5042
3323
2954
8038
1039
671
4147
2190
3497
4032
7281
1884
2438
6288
7377
7583
7435
5395
4904
8868
2222
7925
990
7264
5865
9355
5245
2239
1022
5019
1286
8580
8853
4754
674
2842
269
7142
943
8149
8812
1148
7893
5423
5102
882
1947
1099
4879
8098
5501
4084
5862
4433
4585
7660
7541
3295
1166
8924
4242
6692
5464
6426
6890
4010
4418
7184
6369
8056
6720
44
1229
8228
5232
4306
6550
6922
4331
6982
4427
5830
7043
5561
7397
8217
6307
8986
7301
6411
3535
3477
468
9640
5341
1605
9288
5375
5437
1104
2301
8443
8454
2397
9486
3538
641
5129
1132
8609
1608
1393
5378
8382
4139
5066
1047
1982
1531
2043
7997
83
851
2960
2184
3636
7801
8225
8898
1922
1506
5204
8571
4910
3256
9204
1890
9056
4415
4588
3349
2541
6487
2660
3298
700
1644
3979
1145
9342
2142
6947
8594
8095
7764
9451
9196
4486
3919
5868
7239
6063
5248
3743
8252
2264
3682
8173
1202
5199
3513
1181
3701
8364
4752
619
4673
4522
82
4121
469
9646
100
1964
6161
4490
2998
6632
6108
696
3049
5903
2656
3215
4279
349
8537
8475
2749
5735
1886
5677
3260
2519
4906
2698
7695
793
393
1510
7782
1563
658
4778
2567
2956
7843
4725
9174
3640
1797
9116
9563
171
3815
2001
5070
8523
3941
6144
8401
7221
2343
3664
4931
6645
8297
1451
1347
2282
4717
7343
2221
6648
7282
4547
5769
4031
6599
5826
5041
3818
3097
672
6007
7001
9264
864
4310
4837
6546
9402
4775
655
8060
4728
6797
7567
5811
6716
3233
8742
6430
5738
7749
6886
4006
65
2695
1170
7519
7698
3827
8913
5543
7656
9662
3442
5354
3218
5713
5482
8782
8478
1479
5081
6459
901
2995
6105
7951
9415
154
6604
3227
6964
9139
1290
8576
3833
296
4823
986
5319
1322
833
4290
8964
2770
6778
3013
3600
5791
1775
1837
5695
4322
6906
3986
2738
7735
7677
4479
8441
582
8337
8275
6931
643
3366
5221
9213
2873
8557
3429
3078
7070
5987
2041
3901
2952
476
8729
1728
1310
3864
827
3460
2319
3741
4170
1006
8666
1823
2925
2713
1031
1547
2482
2543
1717
2354
8497
3038
8323
7954
7819
2081
6085
818
736
6584
941
2977
3035
815
6088
7081
5883
2928
7482
4347
36
4451
3123
3402
7713
7354
7543
5656
7319
467
6823
201
6050
2781
8874
4964
1725
292
9648
4563
2917
4510
3793
6346
9118
3574
2070
5001
3075
3137
6259
7041
270
8820
5282
8278
1279
5343
6639
247
1931
8702
5519
3193
5698
1906
1522
1673
5749
1752
2677
4886
2735
4181
7738
1490
5567
472
6414
4797
6653
6837
6775
9464
1121
1778
7918
919
4922
2204
8113
7232
8760
1486
8896
5184
4890
6724
3251
4202
9691
1910
146
9058
7464
8681
2129
7375
7437
5959
2378
7341
293
9488
3495
5301
7927
8589
1588
5397
5814
396
7561
5043
8849
304
2066
4145
979
4644
8832
7978
4982
6754
4506
9198
6350
3572
2802
3851
7019
1415
6046
2199
8904
7245
6621
2248
5264
5541
278
4393
4608
5660
4132
6507
3381
7501
3335
3277
7423
7102
6879
7933
4531
4047
3555
5142
9042
3054
8138
1139
740
6167
2102
4947
2423
1879
8634
9542
3558
1427
8077
8135
1331
4104
4605
2501
8254
8023
3338
1010
1418
8419
7199
8670
7248
9093
3456
2245
1242
564
5239
9224
4166
9447
1306
1754
4229
2019
4099
3882
2561
4148
3943
7975
7066
8037
2341
7378
3370
6287
8988
2437
3719
6391
7129
2375
3498
99
601
9286
1433
1585
1084
3549
6712
3313
2829
6910
3990
2464
7204
2766
7915
350
2232
9153
3596
7841
4286
367
4022
2707
4211
324
7963
1876
5687
1703
7820
9162
306
2363
6805
6227
1808
1271
7792
4788
9439
398
1367
5236
9331
5995
4169
1534
3459
2320
440
9115
3604
3105
9527
8416
7196
4058
6442
8730
9677
2292
372
2016
3853
624
9230
4226
5312
8308
2651
1309
6218
7069
4683
3430
6233
1191
4096
356
1844
3546
9102
7158
190
4480
2155
3716
2811
7126
9645
6097
2826
7111
2172
9511
8344
9307
3007
1294
4289
3648
9533
8485
721
7512
3599
2524
2769
551
4857
3645
375
3957
5492
6664
253
8488
3144
9033
1489
2512
916
7524
2111
9011
7172
5520
9416
5091
8837
4494
8754
5750
1280
9696
7155
160
8586
2158
6640
2126
5956
976
2069
3761
6844
9561
7867
6260
7292
4055
9727
7016
4554
8823
4509
7651
4953
5324
8910
612
6215
8305
4334
7320
5998
6049
2903
2196
9027
3632
3108
6808
7363
420
119
1805
3161
4471
4785
4072
6701
1136
231
7707
110
6876
6743
3063
6880
2868
6513
1140
6682
1662
5659
252
9151
7174
1665
2200
5024
5253
8005
8880
7316
3912
6992
4623
6349
5385
5633
6298
7593
4034
7408
7020
8985
1894
2405
3487
6763
6256
8814
980
1871
5618
9356
8622
6636
5960
684
2130
1276
8590
7444
9621
7453
5746
5627
892
8107
4889
4257
9470
1214
9299
4361
5516
334
1909
6538
399
920
8981
4074
4637
287
9167
4575
9277
6535
6477
3411
3307
994
493
4578
9481
8044
129
2453
2444
6909
3989
8970
2830
1457
221
451
3720
7130
373
3369
3550
4476
9195
8183
3692
4100
5114
8889
5615
6871
3426
4230
1597
8871
767
4934
5388
2862
8392
8726
8647
7405
6295
6894
1763
2593
2020
2408
9485
8669
553
1668
1009
8008
9222
8420
7200
5012
5240
2316
3924
1992
8263
5842
2174
971
1880
9055
7816
8711
2865
739
6596
732
5766
8203
3712
7618
6313
2114
2615
5829
3971
6498
7861
6719
3391
483
3287
6370
120
8977
6549
3767
9171
4597
1230
9617
7516
9499
924
8773
9270
109
5453
7746
7627
8922
6889
4009
5444
4668
8895
1476
5174
9147
7659
9189
8150
8691
515
1100
4880
9393
745
6456
8579
1578
4763
5593
5020
5408
8412
3994
7633
7385
159
6338
2388
1934
4457
2240
989
3167
5316
7988
4992
7253
7024
6558
2012
1361
7985
4214
7240
616
1257
2024
5200
2253
3892
7012
364
6054
527
6555
8424
8867
9285
1575
1637
402
5405
4894
1074
9572
3920
6934
6335
7388
6277
2385
6381
2633
3507
189
7753
3046
518
3980
699
3621
748
3350
4276
5802
2659
6572
1623
316
2516
8999
912
4909
8087
77
9180
2746
2627
397
1889
4665
9281
6495
2959
314
1034
2814
9477
533
7615
4871
6251
2618
7114
4140
3724
9358
9721
138
704
8463
8610
4662
5130
3414
1471
5126
8606
3653
8162
5158
261
6193
4136
5069
1072
6857
9210
5512
8508
1509
1554
3639
2492
1055
9333
6075
2091
6137
9418
2750
9507
6574
5111
8631
9311
8165
1334
3259
2520
6788
130
1785
5781
3346
466
7824
9666
211
4280
5917
4805
7687
761
3050
3976
6123
7312
6402
1953
2324
3916
5928
4489
957
592
8285
5977
9327
5196
6035
1494
8714
48
2883
8353
7236
9531
8544
620
3088
6038
4294
3584
9031
2236
3085
5320
2312
5651
7324
6953
5925
5292
9707
8288
5016
1289
1096
2687
4876
6741
6460
4191
8146
326
5707
1683
6785
1788
5363
1480
7812
4808
430
6078
9007
7750
6429
7091
5873
5952
7520
4534
8841
2987
1169
8168
5172
4309
385
5524
1226
8930
1857
8505
7492
853
6366
8059
1058
8803
8862
4703
91
4844
1211
9557
9634
4367
4271
2791
6600
6013
5770
5155
578
4493
5275
3810
5337
5441
9391
8221
7401
6311
3481
7297
6407
3082
2899
7523
5557
2948
4327
9463
6663
4431
3143
8795
4406
6843
2060
6030
6782
6269
4318
1515
8695
6326
280
1745
2742
2904
3395
2478
7475
7537
5497
4333
9375
790
5323
4954
3042
416
8873
1951
8822
3210
4819
822
4553
5729
1732
2576
1386
9546
9369
4739
5666
26
6189
7364
2364
7964
9348
1704
7576
436
9046
3779
6951
623
348
6092
3854
3398
3603
2537
6491
4160
2475
7478
2932
3470
8656
3449
1533
6120
3179
5940
4315
1518
5702
8519
1699
8698
7742
9214
8749
1748
3356
7886
7060
7797
8567
1843
847
1782
4684
6234
2523
1616
8001
2945
285
2760
1051
1527
8963
8282
637
575
8767
5278
1293
9076
2297
2401
8343
9540
2382
1447
14
2609
1351
2454
7217
8397
1592
4927
8301
2443
5589
16
1997
9154
3875
9237
8043
3937
377
494
2756
4978
7982
993
9106
1620
7228
2571
5113
2225
1801
4918
7922
4015
8184
7056
9656
6705
4198
7890
3360
5936
5681
478
4249
8660
4128
4612
3923
8541
4379
6116
509
554
9223
4156
3466
9094
6893
2095
1764
2594
3529
7098
64
8142
5138
7149
4933
2849
6157
2798
4117
3568
7580
2173
8264
1177
2252
1235
3697
8762
7173
5670
1422
5419
268
1238
8239
7252
6514
1390
2580
6744
2795
3231
3064
3565
7594
9405
4033
7947
2098
1893
9128
6764
3206
7095
2149
5135
8941
897
5077
3562
5634
4125
4624
8830
786
3342
5023
5254
8903
6708
5969
3831
4195
6330
683
6801
7225
4915
5807
2228
7571
4410
4018
6026
4841
2056
6011
4073
3878
6997
5037
4975
3101
4152
4551
4027
3502
1213
7609
9040
7382
480
7443
3806
4721
2217
7454
9586
5149
6933
2077
1152
2135
2634
3186
9126
7138
8102
8423
878
5098
7879
4893
1073
2254
2023
6053
5858
8501
806
1721
4213
1027
1551
8245
2670
831
1195
3675
3737
2419
5580
8019
1410
1018
7754
2838
1975
5991
2037
98
2813
6978
534
3897
2970
9241
8561
3329
1033
6927
9203
7589
3266
5217
8437
3786
8375
1624
1125
9340
8341
9588
479
6688
8464
4238
7681
5896
4422
703
5787
1841
73
5056
4390
6918
5228
1915
3723
8232
7113
6841
1117
9714
6915
6314
8204
2113
5571
1918
5225
4801
6685
2681
4235
7910
4177
3542
5454
5443
1927
2589
8923
1156
8378
1379
5382
923
1612
8129
1128
8810
5609
1978
8066
7037
6975
6359
6176
9425
4997
3141
9108
34
6446
2921
1015
2777
2835
1249
8248
5252
6530
5872
7419
8199
1198
5173
3678
7670
5850
4592
5855
7254
7023
489
4351
3302
4447
9642
7634
4620
3993
2138
1933
7135
7077
279
937
4764
8937
875
5095
5594
8854
2981
6819
4527
3002
4051
4616
426
7323
6954
6112
6628
3583
3435
3377
6511
3281
7497
5846
5475
4293
5537
5364
4748
7666
8914
6617
4699
4518
1315
6526
9400
9346
1684
3847
6469
9048
6450
3119
7729
854
665
6180
2939
8780
9263
5523
7557
8070
75
5297
7931
4533
9078
5401
9387
2278
7441
1160
5874
7275
7337
6014
8677
8735
3247
5759
2702
7906
662
4782
779
7778
4704
4843
4386
7775
7837
9564
9746
4732
181
5060
6194
5900
5742
3654
8738
1739
3413
7702
56
6652
8771
3790
597
1333
3029
2337
6291
2275
2441
6573
6387
7278
3270
1553
668
3822
8041
394
9173
2966
2557
6
2729
5576
1406
9548
2666
7823
4745
24
4515
1318
8789
6209
8319
2884
3438
8354
2497
72
8543
8482
5478
810
1493
3222
8713
1431
1819
8081
1327
6171
6124
2323
470
1954
3190
6625
4951
2044
4861
547
6502
717
4389
9570
1394
905
9317
3011
9521
8444
128
4672
6101
1736
8453
7107
50
2807
728
7590
4655
3026
67
1187
2969
5203
3708
7622
3330
2183
428
8408
9182
8593
8020
1409
5412
2726
1582
2647
7763
5579
1643
2392
9702
6342
4988
9428
6206
8316
7992
9105
2008
2420
6562
2669
3885
7005
1267
8174
1371
3514
6565
5795
6231
6064
3744
2263
5691
5150
1816
2711
7880
4207
522
673
4753
4619
6697
752
7711
6816
490
3157
4467
5849
7263
6568
5798
4985
6529
4696
1250
2005
7669
4083
7420
8200
4434
7008
3888
3116
7894
8405
7726
7647
8920
5424
9585
944
9394
6466
9272
7392
6360
2622
3705
7871
7183
3757
2936
2590
8774
725
4658
5610
8130
5463
1380
5756
908
5087
7909
1103
4
9406
2107
9021
9581
7044
3961
776
8512
9376
5508
780
4641
2488
9633
7485
4261
4357
5165
5760
8111
9611
5631
7344
5945
8126
5606
1376
9545
442
3234
5162
2586
1159
8158
1867
2940
6179
8961
8069
8804
1068
6356
863
336
6470
5932
2305
3491
6398
6603
7308
5285
588
3120
7730
6449
5714
8949
7416
9627
8196
429
3092
5544
8932
1246
5353
4700
6792
8860
8796
7805
486
4824
6963
118
3834
6820
437
9069
1820
1963
7876
967
3189
5146
8707
1792
4674
4812
809
7808
8363
2416
6042
6210
8320
9212
140
8651
2308
417
5904
7305
6395
9737
1601
8292
8016
5288
585
9075
771
2730
3326
7844
9461
6867
9334
1065
794
9257
1564
3030
9045
3789
3269
8155
7586
1740
1461
5899
6082
5168
6143
8172
2344
3663
422
5948
5505
8524
1062
3407
5059
6481
2485
3311
9091
7488
7353
9631
7544
8236
3625
6190
4461
5416
419
7714
3171
4740
3124
2288
5884
7285
4062
6438
5730
6222
8312
5308
605
241
4564
8824
2146
3794
4065
3209
4820
4963
8687
1812
6824
4792
789
7788
2168
5344
7631
8912
7165
5966
9607
6029
3771
2059
5485
3652
4601
3573
3387
6270
2505
7857
3291
7508
9034
6654
2900
3967
8957
365
6413
7162
3809
3194
9345
8753
1674
9749
7606
2162
5586
9160
2606
9457
9534
3014
834
4867
2759
6247
9261
8492
5488
9378
7059
2874
2508
7505
9087
432
2165
1700
644
8520
9232
4246
3180
7168
5939
2631
9249
8750
8091
439
3469
6812
4159
1824
8798
6119
7785
506
4376
3450
3863
3617
7146
4068
3526
9100
382
2285
6281
3511
6583
6435
6377
7288
1641
608
5305
3780
2846
8324
427
7953
49
2544
6002
531
2353
3112
3628
1357
2714
1261
5005
8024
8253
1985
5981
188
4103
6988
3908
8385
8633
3776
2855
8972
961
2850
7579
2424
7412
6302
757
3530
2872
6678
7150
1753
7691
510
4380
5921
8659
3446
1658
563
5777
5835
8746
8627
3359
888
7889
5107
1434
1083
9321
9408
9517
9599
245
8516
4250
2087
1696
6141
383
9125
3176
3944
6542
6861
9220
3685
139
418
1619
7203
8618
5622
2610
9684
2463
1467
5590
3314
7463
2787
344
7610
6723
4371
4267
1207
5183
3688
8615
2203
400
2896
8114
8813
108
6266
9672
9577
4643
5044
438
4582
1861
4409
8882
5970
885
5813
2991
6329
9017
7087
1655
5263
5838
4816
5711
6675
2691
6753
6737
4187
2150
8388
9472
1389
7934
2858
5392
3053
7424
2412
5647
5726
2579
6186
9426
5420
5008
8012
4736
5669
1672
1988
3905
4394
8240
6985
158
4244
646
727
3363
2808
1440
7161
3707
8189
1188
2876
3755
9569
3950
290
548
9575
3016
9687
3292
499
836
718
3772
3651
4602
5584
8936
2459
3320
5085
7108
7632
9015
2604
2105
256
6903
3983
4465
9002
2546
4791
3155
272
8784
1268
8269
2716
1811
8030
733
2430
4208
2844
6695
8326
7144
9591
6221
206
2648
8311
7645
8407
2599
3524
4061
1769
1003
4462
8663
3172
224
559
1826
4987
9693
9238
504
4374
2007
9111
3111
6826
5259
1262
331
4629
3887
7007
532
6001
5639
4566
2645
1642
9133
2144
7648
3796
6343
6282
6769
7599
3512
7430
6749
3069
5886
7940
4205
6519
6698
4468
3158
9502
8234
4400
7546
1265
5653
5797
5414
8919
6567
3126
6811
7716
7459
4883
5088
907
8092
9127
3196
7105
86
1903
1676
2632
2108
7604
9515
545
6656
9192
8120
715
8491
5050
1185
3758
275
453
5346
2805
353
5964
2161
4657
9051
5350
8157
187
2063
5621
6865
6264
9455
1868
5046
1067
234
6862
1483
5507
6660
9085
6541
2487
2894
8116
3405
6142
4358
3200
1680
7369
6184
3130
7720
4734
7550
4396
5922
7936
79
7692
8705
7426
2871
8950
965
5724
5890
4814
7307
6397
7411
6301
352
8859
9081
4570
962
4503
587
3800
4959
5982
6830
6043
2909
3453
3444
4163
8011
1671
1830
9070
2411
3859
2307
9386
5391
1303
5287
8768
3774
2692
9699
8330
107
1709
8708
5712
7969
968
2426
2720
8026
2369
2550
7807
4355
9605
5947
2992
3316
5167
4581
840
4283
273
1862
7487
2763
3408
3020
3593
8955
6868
6239
2880
3946
7063
4689
1865
321
4372
9551
8744
1436
8514
157
650
1694
9347
3174
7724
3114
7896
2712
5426
3615
1689
8688
6464
5692
946
94
5550
4694
6232
5720
7787
5369
4436
103
127
1372
6561
4830
7991
68
1355
6437
6375
2391
6959
6341
2287
9388
5411
9077
1283
3840
6814
5307
8766
1581
3968
7046
4709
6245
9255
8843
7621
9669
4865
774
5754
7350
9047
482
6019
6102
6423
5879
4671
3240
2167
1163
3012
4303
7507
8053
7858
6501
859
4862
3388
2934
800
1503
3962
1570
5487
9159
7850
7855
2507
3633
3385
7167
9442
3253
3024
9547
2350
1396
214
3659
8446
1734
9351
2046
216
6199
3965
9250
2621
6248
5063
7872
8530
4868
7287
6378
6129
7391
1959
1814
4483
607
9625
8176
9099
3516
4680
6066
2889
1358
3627
3746
8359
8314
6204
289
9734
751
4067
2724
3618
7712
521
8685
264
5910
693
7759
758
5906
8014
4185
6677
6735
1657
2414
5778
2653
6791
3091
4676
3750
6070
8180
3907
6987
2259
3520
9587
7874
2639
456
8892
5931
5645
5144
311
3492
1205
9600
8526
2050
8617
8450
9219
5161
2785
4265
1400
2346
1468
8469
361
4903
5108
887
5632
1629
8112
8628
4262
7085
1883
2088
7584
3324
2953
7846
117
796
539
8511
4642
1566
6482
1061
6713
3312
6354
102
6543
8171
8124
5604
9315
1374
8938
5105
9663
8625
7088
9131
3236
80
2584
2085
6081
5459
6883
4003
1462
2788
4268
7346
1465
3687
8209
6319
1208
5823
7050
5599
1602
8291
772
2857
3836
8573
8387
4769
8652
5648
7639
9107
983
5007
7259
9236
484
226
1987
6041
4826
5716
4811
4440
8194
7414
9302
5775
5546
1791
5837
7653
9364
1244
950
755
4188
7900
6738
5430
391
8565
7795
8231
8064
6174
458
860
845
1842
9293
5456
4421
7743
4317
3239
5880
1154
7513
7682
7349
635
5338
577
8342
6408
6593
6020
7298
2295
5763
5558
4710
8562
151
8206
9628
6316
5992
1525
4328
2947
7636
6960
97
133
3839
4766
5596
832
9658
4829
7256
9456
5313
7538
9086
2535
2477
1552
5549
5370
1473
1722
369
5498
5719
8502
6444
8101
6453
1151
9370
1690
9606
2982
7756
3043
5909
174
7477
7535
4352
3301
2538
3397
4591
4273
9381
5495
9258
2256
9711
804
5251
8956
8360
2890
613
5871
4679
1960
6130
2636
3184
2922
122
5555
8883
6200
5054
3142
1528
8529
4325
5381
8466
9594
5277
638
5335
1611
2349
5894
7295
6405
3541
2298
3660
9385
8697
1517
2743
3264
3784
45
2682
1626
1747
2513
5572
1569
8568
799
536
8801
7798
4802
6842
7849
848
5805
4917
7227
4781
661
9539
2964
540
1630
4197
2701
9244
7442
1448
3656
8449
4025
8470
7932
2215
4928
5402
123
5123
8603
7218
8398
1399
3938
6995
4384
4133
1998
2049
6196
9427
5035
4977
6158
6126
3567
1956
3913
2797
4118
2640
249
6069
2886
3749
8356
7233
3698
2260
3519
5193
8179
1178
135
459
3343
2664
9433
4127
6512
9576
3282
7097
7760
9016
6111
9411
3973
7945
3001
4052
5574
9318
5137
1404
5075
8935
895
8143
6172
196
1686
4952
2097
7948
9516
949
5429
4873
1093
1432
5078
898
7899
8082
5366
4439
8481
7664
3221
6524
2233
3695
5844
1175
1237
7260
4770
8852
6155
5600
5013
9655
4614
7640
8829
41
4115
6956
3877
8210
6998
6320
3935
1995
7049
3821
4706
8042
5038
9717
6292
6016
132
2442
1445
4028
4925
6651
2218
7904
8395
7215
7701
6707
5460
5741
5876
856
2227
5808
6363
4731
9039
1223
4017
560
8413
7193
3738
5233
8654
1017
4223
9751
1731
1770
9064
2775
2837
3856
2600
2013
7966
7137
7075
2429
1873
1706
821
2078
9407
7574
9518
3041
935
877
1952
5097
8270
5857
162
8029
1028
2366
4445
4237
4175
3319
2460
6687
2741
166
2823
1115
9339
5788
1614
6781
5227
6917
500
8190
7035
3898
6977
4432
4093
2038
3949
3081
4686
112
9431
4995
6236
7402
8222
3713
7123
6312
445
5218
1925
6928
3482
3543
3354
5442
1439
7884
8438
1928
5215
2123
2402
6925
5953
6324
462
1127
8281
8583
8435
8377
9235
3895
7038
4404
5049
1052
1977
2035
973
8002
4998
370
5785
8119
1781
8809
1118
913
1917
347
4178
7741
410
7460
5701
4399
192
5664
1025
6492
9578
4448
7366
2931
8944
3070
7078
9018
6750
2574
7429
6091
2075
2137
6873
6952
457
1133
9316
6520
1384
7939
938
301
4956
5640
7013
7600
6770
2778
2906
5260
2193
8247
3677
3735
1197
4630
2251
9256
7313
6618
4747
4626
784
5256
8958
9681
2910
4517
6829
3848
7596
378
3204
6766
4960
3799
5636
4569
9608
6516
9399
8141
1325
4528
6746
6627
3066
5889
9183
7498
3129
7719
2495
7370
3378
4611
7549
5538
8542
1679
8678
5682
3199
5513
204
8779
3804
9660
9493
7456
5743
3248
7777
7835
193
2572
7921
1802
6659
7981
2555
7558
6024
6253
2054
9142
1273
8765
595
5298
1591
8302
7338
6385
6633
2381
2335
1352
2277
5349
250
4722
5295
4473
598
6388
7277
7335
5934
4552
3501
7381
2338
267
649
4690
2879
6240
3102
3423
4151
667
9626
8186
2558
6012
7054
7555
163
7838
8797
496
839
4842
2754
3019
6802
7572
8675
8737
2456
8993
3245
3832
7495
9088
3341
2370
2498
2719
3437
3375
8266
5477
9377
5535
2549
1328
8790
8329
4525
3561
7970
7813
1710
3232
8723
3845
1766
3860
2596
6615
7251
2313
6114
4154
556
1829
1317
3464
9458
113
1421
9731
