4947
8974
6493
6807
4562
3107
3449
317
8050
3501
332
5853
8578
9133
1989
9698
1798
4691
1690
6866
6391
7665
1332
3565
6550
5973
1548
3527
2921
7993
8371
7627
8854
8266
6134
7172
2943
2188
5103
4269
9319
9467
9750
1944
3856
1695
9782
2964
8911
1963
3887
683
10051
8055
2296
2568
3309
6459
10109
10136
6537
9726
10191
8314
179
8831
6151
8037
3976
6199
1233
6555
3560
121
7768
10059
7959
1502
7660
7406
4411
1410
1788
960
1979
659
6772
1680
4681
5734
3072
6483
5467
5425
6042
6613
5529
2198
370
2026
7345
8733
9534
9466
6381
2230
4013
5231
7207
7983
423
8652
405
2286
9935
8168
8447
4474
5420
5799
10137
9062
6008
2257
298
5751
530
9727
1685
9632
5078
965
9573
927
3897
693
5604
1415
444
6016
2235
61
44
5254
103
2358
1101
10323
1477
1636
7340
9905
8603
1049
9742
9270
6478
4320
7386
10040
2569
5744
1482
9670
2666
1612
7357
6179
6032
8593
2774
5539
10388
1091
7074
3227
3265
1117
1773
7858
5998
10138
5789
8743
9728
3766
5223
3328
7978
7335
7769
3907
8450
7258
703
5594
8721
7574
5241
1175
3674
85
2240
5083
261
8559
3260
9318
637
8676
8437
5622
2208
4367
8764
7011
2711
9631
7197
9275
4325
1170
9696
592
2245
491
356
10269
4268
8455
7330
6787
5322
5763
1646
3087
9741
3481
3611
3056
9217
6756
7511
1081
1814
8583
775
5059
3952
9121
1264
4937
2813
8169
233
1492
136
7396
4166
4875
9143
6189
2173
1538
5584
717
1342
5861
4955
1705
187
9819
3174
5779
5988
3872
1934
2306
2933
6144
10080
4817
8003
7156
4870
5824
10052
1871
9781
6401
6163
7187
6349
309
1316
581
6547
5093
9468
6962
678
770
3097
6797
8823
3491
1221
3111
10192
9164
6503
1808
9697
1999
4649
1700
4950
7462
1951
4701
8841
50
8047
156
1243
7063
2763
6087
1140
2275
6056
4992
1764
3722
580
9996
9901
9208
1437
1676
1009
8102
1559
2318
5214
2217
4906
825
3995
5711
7563
9931
4434
8646
644
867
3663
4767
6602
9569
1455
6260
9245
157
5038
4725
806
9424
2622
8184
5366
8773
2594
1407
7948
7739
1593
2998
7089
8612
2789
137
1145
6328
5271
2270
3644
4053
7544
8482
3032
4720
2539
5774
6732
1721
6448
4628
6227
9240
6265
1450
197
4451
7794
4499
6653
5569
2744
1308
9970
7044
1743
7589
5666
3990
225
820
3689
3179
203
8354
5125
9997
1206
250
7819
595
10195
5167
4304
6097
10063
6515
4982
6111
1273
8077
3936
8871
10055
4840
1841
7219
481
8999
3816
8808
8951
8700
4122
2164
6577
3985
2824
1823
3401
740
8015
10113
3163
3349
2779
8331
7426
7079
2988
2143
5933
3144
8492
9764
1372
6510
3842
8194
2584
4229
1583
2861
8814
2121
7132
6174
5120
3409
9306
8010
745
3980
7579
3189
6926
8934
3679
8705
8139
339
9173
8538
4845
5813
7784
3151
3199
8222
9296
1288
8963
4479
3946
4609
8695
1911
4910
500
5568
6309
9785
8502
328
1831
6822
93
4830
7116
730
1387
5964
347
8204
1356
475
4526
8798
9823
3134
8989
5943
4915
8690
9500
786
6582
8341
1578
2133
757
3391
435
8323
4857
2973
7142
5921
1974
3832
4239
4886
8082
2319
4977
8944
2853
10357
1196
9998
1854
609
1028
9188
735
3912
8548
149
4835
4294
6107
8129
10273
8415
4489
7804
8685
4024
1130
2062
6716
4000
9257
3016
7599
3651
7551
3699
9745
9286
3428
1447
9902
1298
7370
1603
1397
10393
8636
9932
8477
4444
6624
189
9358
2604
5048
9235
152
9635
2420
2799
7099
3008
2751
7051
7729
7375
3381
7938
4896
4005
6661
3634
8979
1135
8788
7534
553
4463
8680
796
132
7218
414
8410
6592
1652
5002
4061
7317
2467
6742
4284
3042
2425
2529
6438
9230
1157
1733
10234
8092
7818
302
1186
9026
7034
2734
9198
6072
7301
5137
7249
4293
4152
8921
3966
5690
5989
8943
5798
2854
7969
3570
1853
7778
3319
10110
7670
5155
8324
5548
2974
617
7849
1973
7901
2391
9107
5390
3133
2578
10060
5944
6469
6188
2134
10298
9761
7675
5963
6987
3575
8203
6956
8361
5695
7162
8276
2831
4259
4392
9488
6296
322
3517
2911
7456
8964
7617
4572
7487
5502
9309
5395
8568
9749
555
2199
5150
6876
2151
5680
1734
5788
855
520
5979
7033
5410
2733
917
1529
2042
1425
473
4283
9904
1467
2652
4755
3633
4464
9934
8178
7533
837
9072
6198
6026
3752
9421
975
5068
6230
4737
5380
2381
1751
4750
1799
4658
6257
2008
4421
6641
5336
387
1420
9535
6286
4382
1604
4443
6623
5415
9973
6997
850
294
2603
5685
9448
5385
2447
4041
6235
970
3062
669
6762
2016
4607
433
10363
5636
10232
5477
7803
7497
464
6358
9858
4023
6654
1160
2179
2743
4597
5612
7043
5482
1744
9447
379
4278
9328
5773
9857
7507
2450
4315
1539
7793
7021
2032
2721
10270
8569
9486
3270
3643
4054
847
1998
8666
1789
7543
111
8183
4377
3621
6240
9227
7521
2593
8774
4747
9422
1594
5312
3458
9265
7007
1622
6208
6631
5346
3776
10296
2455
4310
7759
10039
7968
9669
1127
9087
7881
4433
7564
3664
3217
9056
1165
3318
9260
6468
2559
2676
2437
5213
4031
6245
8711
7064
2764
3275
7281
5646
10231
1763
244
9856
9174
5147
6852
5814
642
7783
2189
4587
7472
9446
5405
1326
5492
4556
8933
3121
8193
5705
1861
8252
2583
4860
1584
8813
5538
6173
1211
76
4402
6306
9487
2144
5934
668
3143
6972
1779
760
1988
2163
2349
2823
5400
7891
2401
9097
1824
1058
5871
9762
3164
9111
10297
3862
223
205
2841
765
4303
5069
9820
9503
7291
1274
727
8353
10079
8159
4827
5700
5951
4176
4865
5808
5999
5764
2056
8295
930
6275
629
2087
2646
6318
3596
45
5559
7696
8622
4200
5437
5676
9596
3245
3746
4488
9531
8763
5376
6895
4710
276
1711
6217
4618
235
5084
810
3208
2260
5455
1279
5261
9969
3240
4205
8539
5593
9032
704
877
10309
7573
8138
3673
8744
4777
4347
2328
5224
6270
3712
9179
935
8290
9425
1019
8594
2773
645
7073
2265
5450
5202
4248
2227
1774
5721
815
986
77
1666
4715
8789
6890
5743
2612
8998
2482
957
1569
9570
3586
7686
5039
4532
6520
2700
7416
3557
2951
1244
2808
7657
9597
7108
2999
10371
8824
6836
8285
2111
5110
9349
9163
9401
2097
6504
4146
9753
10108
3708
5094
3800
6916
7608
3535
3419
1289
7635
9765
8020
1362
5841
8004
4498
5823
214
2871
6885
6164
8236
10345
10054
7809
1933
594
3306
8280
2934
9189
6143
389
5115
902
6121
2174
2705
5583
90
6567
4802
6525
6429
2538
6942
3173
3826
996
8988
4112
8779
6880
2492
9144
10194
5177
7209
1813
7630
8025
7442
8584
7738
3530
7929
1263
3805
2814
8067
8861
2502
4967
1234
397
4925
1006
9499
5029
4542
5182
5911
3795
4136
6846
10083
8313
425
284
403
9199
3545
1018
9151
5831
558
3922
7645
892
2309
1568
3296
8
2963
8246
1964
4792
4185
684
2695
1299
6133
5578
8853
2944
1251
9784
3698
5104
10107
3188
3790
7598
8212
1943
6439
4619
1921
2548
6932
5974
4920
4508
7994
6812
4180
2690
7098
9598
2989
9134
7126
2798
5854
318
6319
8973
6494
9391
4516
2107
7432
7640
7939
7748
3540
4071
3785
5192
2636
10333
2477
5253
8604
3358
940
8420
7228
10235
5447
3235
8751
6062
9008
8799
6900
7365
4350
2415
9673
10043
3736
7327
5603
6671
2685
694
4195
9532
4782
8300
882
9016
3257
4473
3286
7828
8467
8148
6905
4014
3230
7984
8529
8425
9042
5352
945
9634
3418
3198
8734
10106
6726
3026
3688
84
7588
4337
3780
4238
6484
9381
450
6614
8305
5652
2680
2072
4190
2788
7088
2979
3606
9744
7360
7706
4355
72
2410
5733
7667
432
2961
3567
8914
3525
3429
7625
3942
8030
9754
8518
9292
5833
9153
9359
417
8226
2888
1352
4945
5913
4522
6530
6805
8311
3105
6826
8834
6154
3880
7112
8506
4209
3836
10341
8971
4882
10380
9393
6339
7146
10053
3504
7620
10115
8035
6586
3369
7728
3520
7919
6557
4108
9917
4694
782
6394
1697
10193
1923
2924
472
3885
8374
10375
10332
6708
8851
6131
8057
117
9808
1192
8899
6800
3916
1253
3100
6535
6419
8086
4639
10065
4940
2528
1941
9282
607
9530
1470
7347
4471
3012
6712
2066
2898
5754
7848
7205
5549
5601
6673
920
3890
305
8753
323
4073
5299
270
5251
5465
2250
1104
8632
8440
7248
5427
4414
9929
6596
2237
7200
792
9916
4684
5731
10336
5018
9383
4892
1475
9571
398
1182
6076
8445
9022
110
8096
2255
5460
8128
575
1687
3046
6384
6746
2338
5234
967
344
3895
5006
925
1656
9899
1029
1417
8106
2509
3368
9210
6418
6688
5263
9806
3726
7337
8879
1672
6780
3080
4996
3905
6052
8761
7014
2714
1713
1177
7838
7190
4088
2626
802
7709
222
10044
7918
6606
9674
7355
4360
8430
7238
8642
3225
3484
3614
3267
1115
4902
7514
9378
2247
4228
8486
5741
8616
3900
8457
6785
10404
2771
9572
627
3085
1094
7071
361
5289
9633
9215
5362
5723
5662
1110
2908
3220
8519
8435
10275
456
4365
7350
9743
1039
5591
8724
6736
7571
3036
9277
7195
5244
2348
3671
4327
10394
3439
4986
715
5821
8040
1874
3932
1707
4957
6404
2873
10084
8109
9807
1202
6698
3090
8889
6790
5843
4815
1558
777
2113
3494
1224
3114
4935
194
9161
9825
9403
6540
5019
3812
7180
4126
1954
9918
4098
4704
10349
4877
8844
2953
1811
1084
3095
4810
6795
9124
7136
5279
3846
9783
1261
6329
8863
1376
8496
409
8045
7422
710
6123
104
5581
43
5864
3171
7185
6545
4629
1931
6922
4930
9302
112
6141
3623
2215
8181
7523
3997
827
2591
865
10272
6036
1616
4765
1069
2662
9420
1457
5908
9903
6220
9247
5274
218
2378
3641
526
4727
1486
7541
7382
10401
5771
6085
1724
9348
10324
2277
9933
4454
7023
7791
2723
1400
9575
2741
7041
1519
1435
5058
3762
94
8713
9887
6225
6267
4668
7283
4760
1761
5626
860
8672
1879
9974
2210
4033
5211
6752
9
3052
7883
5714
1642
9846
1405
4431
5326
184
1430
6633
9456
5509
6368
1147
6080
4162
8334
10189
7259
3141
7392
1496
3123
8191
10061
3987
2581
1863
6575
2864
8017
8811
2124
6171
1213
3956
2302
5127
10049
7859
8931
5165
3876
6095
6517
1346
3329
8075
7781
10111
8351
6966
1889
8399
747
9618
6570
9822
5953
1312
4301
8707
4249
9886
6114
7293
4847
8874
7152
8070
9457
9760
439
1844
3469
8954
6090
2843
7466
2161
5160
2821
2403
7893
9847
3404
5873
8558
9113
3131
572
6862
6100
8344
9458
5528
9848
1385
3394
4566
4970
10062
5924
1971
2393
7903
4669
10362
9779
447
6369
8941
7176
4850
1851
8262
9617
1899
8389
428
750
7303
10112
71
3339
100
658
8697
1336
4291
8923
3154
9821
4975
335
1068
2292
1518
737
2359
1380
2153
2913
4837
3852
468
6105
176
1914
4917
2833
7402
1506
1834
3972
9504
755
5888
5961
4855
8201
8149
8363
6046
10271
8475
1395
3384
1150
6664
2383
3631
9237
7531
3076
6776
7310
2460
9739
10366
8656
4064
8417
4281
8687
9338
9888
9255
9629
3468
116
7031
8379
2022
1445
9616
2731
7958
7749
7315
2465
7801
2427
4021
314
1155
9066
3654
4043
7554
2282
10230
7278
1390
8470
1440
1632
6621
7377
4441
2549
6458
9250
4007
2601
402
1753
7878
1137
4423
6643
6012
2754
5898
7054
5157
6842
7229
5186
9105
8364
4132
256
1002
4079
4546
2834
548
7480
7610
1833
2506
3510
7718
10064
7909
2914
62
5135
8961
4796
7829
1913
8242
3359
3153
6409
10114
3292
2518
8888
6980
3926
6679
896
2154
3515
1048
7304
9763
7615
10392
422
7485
2339
8924
6936
9517
9100
5397
2899
8216
2851
8528
3393
8321
7436
7677
3577
2971
6985
5923
7904
4512
2394
9502
5697
5298
9755
5941
9369
4219
8343
6816
2131
7122
5130
1754
4089
7490
6066
835
5470
6644
9930
4424
2753
7053
1601
4600
977
1549
10317
5196
5028
2440
4735
2632
3653
8118
4044
857
574
7553
3282
6990
8898
9012
886
6689
3732
9423
122
915
4786
9900
3448
1427
209
1465
6250
4757
3022
2445
4730
5387
6722
1731
9516
6237
4638
394
5356
9529
4605
4063
5475
9046
9971
7495
830
95
287
3602
4461
333
7702
6255
1460
2076
910
3383
5417
6995
5656
10396
6338
5288
5687
2384
6663
5672
8626
6634
3592
4218
845
10274
7692
4375
9225
7884
2642
5713
2430
4745
7561
3661
279
7005
9267
2052
3210
9368
4595
8509
9080
2879
4034
1120
8714
7061
7505
2761
4317
127
3742
7284
3438
5372
8908
6651
3716
7000
6699
1741
9675
2435
4740
10045
2519
4370
541
4648
6428
6247
9220
840
1723
10334
4453
3277
7024
10400
9972
9036
2724
7719
232
7928
2486
3378
982
4099
5273
2457
4051
2616
7500
1662
3624
5206
1125
6348
7524
9085
8771
4590
217
1591
10233
3215
1167
5707
5308
4142
7894
2404
1821
6832
5874
4820
3403
3161
7239
9114
720
7412
1843
3582
8953
4536
7682
2844
7839
8232
5145
7294
1271
6113
67
8873
5558
1366
4585
5407
2889
9518
9090
506
5954
6912
198
767
2329
6946
9171
1038
5811
4806
725
9824
4825
906
4867
3302
8119
3124
9501
1864
9095
5009
2863
7446
1581
4580
2123
1214
2496
8333
10085
5140
2141
5931
586
992
3822
4116
3348
950
2036
10407
701
8723
6897
6215
5243
5486
8741
2220
5221
6378
5457
8398
1908
619
5616
10027
5316
8591
1093
148
9533
9868
8297
4340
10364
6277
4678
9672
1771
10042
5724
2085
4770
870
10177
8662
9975
5435
5519
376
3247
5761
247
2267
9052
3483
2225
8158
3613
7513
817
228
6210
4717
9574
536
5342
955
1626
5879
9419
3772
7013
5642
4207
2713
5430
875
1714
66
2672
5081
4775
2080
1059
511
4345
2368
937
5264
1509
5496
8060
1322
3459
4552
8388
2931
3537
7476
7637
10026
202
5170
6856
6124
10082
2171
5863
6887
9329
9751
6976
10176
9759
6560
3555
9141
6302
4406
7655
1083
8581
8287
9123
2095
2811
8256
8864
10190
583
7869
4703
1953
5889
8843
83
2954
1241
5175
3866
8821
8027
3493
2114
1223
3113
6449
3807
2558
9404
6501
289
8065
4172
10218
2090
5091
5117
7269
650
5844
10050
8001
7650
7949
2707
1873
7758
6565
3550
2874
6527
6403
459
6161
126
105
1528
2941
3547
1254
7647
5101
303
10217
3962
384
9505
2100
5049
325
6393
9339
10322
131
1924
4156
5971
9752
2923
7991
10081
4187
8373
2697
297
5899
1078
552
9131
4965
5851
4927
4693
2369
3797
9394
6491
467
3503
6359
6153
8833
6292
4396
1231
5518
8272
7166
5914
2105
6952
9866
1888
9154
5834
6872
9780
5506
4576
8913
1961
151
7452
4960
418
4659
681
7367
239
6383
2417
2656
5233
4011
7981
3338
2687
2046
7325
4197
7868
10229
3255
8731
10216
4330
3787
6481
10041
9384
2475
9671
3756
6611
10326
5445
6022
4413
9076
3237
7268
8460
4683
4074
1103
8601
3250
8307
9867
8549
599
7320
5332
3478
4386
9740
6282
8754
4357
10178
8465
4258
6907
6674
8427
691
5440
5632
8408
947
1898
6766
2012
3066
10028
2470
9630
5753
350
4335
6423
4643
5615
5054
386
1301
124
1249
5485
8903
10320
6216
4312
4458
2035
9344
4621
6441
5377
1620
9515
1919
3747
1728
10212
6321
5677
5278
5436
2374
620
7697
9593
3373
5904
3597
2991
7923
2647
2086
7941
9757
9460
9262
2057
5315
6343
9389
2030
4213
956
5031
1625
6364
1667
987
2452
5480
10088
2226
5909
1162
5718
5610
2311
5310
9201
6242
4346
4776
9149
5829
9363
3433
9914
4664
876
3272
41
8237
8531
1033
6855
3860
10171
7475
6917
64
5402
5495
8255
5702
4147
2128
2096
2868
9756
321
9379
6837
7656
4405
3556
7417
10021
7687
2981
8338
3587
6975
8066
5490
8554
3408
4069
5303
9720
10130
7470
8958
3865
8749
6850
5176
8801
1848
997
3827
8878
5553
6970
9862
6669
6118
762
9678
6566
10048
4400
3307
8250
4862
10047
130
9677
4390
7160
4155
8247
1043
8541
3297
9181
8523
1021
10172
5293
5928
5152
5719
6847
5500
4137
10086
3398
374
1571
4570
5524
10022
8348
1007
4966
8791
3572
9439
7672
2106
4517
5692
7713
5884
363
4150
7165
1838
7127
534
4395
9849
5561
1918
1709
562
9861
4575
1281
5259
8883
5505
440
5392
1514
2513
1064
3158
852
9191
3287
613
4633
3256
9017
7811
3464
9676
2045
1422
10046
9334
7326
6431
70
3737
4380
10289
2655
6119
4752
4068
7211
9075
653
10211
5446
8781
5283
972
9804
6668
3060
6333
38
8859
3755
6760
2637
2476
3388
7931
10087
2758
5894
7707
7058
2949
2650
3607
3001
4385
5041
7874
2040
9351
6454
515
9758
9399
5412
5023
5682
58
2109
6232
3421
4336
1291
7274
3027
5382
6727
8893
5839
3065
3750
6765
7558
10103
8113
3658
9070
2869
600
9690
9479
3443
7954
8466
2505
7761
4545
5513
6629
6930
6158
8838
4922
9106
3792
5185
8210
7879
7430
7642
895
3925
2884
4029
3542
8514
3967
2561
1883
7279
601
4182
8709
6810
4795
8918
2692
5136
10369
6877
2524
5180
2181
8215
410
6704
1523
6935
8378
73
7486
2928
7019
1541
2719
10025
4540
2500
7616
6398
7457
3516
6297
4698
4104
4790
6815
1791
1073
7724
8571
9884
8277
10384
9977
3508
6957
6986
3619
7519
7435
10175
890
3920
5869
4736
565
1108
7244
9990
5195
9109
3782
5350
2351
7889
2399
3232
6027
9040
2839
10311
6065
836
3473
7289
1466
7362
2412
7844
2682
5071
9508
4785
2070
4192
916
4253
5758
885
2894
5949
5650
504
6001
616
8161
8403
1893
9589
6060
3333
7496
6902
9454
8422
9045
2334
5637
5238
5476
6388
4606
2017
9844
5355
942
8124
2191
5190
7863
2446
9976
277
1209
5655
3119
8302
6996
545
880
1859
5014
7263
4688
6287
9511
1781
5337
4780
2075
4352
6256
4418
7518
7006
3710
8292
9614
8153
3618
8359
10099
4746
3488
9226
7234
4376
6272
8667
846
9483
4261
7914
4084
169
3242
8625
2829
254
9030
2480
7834
269
7018
2909
2718
7506
6892
2610
5200
2201
6684
2363
2149
3364
4596
9311
6414
5452
8620
9507
5647
10215
4202
5248
9035
2344
8728
8919
7299
7251
3343
7971
2677
2436
3321
10390
8393
1903
6373
2904
3715
5991
932
2262
7851
9057
3216
7899
2389
4673
812
9086
1126
5205
1098
4712
2615
10293
3777
9374
5347
6471
2485
9512
4224
4535
6639
4419
8848
9865
6940
1749
6307
4708
4094
29
1958
1801
4800
2553
8282
3118
900
10355
9978
3498
1228
1554
115
4557
671
1327
6694
7632
4586
7440
1365
9443
4039
3532
2490
5146
6408
9853
7753
1878
4110
6882
638
4177
8383
396
4826
905
5112
5981
2702
9506
4805
726
5868
6945
4530
1531
6522
4115
621
2495
2379
1360
8022
7445
9096
9128
1088
3802
1485
8339
807
10360
9612
8991
9828
9373
4766
1615
4223
5919
5728
4241
866
6035
240
4674
9915
8647
5620
3389
4907
10117
3262
2216
9993
1904
8394
7332
1677
1436
2321
5320
2903
6374
2343
8131
6057
10067
1172
6086
3344
2364
9451
6683
5268
5667
120
6030
3363
5625
6413
3149
3201
4611
174
7833
1610
1909
1718
9272
4322
6226
1480
9841
4481
1829
7913
2242
4083
349
8452
6311
9459
8154
1406
5325
9514
5367
7233
6960
3955
9719
8868
6659
772
10129
7731
10116
3379
6576
1495
3817
8981
4872
8076
2531
3937
10066
4059
6128
1702
4952
7460
1345
6096
3875
5166
8384
1207
316
2878
96
7754
4491
655
1490
10278
107
6927
5848
6693
7601
3649
6965
9307
3950
7549
3701
331
9408
2554
9881
633
2118
3870
1553
7465
1340
2801
7101
2749
7049
2958
4093
7427
4527
7741
1357
9398
4565
1386
9440
7117
524
4103
5269
9850
10406
7091
7723
1074
2791
3562
4449
1500
10277
7662
4501
1335
3947
1928
2541
1719
7591
2523
3691
3181
9297
7175
1258
5571
6703
1524
114
6106
1692
543
290
4560
1561
2883
8052
1197
5838
9158
4976
102
8513
1011
1884
478
4887
186
4856
7170
9882
5918
460
5709
756
9826
1505
5514
1330
787
6552
7264
6775
9611
2781
3075
8329
7081
2859
9060
492
2119
9388
8637
8476
1396
5013
4231
5422
6045
7342
7581
1446
9287
3191
3681
8123
3411
357
3017
9256
7864
6717
9480
3334
262
10276
2333
8141
9689
8655
2893
6040
7821
9027
1187
1894
8404
1156
9065
9452
6109
6678
10290
962
9805
9842
8869
6770
1682
3070
2466
7843
7316
1412
4254
10068
9001
8650
8949
8758
9827
797
1839
7221
2232
3474
10118
3399
4897
3351
7243
4078
8225
2158
3830
8884
1513
8561
1063
2514
9885
8267
7140
6580
7626
3526
10174
8692
7009
153
2918
2709
6867
7714
5883
8505
2838
6825
3609
8368
10024
3106
7509
3910
6806
8080
3479
4946
7407
5523
4912
6181
8036
2571
3977
6585
10347
2398
7908
5294
7145
482
5541
1089
3835
8220
6536
8524
8085
7771
732
9723
5791
3915
10133
2297
6820
8719
513
8928
4832
5239
3886
133
65
1044
3857
454
8500
7308
9577
8412
6399
6590
92
258
6351
7206
280
9590
3444
7953
8682
1869
7273
2065
8894
2027
4048
9463
8114
3109
6453
488
5024
196
6070
5466
9455
8090
3489
1219
6740
8839
5893
9845
3040
6648
4428
9802
9232
1650
5000
2001
4651
7873
1758
1949
4699
5284
19
2388
6334
1637
1476
7372
2060
4002
1079
5061
9119
564
9989
6191
1132
8171
6017
6595
5859
9333
3896
926
5005
1655
125
9576
6745
3045
2422
365
2256
8095
8446
9911
4634
5781
6075
3463
2287
3434
2272
4663
7288
8480
8610
301
8718
4995
3906
8909
97
4038
106
3725
3767
8105
3311
6461
9364
3992
10214
822
1116
7888
3226
210
588
1452
7356
7961
6605
2667
4214
4722
6363
3030
8829
2625
6730
7387
6149
9801
9242
6638
6201
8100
3451
6757
9216
3057
3499
3720
7528
3086
1647
3628
10100
6344
6786
1991
4990
8615
9693
4689
2373
10382
8485
5903
3374
1142
7924
7028
2919
7196
2728
8369
3035
9615
6735
2620
9343
6389
6600
4366
6262
4271
10330
9321
9912
8677
8436
6424
4644
5053
8904
5801
4816
5749
7130
5958
5122
2307
3840
5554
8490
9578
7298
1370
6512
716
4985
2848
4167
7397
4125
81
3982
1099
9118
4936
1051
8553
5878
5304
2408
7898
8012
4980
1981
661
8046
4679
1375
4409
8495
1218
5531
3845
7135
1868
636
3128
6796
3096
742
9864
10386
6546
1317
7186
8702
1034
4120
4842
346
7157
6379
5229
3246
7963
5675
5034
7695
842
6361
3595
6203
1229
2645
286
4742
9536
6276
9464
4438
4372
9222
8296
2055
7002
9509
5317
2314
4592
5218
5617
5456
9204
9591
5487
3313
6463
630
980
1959
1768
4661
679
7502
6896
1660
5375
2037
190
3745
5099
4273
9323
5051
936
2050
1304
2748
7048
2939
2640
2432
7798
3590
7989
7690
5670
6444
9910
9341
4624
4206
5778
5969
1993
3740
7548
6324
10102
5370
2371
3648
1627
1665
4716
5901
985
2994
9129
5849
9082
816
3453
7944
1122
3212
2598
2266
8188
6489
4145
9537
8257
8599
1053
8551
3300
2828
8286
2168
6835
4407
10173
7415
8804
7685
10377
6977
3585
8235
3820
990
689
6886
5142
4308
6857
5803
4582
10383
7636
7477
499
3536
6915
10023
8358
421
5497
7979
3580
7788
6526
8534
7680
722
7410
2706
4009
6830
8729
4822
8938
5116
3305
4140
257
5533
6609
9092
10134
6178
6910
3806
9724
8818
2588
8026
6479
8198
3867
1983
663
3148
2984
995
3825
8230
8208
6845
5968
9102
4135
5759
3796
5881
1005
4926
249
123
5564
2696
4186
7120
274
5132
8245
86
4157
1284
3295
4510
1511
8563
5079
7646
1061
3546
7612
9445
3512
263
4298
1000
4577
8544
699
7482
9184
5507
1024
7773
4130
1858
10328
8948
9855
5793
8739
6840
5219
493
6982
340
1769
1978
8589
5543
4515
9538
9863
3290
1574
5521
507
7167
8240
6183
7125
4397
3138
2573
8794
5891
135
832
1239
3004
4653
3236
2003
5044
9077
7871
63
101
2608
9354
6451
6499
3757
231
3020
4732
8819
6720
2635
9800
3786
6628
10295
4448
9592
3424
3285
1294
7271
5089
9015
10213
4196
2047
508
2686
4028
6159
216
3735
912
6353
7999
542
2657
7808
3600
7951
2416
7700
7366
1462
7038
2929
9194
2738
3025
2442
2630
6725
5783
3067
7814
6767
4602
3461
946
5472
6434
9331
8426
4288
9694
2169
7492
6906
6252
7705
4356
9139
6193
7214
3605
8173
3730
4387
7538
155
3638
8784
10101
6992
8306
2809
9010
5063
8579
7934
9485
3280
7593
1739
10398
897
1948
3927
2521
3693
3183
6649
2184
6138
6701
8858
5573
6950
3965
8270
1544
4503
9427
2543
4797
6290
4101
4962
7450
4049
9442
2507
1794
7093
7721
8574
2793
4547
10238
1589
7743
5187
8978
5156
8769
6870
9852
9880
6295
6817
7764
80
8275
91
5696
10019
7559
6955
3960
2102
3659
8318
3576
310
7676
7437
1563
2881
6875
8217
8511
5396
2564
1013
6937
9766
10169
2968
7059
201
2759
7455
512
4756
9169
9426
5809
7322
1426
2331
538
5330
4787
246
8143
6280
887
3252
7583
3193
8121
3683
537
2194
3413
856
9482
2472
1579
483
5197
976
9994
2010
4233
5011
5929
5738
1784
5442
6025
5630
2783
6067
7083
2139
1819
5686
9595
3159
7241
3353
5258
5657
2354
5416
9003
6285
2077
5335
7223
5608
1269
8462
9767
9450
7841
6020
5074
9047
5635
87
2015
2891
377
7823
5357
9513
6004
4332
4478
10292
8164
6236
5386
9840
5340
10105
2341
3678
7578
8133
3770
4316
6212
5598
7254
9768
7974
9481
3324
2323
2901
5994
9050
2849
7854
9266
4243
2670
9610
2082
8319
2778
2969
7078
8665
369
2129
5748
8993
5939
8627
9371
6474
5640
4221
5432
9055
1166
74
10209
10236
7231
5207
2222
2617
4264
2456
7911
4081
3775
529
6313
2487
5345
952
5645
4613
7831
9037
3276
82
587
8768
8959
872
8660
4483
4342
6246
10291
2204
6681
2675
4772
3361
6411
9314
3717
3203
9859
4555
6148
1325
5406
1938
1367
1729
5984
2533
3178
18
5588
1534
4537
8983
7652
6305
4459
9441
3552
9851
1268
7733
4170
2092
5706
1818
2803
4117
7103
5172
4091
1804
2497
551
296
7447
9168
1599
10237
1320
8062
1551
4550
4866
4175
674
6691
907
7603
3703
631
6562
4807
6300
466
5828
6947
4493
9428
766
180
2203
2361
5360
1675
9313
5088
3204
4614
9909
3902
6055
2276
4484
9936
1487
4263
9906
805
4726
9246
9991
7352
579
1456
6314
1617
8199
3222
8151
6037
8645
826
3996
4905
5660
5959
1112
5768
1146
9453
3129
42
8994
6050
6473
7853
1778
1969
9510
113
4244
1670
6782
4671
5327
3082
5365
9843
8598
9212
7973
1849
3323
4900
1901
10315
8391
5665
8432
2324
8640
6371
5627
5228
5993
8939
8748
4289
9465
6266
8134
4362
7192
708
449
800
3341
7253
7420
10135
712
6168
3935
9725
4019
59
7751
1347
8008
9937
6516
4494
7799
10339
3877
673
7604
4812
5126
1205
471
5098
3704
6508
9300
3957
2551
8016
2599
4439
6619
3986
6920
8828
4932
9907
2804
1248
7104
1497
3815
1803
2818
1200
3092
6792
7734
8588
9148
7467
416
3629
8984
654
7529
7425
8042
3930
39
4279
4846
2534
9883
3810
7182
8706
2178
1533
6925
8381
2938
7029
623
6542
2729
431
746
6967
9305
5983
485
688
1968
1337
1759
780
8696
7622
3945
652
3522
1564
7177
9295
5209
4880
2563
1014
1881
4525
4429
9444
4942
1355
603
1190
4567
6802
3102
7115
7763
9854
5511
1238
4885
7744
8179
6498
9290
568
2589
610
3639
3940
10368
7539
1793
8032
1507
7094
1071
9908
5858
8573
785
2794
9138
4916
390
1543
7789
7998
9938
4504
4836
10351
5769
2544
5978
3882
7110
7594
736
5108
3694
3184
1195
1350
2183
5574
2739
4520
7039
2948
1521
6532
7824
9285
6003
8349
8163
9613
1891
3015
8401
6715
4890
698
7202
790
8686
5073
4299
8416
4251
9484
8657
9004
362
75
6777
3077
9992
7224
9236
3471
5462
3354
8608
1180
2159
9695
2353
8635
2819
457
6047
9020
47
7261
3139
1783
795
2784
7084
1136
3010
4006
4895
8809
6710
9799
6169
6618
9280
6488
8189
2579
7376
1472
221
4234
8630
9025
8442
7584
8738
3194
1185
3684
8929
3414
2193
9067
7861
2252
7988
2426
3331
7779
4018
10294
8144
3892
922
1573
6865
3850
160
2138
8507
46
6184
9879
8793
2574
5739
6827
5948
2290
5291
1382
9638
10020
2769
5544
7069
2978
606
8328
9183
8227
8521
10338
7774
1023
2858
5794
8265
3970
10170
7569
3669
9748
3566
1041
7666
7400
5589
8543
4972
1283
8087
8881
8564
2511
3917
2295
168
8056
10196
8759
3855
6860
1696
6102
8968
7711
7405
6556
752
9721
354
140
6587
3975
10131
5563
4852
8260
7147
10056
3837
5281
2280
1259
5426
6331
1392
8472
9788
1809
5064
7933
358
611
7213
6194
4468
9461
8174
380
8783
6010
6433
3169
9594
9449
5579
9193
6139
2067
9252
9839
1442
2025
4631
7346
5784
1630
7813
1929
1738
1416
7312
495
2462
1657
10197
5007
6354
9995
966
3441
6747
5819
3047
1686
3423
527
1293
1152
8891
8097
6077
9692
28
2285
8111
9353
9159
2020
5021
1635
265
10057
1608
3003
2236
2004
4654
9913
6015
5043
6597
10058
3454
2212
7943
3266
1598
154
8969
8778
6341
10210
862
8670
1994
519
4058
9462
6607
6323
4762
2665
7385
401
3371
2627
2993
7921
1176
6082
4623
6443
10198
4997
1640
4274
1432
7336
9324
4641
6421
3727
1748
1939
3765
8849
6750
6129
1303
3050
6658
8901
8107
9803
6222
9746
3431
4326
9276
3037
6737
7380
2660
7068
2959
2768
2313
8675
9691
9203
3314
9361
6464
9609
3668
8309
10104
134
7568
3760
6755
3055
1402
1645
9787
9636
8456
7964
8617
5033
4211
8487
2246
6204
1984
5938
664
5729
7150
4876
4165
7395
2148
4127
2983
6572
5534
1310
177
1588
776
2305
5162
5818
6092
9178
8533
4956
1031
1706
8072
4987
5804
9860
626
4469
1315
5551
9747
1278
7390
5599
4160
7155
9722
10132
8803
8497
1377
446
3168
1054
3847
1828
5301
7137
2300
5249
9637
9786
1193
2887
1252
3964
8517
2185
8211
2856
9682
9626
1545
10187
1922
6931
4309
7668
9985
7760
3568
10249
1795
6811
2136
10261
5946
783
8575
9259
2560
9392
4883
255
8326
10146
7431
2976
6558
7765
2501
10203
4107
6294
2449
7113
391
8274
4541
1540
7727
1159
2180
5181
5912
1353
9798
6954
4523
6239
9293
6874
3921
891
2527
9152
5832
647
2565
8058
6707
9650
8570
9584
3269
7454
1698
8966
1790
3943
4791
9627
10186
7847
9041
2350
5351
1183
9023
5399
2897
10122
1736
7348
2195
9732
7247
5428
8160
4893
9945
9382
10147
5699
6000
5651
9642
2071
10072
6024
1785
5070
4466
793
5191
2190
4072
1606
5017
9544
220
8633
2355
5334
2238
6284
173
8752
9889
6061
1418
1688
9811
4781
5634
968
1780
6672
5075
759
2337
8127
6005
9283
4859
2014
881
6713
3013
8165
7837
9031
648
1178
118
4260
7255
1746
10121
5663
6687
3325
9731
7975
7338
6656
5995
3711
6417
3367
9310
3268
1596
7855
563
2200
7237
5201
5722
5363
9796
8776
5149
7917
2611
4056
8664
10071
9641
2481
6475
4087
7566
8643
5689
10148
3666
9054
5990
3569
9770
7970
7669
3320
4903
272
7250
4265
8458
803
4227
2248
9377
8621
5344
3774
6053
4328
2347
6470
9812
10030
9278
5644
1712
7066
9628
2766
2674
2205
5262
7850
5389
2907
9315
1673
1324
6697
9681
4554
6923
5985
9303
470
849
10325
901
9176
4749
4958
505
6122
1708
4801
5816
523
1800
1419
1535
6941
9565
10262
5936
4878
4111
2491
7423
4097
6304
9553
2146
1586
7441
778
969
1557
670
8862
9410
9797
3813
612
1530
4531
2952
1805
544
1826
5679
5980
3166
2112
5409
9402
430
675
4174
1203
6229
1361
5842
5379
9964
1276
3933
2872
10188
2377
1621
5035
6632
5674
9815
9248
4620
6440
4919
4728
3594
400
5907
7694
1458
3053
566
1300
6753
375
10350
7882
2644
9928
5766
1643
828
3998
2054
3789
5057
8673
2315
7639
5086
4032
3539
7940
615
9205
9893
2689
4179
8712
2990
3744
7282
2278
6320
9347
5374
5611
9941
8746
5481
3763
1305
5226
6268
4667
79
5030
2722
706
7022
6445
4625
2031
2663
1148
268
6325
2995
984
7383
1664
6367
9200
3622
7945
1776
7522
8596
5311
2310
535
9664
8018
6506
7892
2402
4144
5872
6834
8826
3779
9112
3988
8805
7414
3861
1246
3584
3229
7684
2842
8530
4189
2679
2980
6166
8234
6518
8006
7292
2409
7153
10199
7359
1313
5128
5952
5096
6914
8419
8535
10265
4848
8708
6851
2176
8800
6899
2303
2936
10395
7471
5491
3304
748
939
8557
3122
8299
2816
8251
1862
8586
1212
4163
4349
10253
9981
9146
4401
514
6971
3824
994
2985
9562
453
7393
9950
6844
634
6269
8289
9180
1020
8362
1
4134
3239
163
7161
1004
8540
7403
5527
2832
5565
3973
35
4391
1236
1966
2912
8698
326
6889
8790
686
4571
3853
1570
657
8244
10284
5501
1285
3294
5449
2293
2152
7302
7996
5560
9549
8545
4199
8922
4838
5976
9494
4151
5106
1025
1517
929
9185
738
8263
2946
1067
9926
809
2259
9685
1280
4514
7902
6496
2392
9561
5887
1575
55
6863
4918
8795
4709
5856
9136
9982
7124
23
3005
1752
9238
6430
381
6013
5045
6642
4422
4381
10244
7810
1633
8606
9355
9190
8279
2634
7629
7930
1295
3284
3425
4042
3529
2283
3467
9014
6761
3061
8688
3734
696
8780
6879
9337
8418
7210
9942
6724
8736
3024
5109
7277
9195
10374
9350
589
7815
2023
2428
7986
6435
9645
6519
2041
5040
10075
7957
2699
3000
4016
2651
3604
7215
7704
5897
1138
8785
9071
7877
10379
3751
9927
6616
3799
4008
6457
1290
7378
7935
9735
3420
2382
6486
8019
10125
6185
6864
7717
6581
2575
8342
9661
7123
3392
8560
7141
9585
3259
8976
3831
5158
5922
5545
4513
7775
7329
8081
8887
479
1946
6136
10282
8264
8856
2517
3911
5795
1169
10226
9649
128
3152
8527
5540
8221
3293
9492
5398
2294
8565
4319
9269
2570
10250
10018
1047
3854
6180
2966
8243
1912
8449
1003
7404
8501
9877
3974
1832
6821
2239
6843
5790
8316
10168
5297
5698
341
7678
9984
4133
7770
3578
230
5027
3382
9438
306
597
6662
5065
769
978
3603
6195
9890
7703
4869
10242
5736
146
6591
6350
60
8175
2000
4062
4650
1651
632
5001
10227
4758
1699
4949
3041
9545
6741
1428
3447
8897
10318
8091
6723
3023
8117
6071
858
5785
10405
2024
6355
8170
3733
5606
9944
6190
3652
5060
2061
68
3283
7552
2284
5388
9013
4476
6238
4637
1634
6337
5780
5688
5287
5418
2633
5256
9876
40
6014
4655
7052
2005
2752
9769
6460
3455
9268
3310
2776
7076
10166
2664
4217
8611
1995
5272
983
1663
10241
7384
8481
5746
6731
10016
1722
3031
7576
6200
3437
3676
7960
191
4452
3559
4318
10029
5596
7659
348
9325
4275
9367
3764
3278
4991
3743
1990
1689
8766
5373
10228
3721
8674
6427
4647
6248
455
3450
6465
3315
8907
8101
8049
3054
6754
5712
1168
2643
6347
9437
9320
1644
4270
2053
2458
6601
5673
7965
6549
6205
7927
3593
2621
3377
7693
4164
8332
665
10365
1985
9662
993
3823
9878
8491
7394
1371
9965
1266
3841
5535
54
5419
1816
5800
2862
10167
2122
5708
5307
7131
2304
10281
6146
9953
5408
7339
420
3303
1936
1050
10017
373
3176
5557
5586
4868
9491
5805
1314
5530
6913
1037
1409
8233
364
959
1980
6112
768
4981
5826
533
7154
660
1679
8872
1842
7413
2229
487
3583
7683
4121
8952
9166
1055
9409
4143
3402
6833
9436
9564
34
1907
8397
267
5458
2673
5216
3205
5621
6377
4240
1674
8990
6054
6898
9528
2712
8689
159
5643
7012
1766
4615
3347
4485
352
804
3248
497
6315
5343
3773
8130
6278
8644
5321
4677
4436
503
2320
3482
525
9053
3612
8298
4904
7512
3646
4480
8663
9541
7546
1481
1611
4610
4909
8995
10376
4718
1092
6031
8157
4245
818
3200
8186
5364
2596
2268
9814
5664
938
2367
729
614
2746
2325
7046
8135
7796
6310
5776
4829
8722
139
5242
4208
6888
8980
1872
8679
3934
6402
4306
4495
8409
8387
3538
7730
4173
7638
3705
8356
6961
1204
7605
1222
10264
3492
2166
3112
2826
8288
3814
1952
7105
4702
2805
7461
2530
8842
9229
7600
3808
8816
1082
3999
9122
3700
550
3951
6176
2557
8028
13
8196
7369
2586
7735
3146
9653
1491
4490
142
7424
1129
6303
8985
6528
9665
2535
2419
10200
7786
7100
181
5862
1341
2800
7757
2708
1323
10372
5118
10335
4553
3871
8936
9962
6924
9581
9304
2790
7090
2698
8912
4188
2269
9684
7453
9550
3944
9294
1565
6873
3548
1527
1015
7740
7648
9413
8206
1354
639
6953
5570
4524
819
3989
7590
3798
3180
5966
9495
3690
4928
8832
6152
4719
2540
7114
6293
9239
1449
8273
4500
1501
1077
1976
7745
1010
4884
9949
1560
4561
311
10285
3502
635
1139
3136
5517
2795
147
784
4692
7095
1331
4505
6392
4296
6259
2922
200
9526
8372
2545
336
7171
3185
1194
9582
3695
1856
175
7595
1887
3963
5575
8946
9961
9284
4230
7825
2013
9061
6714
7867
3014
5119
5752
7080
3337
2780
4198
4026
2688
9734
2418
7368
253
6509
5633
10124
7806
5333
6283
8140
7267
9005
7225
3238
3355
3410
8009
2606
10074
9644
3788
7580
8634
4446
6626
1102
3979
3680
3190
4412
6023
259
10033
4358
10343
3477
3636
4682
7085
7536
9542
3071
794
2785
6771
4894
8308
6041
7820
4235
3685
3195
1184
7585
7036
9024
489
2736
9773
739
948
1897
8407
3350
3415
4286
6382
10245
4839
5232
7220
8428
6908
8651
9000
4257
8145
8699
9527
1797
2504
839
1232
6291
8271
10331
2836
8577
4544
1503
6999
3108
5184
6808
6951
6700
8366
4739
2520
10255
4948
9979
9219
4369
10342
6871
894
3924
2885
9552
2156
10263
8515
4589
2187
3528
1547
7720
7628
7451
2916
4100
1962
7499
682
4794
9708
6538
7173
2942
2525
2429
10201
2567
3961
5102
6705
8214
1333
3888
5972
8926
6934
9580
7992
248
7306
9654
556
291
6814
7767
9132
5852
4105
8038
7725
3209
2396
6492
7906
8510
2880
461
9079
7434
4563
1119
7245
5194
8602
8120
5468
6646
4426
5331
1787
2330
6281
1756
10346
6064
9939
5139
7208
5631
4784
692
7845
5010
2011
2895
884
4579
9063
4046
2197
3898
928
719
4012
8653
7982
578
2335
5077
9044
2258
8125
6007
5354
4819
8732
7240
9895
8167
8448
1478
6482
9540
2386
5015
6612
9089
6043
2890
2357
5654
9813
2074
6021
7840
509
3073
6773
2900
5762
5323
1118
9099
241
7857
9051
7235
7886
3228
7915
10123
7358
129
9733
2340
5341
10373
8624
6636
6477
3771
4085
7286
4220
7835
9370
5641
7257
8716
3908
532
5129
2671
3327
5082
6685
517
10387
7977
4036
9643
10073
5997
5623
6415
3365
15
4080
2345
9034
7026
7479
702
7198
372
9706
2726
4368
10034
7609
7910
3509
8742
2207
5222
7230
8438
3714
9317
2905
6410
9218
8592
6033
3360
9774
3088
6979
3626
6788
5204
7526
6680
1772
2614
4267
1483
8661
7830
1613
4225
2484
9375
69
2846
7463
9683
4534
829
4095
1242
9414
4938
8822
4729
5876
9116
9559
1555
2406
6502
7896
5092
6695
5956
4171
4818
5987
569
6963
9551
1364
7296
8002
1459
1537
909
718
6162
1321
677
4599
4551
1550
3873
6548
2932
10202
2439
904
4090
2172
4804
9707
7188
7489
5469
1343
9960
6944
8048
4114
1493
6249
2494
1807
6301
9142
7444
8582
498
206
1216
3953
330
3126
6798
3098
6989
1866
6690
2812
6652
275
5055
9809
5614
164
2317
5484
9836
1742
547
1438
9207
6733
3033
6360
6088
236
300
141
9345
2034
528
5037
2375
8613
4959
4768
981
5905
8483
1661
4660
4052
868
9891
8772
10006
5726
1592
5314
211
2218
1624
6327
6603
5671
9340
9943
2997
3591
2623
6365
7691
7947
1408
2641
2099
7562
2051
3662
5050
5266
3723
8103
10402
1307
2762
5900
4665
7062
1716
368
3741
4993
9478
2370
6447
4627
6228
5371
7319
8078
6126
6854
9718
6098
9172
5812
24
5168
7474
3249
5494
9837
8550
3301
3843
10007
8866
8254
10205
2469
1582
9660
7133
6578
8807
2142
4404
6974
3821
991
5932
1373
8493
5439
604
502
8555
10259
9406
4141
1822
6831
2116
3162
2956
7411
3864
3581
2987
4123
7681
8537
2876
8231
1272
4983
353
8459
4329
5846
10251
9983
6911
10280
6209
9476
5880
1926
170
4154
624
8083
2852
1287
3913
1256
2079
1060
8322
2972
7143
3833
1388
138
9954
1510
4511
9396
5942
426
5525
5429
5567
6583
2132
7121
6841
10358
158
9555
2219
5916
4131
10008
4858
7164
1001
758
8503
5885
949
1577
6823
8797
4394
9717
6108
8962
9490
869
8547
4574
5520
252
9679
8241
1515
1027
9563
9838
5504
8223
3291
9187
4339
10361
1065
10252
5836
9156
4769
4978
8093
6721
1732
3021
1297
1448
3427
9258
6450
3465
6073
5003
1653
9335
2044
9477
7870
3043
6743
5890
30
2654
281
7649
3007
3601
7701
3549
7950
4462
6593
9074
5047
3754
2089
9357
8478
9892
7270
1398
9386
10240
8756
5169
7217
5895
8787
9330
7875
4384
539
8059
10069
1602
9639
6455
3460
7937
4076
2631
2063
7275
9197
3281
1158
9011
7817
6764
3064
3731
9716
6437
6676
6559
10119
7955
9729
2468
7318
7777
8885
5503
8224
5290
2291
5797
2515
9663
9579
5138
4573
10308
3851
8916
3899
6187
7349
7163
8504
7401
1040
172
7715
6156
2577
3971
10391
8836
9952
6824
4393
1109
5962
9108
8202
3219
8520
9655
5547
3132
4696
6861
6584
2510
9209
9980
5295
7144
3506
3834
1972
3079
6988
8880
6779
119
8084
8429
8525
441
8942
8261
1852
3914
8567
2926
7488
7189
8376
25
4292
6396
7710
1045
10254
3518
4359
4153
7618
53
1468
7802
918
709
3445
4022
4809
8895
2064
406
5756
2281
8115
5280
6763
6330
3063
5787
1631
6622
5025
1106
4442
4630
4929
4738
5067
9539
2602
6197
622
6011
838
4383
8177
9894
3753
6335
8110
5285
8890
6789
6998
3089
3440
3632
7532
8039
4686
4416
6594
9073
2007
4657
6258
7179
6357
1654
5004
7498
165
2043
3044
9940
6744
33
6386
4282
2653
5236
5478
8094
4608
2448
2732
5020
6074
4635
7032
2021
6539
3370
7619
7920
9775
3435
3519
4994
7508
1762
7016
2716
3724
10344
6340
8671
9327
4277
9365
8104
5212
4598
10243
3051
3616
6751
7516
7008
3099
3457
6799
8900
10035
9228
6420
4640
4378
1641
4432
4748
3486
4939
4215
1623
6604
1997
848
448
2624
8182
9360
2592
3218
5313
1128
6345
1096
355
9088
2661
8614
7967
7925
6207
3642
3430
7542
3375
7381
8484
8029
6734
10306
8726
3034
5772
5246
3879
522
602
4210
2033
7792
2438
7042
6425
4645
6529
5613
2742
6467
8905
3317
5483
3761
8352
1311
6
4588
4302
5148
6406
9959
5555
7199
4984
7151
1876
10283
273
8846
9951
667
3863
1987
1030
4124
4706
1956
3116
2162
5537
2822
5459
3496
320
5305
1226
9493
4161
264
4403
6973
3142
5550
7391
8494
1374
9560
8192
1057
3844
8253
2582
1469
1086
8812
6172
9098
7134
9126
2301
5300
494
7473
2249
10310
5807
8439
5493
8932
4828
1035
5866
9415
10307
3889
919
728
6853
560
7782
5438
5276
2613
5742
1484
1614
452
6317
2483
7072
4675
6034
2772
2088
367
5203
5361
2360
1379
5661
8395
1905
484
3207
3713
6375
8150
4456
9033
5592
6218
4617
4487
3345
7572
1726
9606
561
3672
2365
9543
4778
4969
7
4670
10032
5624
9810
4348
1671
2327
8137
6051
226
878
6099
518
8762
9772
749
958
801
3340
8623
8997
5324
8641
6370
2228
4247
8155
4849
1900
8390
5716
4901
7443
2866
1812
2126
2098
10098
3954
1262
10260
605
1389
8469
3558
7750
7107
1494
7658
4113
2807
9412
2493
7421
8336
4803
5582
10158
9607
1344
4497
6943
3172
1439
8385
3874
1932
6921
6142
3707
9301
2550
7607
903
9249
6116
8876
3931
2537
5822
2459
10204
7309
7755
6568
9651
20
6964
1201
1363
1149
3406
9659
8068
2555
577
9162
8380
7737
3811
8956
4533
7464
5178
9583
1846
8987
5926
8972
859
1880
4881
3396
4564
7433
78
2209
8346
476
6813
9411
781
4968
1075
4759
5510
1334
9554
9680
6933
9489
6079
7174
1191
8852
6132
1567
1429
1017
1525
1942
8213
4507
10157
1070
9608
1916
2962
6219
10279
9955
3941
4793
2547
3187
9291
3697
3923
893
7597
1885
625
5577
411
3156
9652
1351
5183
1520
7747
1399
4521
8312
10097
2108
1836
10321
2503
7111
436
2797
4543
5515
7097
1504
9963
2073
9007
4250
7265
5448
7227
5732
3074
791
6774
3357
4891
1890
8400
6666
10070
6044
9640
3386
6569
5653
2478
5159
1181
5353
7827
9021
7865
3258
10120
8069
3335
3470
9730
7328
8654
4066
6089
9043
3687
9281
3197
4472
7587
4338
2
10031
883
9064
6711
8405
3656
3011
1895
3417
7556
10156
359
8468
8147
7260
4255
4783
14
5602
2756
7056
3475
9771
7087
6063
3330
2787
5193
10239
7860
5252
4237
8631
10096
3452
4559
9083
5318
1123
2214
3213
864
9601
4437
4676
10180
1992
4764
5275
474
1141
2038
1725
6084
3346
1329
1767
9869
4455
6261
1434
9322
6376
4272
5488
7169
5618
5217
2433
5710
8396
1906
2271
10092
6224
5270
7503
5777
7797
307
7047
4593
2747
9418
293
540
6462
2366
3312
5715
4743
3991
821
2597
9223
4373
8187
7003
10152
8156
1404
4450
7962
1451
9657
434
1499
7547
1720
4721
843
463
1628
6202
3647
9241
1982
342
6110
8335
6978
3069
662
9620
6769
8870
10038
4408
308
6039
9093
5532
6574
2827
2167
8258
2125
2865
4823
3400
741
5498
9778
8357
5164
7478
8386
10140
8649
8701
6858
10399
6094
8950
4307
1840
8074
10378
723
4841
9059
4583
5802
2860
5121
2120
8937
7756
6511
7787
8330
8875
5143
6115
1845
9656
3868
10219
8955
3147
2587
3981
8197
1052
2556
6177
415
8011
3405
8817
109
1076
1609
6182
4911
243
1910
651
8345
2572
1479
6983
5967
3395
1384
3150
6029
5542
8207
5925
593
9429
7772
1526
5792
486
16
9416
731
178
4831
1830
7613
4158
3513
7483
4974
8947
5920
3155
5619
1886
3390
8562
1857
9777
5508
8340
5133
4578
9523
1915
4297
6104
224
8691
4398
5516
10037
3137
754
7168
1835
4854
5319
9103
1977
10327
6993
3385
1394
8474
7371
6627
4447
9602
5062
6665
3650
2607
4001
7550
3758
299
3949
6253
1131
6192
9078
7266
8172
1489
9658
7807
2658
1339
5473
7050
4065
2750
4027
2048
0
2421
3336
7493
2443
7866
9254
10305
4603
9417
9790
1444
5782
3869
2464
7314
8411
6352
4256
913
10091
1463
8681
4287
6768
7555
3068
6959
10159
3655
8406
6660
1896
1154
2737
3380
7037
9776
192
10151
4733
833
10036
7537
4388
9231
3637
3476
2002
7055
4652
4060
2755
9704
10009
7459
8915
4989
10223
4798
1691
4690
7624
3524
1562
8099
2516
3500
8857
6137
8051
1947
3928
898
3719
596
8886
1012
182
2103
10397
4944
8977
3104
6804
5188
4548
2920
6155
2619
8835
8370
7716
6390
6599
2508
6551
213
7742
10316
7438
3505
5296
8317
4963
8034
8479
2792
7092
4695
8609
8910
6818
3561
2967
329
4502
1046
7661
6395
8830
6729
6150
3029
6938
2542
8375
2925
3884
8218
7592
3182
10
3692
6534
8526
5572
7822
8116
4333
888
5755
10004
8896
4788
961
7204
4979
3446
4680
8463
1681
1411
4410
6068
9002
4119
5737
6380
5230
7222
2231
9834
5464
3352
5198
1105
5026
9873
8489
5443
4415
1369
7082
4685
2782
2078
266
5257
5658
2473
5750
7129
5286
3839
4232
10302
6336
5421
1474
4477
10353
8444
7341
4636
3253
7582
1100
9605
3682
3192
496
351
3412
17
2254
188
628
5358
9958
5235
9048
6385
5607
10312
7323
3894
924
8142
4343
4773
9957
9366
1090
10155
3202
8219
2715
5597
7015
4612
10013
3904
3677
4321
3436
9271
4482
7577
873
99
5747
8720
6819
2241
5240
10095
8628
8451
7354
8499
4216
953
6312
3485
3224
7077
2777
10163
7515
1114
2223
3615
3376
6579
2488
7926
8992
9714
2618
5433
2710
7010
3829
1095
3084
5208
4242
6784
10301
6346
2083
9214
7139
3261
510
3610
3909
8906
3718
12
7510
7331
8434
8079
6426
4646
2322
3480
8767
8132
4364
143
9038
6213
1171
5245
7194
4
8725
1875
6563
5587
714
3177
5556
6405
4492
1368
1937
88
9956
7602
4814
404
2059
283
1080
9120
6147
3702
337
1225
5306
3495
1817
8063
4934
1267
3115
4705
7102
1955
5860
2802
338
9519
312
4538
5173
9474
8845
9125
559
6794
445
771
3094
1085
2093
7732
7448
9167
9433
6400
6589
2498
4118
7653
8982
3553
1870
4871
8044
6948
3039
2532
6739
8840
5827
7184
4808
1649
4999
1950
4700
1701
5865
4951
1036
908
3110
6069
9920
6544
8089
1220
3490
9346
10001
4201
4363
9896
4149
7193
6214
7252
7972
3322
5087
8433
5056
931
5992
5260
7852
2261
3083
5767
6783
811
2084
5725
9213
6038
1710
5906
4711
1618
285
1488
5434
9831
6472
424
2376
8291
360
3223
8597
1777
1113
6271
5328
378
2224
9712
6366
571
4262
10257
4389
3241
7353
7159
10179
954
4569
26
707
9870
3903
443
4666
1715
874
6891
5628
2202
5227
4344
5720
4774
8747
9312
5499
5265
5451
5097
6543
9400
3878
567
5982
5111
2110
2950
2701
9897
6125
8007
2649
1348
7183
6167
1532
6521
2039
2870
10220
9069
7654
1498
1247
3554
8043
8827
5840
8021
6793
3093
3749
9472
8865
48
3958
2094
6507
3801
392
10256
4379
9147
5174
7468
6120
2955
9619
1802
2115
8281
8587
8064
2817
9405
4933
8556
10139
672
6759
8860
6968
3059
5845
4813
7631
3531
2937
6564
713
166
2177
6881
2875
5479
1255
2182
5910
5609
6533
7178
656
1925
234
1542
2029
687
1338
3883
1967
4964
1237
8033
1792
8572
5526
9395
5309
9471
4568
9150
5830
9137
5857
1508
7762
1619
5886
4921
1920
2104
6497
9923
3791
4943
5915
3103
1250
6803
7641
5835
1066
9155
3541
2947
2562
9430
9390
5107
1516
5977
10367
2691
4181
7623
9898
7997
3523
6849
8750
8658
6901
8421
10002
9336
7324
697
3893
923
31
3254
8443
5489
3466
941
2192
10160
4070
215
2253
7469
5
9705
2474
9385
271
6048
8301
8607
1473
8249
6969
3078
6778
6670
1782
10010
5444
9832
10258
4351
4399
5463
6487
9711
3781
4075
6456
2352
6617
643
3231
7876
5896
10304
3859
8755
7203
4017
2411
51
7956
8464
7361
4191
2681
5072
6675
7987
9789
6002
9068
4334
8162
7276
9380
8737
3571
2977
4853
10337
8327
7671
5691
8365
9104
10143
8619
2835
8920
5947
6828
7300
8508
753
2137
5562
9623
5134
2915
319
6103
22
2857
4973
1282
8516
5391
7900
2390
8228
2155
2886
7614
8967
7305
3514
8925
8542
9029
7484
2830
3918
3709
9182
1022
8360
6706
2526
8088
6984
5199
3838
2150
1383
5151
7148
2395
7905
10206
7726
2479
1572
6588
4106
2910
2609
8792
9604
834
4467
3002
1755
6645
4425
5042
4529
9352
5411
5681
4734
7246
1292
6231
3422
4045
2380
1737
245
1359
1153
5381
2896
2068
10183
2463
7846
7313
914
1464
162
9192
6078
851
9253
899
2444
7812
4604
1443
8098
8126
1421
2336
6432
5474
9835
4420
6640
3048
6939
6748
4751
1750
4799
5008
7494
1658
6254
2489
9558
10207
6598
7212
8782
4109
10005
971
6994
646
8473
1393
1607
5016
7439
204
2385
9702
7932
4040
2628
4086
6635
2720
5032
4539
7020
9557
10208
4057
2499
844
6608
7916
2451
8777
4744
7885
9224
7236
4374
9793
1161
7004
5179
1597
1403
3366
2312
6416
4594
8108
6657
6241
4035
9202
9715
3620
6686
889
3919
7520
1747
3728
6223
7504
4998
4789
8715
167
10381
7836
7285
3271
10340
1433
2906
8209
10094
1302
2434
7880
4311
554
6083
2767
7067
6630
2725
2346
7025
6442
4622
6738
413
6929
3038
8488
7280
9376
6322
4763
4226
6809
8710
10154
8618
2992
9701
9084
7429
7525
4030
1124
7942
3625
2213
9261
3667
3214
863
382
7567
2405
7895
1556
9115
5189
5875
608
388
1587
2147
4128
570
4096
8802
6059
2845
9556
5937
27
4779
4988
761
5817
9177
5144
7295
4584
1210
3120
5955
4861
6696
9919
879
1860
2840
8532
9039
6093
724
8073
10314
1277
5870
4824
9110
5163
5349
7890
9475
2400
5401
465
9094
5950
7138
1865
5701
6573
3125
5649
1215
3167
327
1827
3848
1378
7290
8498
2069
295
9520
2982
2274
3640
6221
5378
3432
7540
1727
3748
3939
4486
4616
1765
3273
4457
9603
3206
5215
6243
9289
8180
9362
2590
2058
3994
824
1163
1349
2648
7040
9875
2740
4435
1401
4519
1454
7698
9968
6316
4212
3598
7790
4724
5770
10354
2453
7109
5678
10184
9244
5277
2595
5717
5210
8185
2211
9263
6342
861
393
4246
4879
1668
8996
1760
779
988
4761
3372
7545
407
9587
3645
7922
1144
4313
334
6081
5775
7795
6264
8136
2326
9546
1431
7045
4642
6422
4430
2745
1189
576
8902
10144
6709
8810
7606
3009
6918
6170
5124
3706
8355
8190
9279
4863
2580
3140
5552
6514
4496
763
4305
442
8238
408
7688
7780
8337
3588
57
2806
9624
7106
7418
8629
3984
2825
8930
6838
2165
5302
4148
2127
8014
2867
8986
998
3828
1847
789
4300
8957
3145
9586
37
9522
7736
5703
6571
2585
8195
6175
8350
3407
8815
4889
744
3308
9547
5161
8935
1179
315
2160
9019
2820
10225
5403
8704
1032
6091
7785
8071
2536
10389
8877
4844
6117
1970
4971
5393
1016
8882
1669
2512
9548
1566
3298
8248
6049
3130
6101
8694
640
4290
7712
9435
584
751
799
1008
8347
52
4138
1850
3573
5965
4851
7673
3397
4899
8639
5693
6848
8940
8205
5927
7096
7128
2796
4914
32
3135
9966
1837
185
5292
4518
5359
5153
1381
7746
9521
1975
8200
8945
5576
3157
8522
5659
7596
734
3696
1855
5960
3186
2546
4834
1917
4295
4506
1042
2461
7805
8414
7311
4067
3442
4025
3630
8684
3929
7530
3738
9018
6233
1199
521
8892
5383
1151
9794
3288
399
7826
8112
2638
6625
5022
4445
2730
3387
5413
7030
6667
2605
5683
3356
4280
7226
9234
9588
3809
9006
10299
973
5282
1391
10385
7374
8471
6332
4236
10093
4004
2786
9700
7419
7086
7535
4020
10165
1134
3635
7057
7708
9967
2757
3608
7800
1423
10153
8146
4753
10370
2424
49
4285
7557
3416
853
9299
3657
2600
9251
10015
6620
4440
2735
7586
1441
4632
7035
3196
6728
6919
3028
3686
5546
10221
8975
8837
7379
8031
6157
2576
2659
1072
2960
469
6186
8917
3564
7664
3881
8310
5796
3968
6135
3759
8855
1945
9666
1522
6531
7776
2965
1694
7458
6397
9432
2693
8377
7621
4183
2927
3521
8566
7643
10248
3543
8054
6878
8970
1882
8669
1639
1940
4941
3793
6958
3049
3
3507
8850
6749
6130
144
3101
8315
6801
429
161
8278
5512
4697
6298
4923
6554
8176
7262
7389
5600
4159
5735
4353
9498
6196
6028
195
5066
8303
4470
10012
9830
227
5424
1107
1471
10000
5786
8441
7344
943
9667
2299
5757
2251
7862
5250
10162
6903
3332
8423
3891
921
4475
1309
9871
2018
1892
8402
5638
964
5237
7201
5730
7149
2413
6387
7363
1684
366
4193
1414
5605
2683
641
4252
6356
4656
2006
3233
21
9599
4417
4687
6288
10288
3472
5338
2234
5461
5255
3783
618
451
4713
5745
10287
1996
8668
36
8760
6859
10149
3487
2263
7075
4672
3081
2775
6781
10011
813
3456
7517
9211
3617
3264
8259
10089
1902
8392
4276
6372
9326
10246
598
8431
7334
933
5595
2717
4203
7017
4361
3675
1174
10161
7191
7575
3342
573
2289
9668
3316
2362
6466
9872
7070
2770
5453
2678
8765
3849
10303
3901
4324
9274
5648
5247
5740
6893
8727
219
56
3778
7570
3969
3670
150
2244
9710
9497
6206
5348
8454
7351
3243
7966
649
7399
5590
8293
3221
1097
8152
9058
6273
1111
1227
3497
6791
8023
774
3091
1815
10222
5536
1265
383
3803
3117
304
1957
4707
6308
9470
10286
1986
666
8847
4874
8041
5820
1877
10319
2703
5585
438
7181
3175
6407
6523
412
1704
4954
9160
1935
9525
437
8382
2019
6541
4558
10247
6145
1328
5113
5825
711
7752
9431
6883
5867
2279
1260
345
4811
5806
9924
7633
1810
477
3533
4178
9127
6140
2552
8283
1087
1629
9165
4931
1056
1930
6009
3170
9496
5580
8294
10003
4908
5765
171
4129
5727
8740
6839
5220
8648
6274
7232
2221
2243
7912
3244
8453
808
999
4082
700
5036
951
7832
8239
324
4323
9273
6058
871
385
6894
9206
1678
4341
4771
6682
5085
1770
6412
2316
8590
3362
3289
9568
5454
9833
705
6446
4626
2342
4204
6211
1173
1717
9874
9987
5225
1306
8745
260
278
2902
5760
7333
10185
934
5668
5267
5368
2264
4509
8595
2081
814
5080
1775
7946
3263
343
490
4714
2996
7119
4222
9946
5431
6326
9372
4092
2170
5171
1245
10224
3818
462
145
8806
557
8284
2930
8825
2629
8061
8867
6505
1552
9009
5095
6692
2810
1208
8580
7634
292
3279
3534
6561
9140
8005
6127
3938
3729
6165
6884
9986
9308
6500
8820
9625
6719
5847
3019
6928
5114
2935
2704
2175
1240
10329
2877
6524
9922
8536
4953
1703
10145
6160
2986
7428
7651
3599
8000
9145
7699
2957
3551
9947
4873
2117
773
8585
8024
5090
199
2091
9407
2815
3804
7990
1235
3589
9948
7689
5566
5669
7118
10352
5970
4924
6553
10313
9397
2101
5100
2049
3794
2940
4528
2639
1358
7644
2882
1257
3544
8053
1286
193
9298
6490
8512
3739
9473
3948
1927
1693
5369
685
2694
207
4184
9130
5850
1965
9434
2522
9157
5837
2945
9566
9186
1198
5105
6702
1026
5975
549
3563
7663
9921
8546
1230
7995
5855
788
4961
9135
4102
979
1960
8796
680
1659
1576
7722
585
6495
5917
4888
9387
8730
6829
7242
3784
8638
9356
8605
4139
3579
3234
7980
5046
7679
9699
10014
7409
4010
2233
3006
963
2414
1683
7364
8461
108
1413
4194
7842
2684
695
8229
6610
2892
371
6718
10356
6909
3018
10164
4331
3426
1296
9988
6480
9288
4015
6904
9713
6436
8424
7321
6677
2332
7985
8600
3251
7343
7816
3299
9567
8122
944
531
9028
9196
8735
1188
2471
6485
7936
4077
4898
8304
5423
5012
6615
3819
590
989
798
9795
10300
242
8786
5441
690
4354
516
7216
8757
208
4833
7611
3511
2917
10141
1546
7481
2855
2186
8268
2157
733
10266
6981
2975
8325
5154
9621
8367
5522
591
8576
2837
501
5945
4913
8960
2135
6868
1796
419
8659
3574
7674
9817
5694
7907
9101
2397
2850
9049
5882
5339
3769
3978
7408
9738
7766
10128
7307
8965
5131
2130
3858
8927
10348
5940
8693
5639
5394
9648
1512
10078
2298
98
2566
8320
1062
2669
2970
2196
4047
2028
582
854
1735
2441
1319
4601
1600
4549
3462
10267
9792
1424
9332
5471
4754
2423
7491
6251
4465
6299
1133
1757
9600
1786
6647
4427
974
10181
6991
7373
4003
831
89
546
5892
9233
238
6018
9688
212
7872
2356
6452
5414
9829
237
1605
2387
1730
5684
9816
4731
1638
7272
8166
6234
2288
5384
9999
4169
183
6006
5076
8413
911
8683
1461
7952
4460
3959
3768
7560
5996
6655
5052
3660
4037
7976
3326
9646
2431
1745
10076
4314
229
8717
7256
9791
9342
7287
6263
7388
9687
9736
2372
6476
6637
10126
5902
2760
7060
4055
9709
2668
1143
8775
9081
7887
1121
9264
10182
7856
3211
1595
8269
1453
10403
10150
313
4266
4723
6362
841
9243
6289
2454
4741
3993
823
7527
1740
9221
1648
4371
3627
1164
7001
3665
6650
3058
6949
7565
6758
1590
4591
9316
10268
10090
6244
8678
282
2206
6869
8770
7449
2273
9703
2765
7501
4050
7065
4662
2727
7027
3274
8703
1536
10142
4843
721
5815
7297
9175
743
4821
1820
3160
5986
288
10077
2308
5957
5404
9647
251
7897
2407
9091
5704
9818
9117
5877
10359
11
9622
1585
9737
480
2145
9686
7398
1270
10127
9925
2847
6019
4168
5935
458
3983
1867
8552
3127
1217
3165
8013
1825
9170
1806
5810
9524
5329
9469
6279
7158
5930
6513
5629
764
2140
1275
395
5141
4581
1580
5123
1318
4864
427
2009
676
