2016
3413
4116
3413
2959
2612
2031
2612
3636
2612
1535
1458
4900
1458
2216
2993
3176
3947
4761
4010
2808
3418
4287
4827
4098
4827
4864
4827
944
912
2604
2066
4757
3642
3340
3057
2450
2443
3261
4494
3374
4267
220
221
4297
1586
4296
1586
2768
1586
4821
1586
3180
1586
4495
3446
2553
3446
231
380
391
380
699
687
4380
4414
3499
1529
4441
3089
2126
2125
154
126
115
3426
1704
1703
1704
1703
1419
2882
3092
3074
2340
3240
2942
3240
3639
1617
3625
1617
1222
1549
4639
4558
2275
4558
460
505
459
505
60
3
31
3
22
3
91
3
38
3
20
3
95
3
39
3
37
3
23
3
40
3
58
3
93
3
59
3
16
3
121
3
94
3
97
3
35
3
30
3
90
3
32
3
96
3
21
3
92
3
34
3
122
3
15
3
123
3
33
3
89
3
87
3
2725
3888
4735
3888
4665
2145
1533
2145
909
910
2951
2278
624
625
3316
3292
1616
1336
2259
1336
2870
2855
2426
2855
3133
3365
4755
4230
2466
4230
1548
4230
2608
2210
4802
3927
4094
3927
3751
1649
1174
3009
187
1660
1305
1376
1517
2930
2425
4524
2425
2499
3389
2499
3389
3114
3357
4491
2143
1630
2143
2280
2314
3638
2314
2623
2314
3012
2867
2317
2867
3010
2867
4893
4297
2654
4464
1747
3146
4752
4259
3104
4259
4808
4259
3853
2039
2936
4553
3461
4553
2925
4553
3143
3118
3327
3660
2800
2798
2422
2366
2861
2366
2093
2366
1546
2366
915
1055
1084
1055
4788
3856
614
615
4420
1211
4857
3113
125
4949
3542
3919
1528
4551
912
1054
1082
1054
4241
4020
3662
4020
1908
1558
1633
1558
2298
1558
2532
3956
3743
2512
2519
2512
2296
3065
1617
4350
2314
4350
2879
4350
1941
4350
1742
4350
4588
4350
3606
4350
4674
4350
4598
4350
4654
4350
4342
4350
4583
4350
3622
4350
2408
4350
4675
4350
1588
4350
4587
4350
3609
4350
2318
4350
2365
4350
2072
4350
3626
4350
4671
4350
4673
4350
4586
4350
1820
4350
1498
4350
1441
4350
2165
4350
2878
4350
1792
4350
2283
4350
3376
3374
3265
1629
843
840
638
840
1732
1273
1615
1273
529
508
479
508
4787
2445
4683
4404
4820
4076
1011
1001
866
1001
905
931
968
931
167
60
3719
3126
4815
3542
4821
3542
3740
3542
2240
1486
472
478
585
478
1545
1870
1479
1870
2928
1621
1656
1621
3997
1621
4257
4711
4063
4711
4747
4711
208
209
2828
1666
1313
4150
4897
2520
3416
2520
1083
983
3393
3931
3207
4916
2792
3179
2622
1725
831
816
4718
3502
4057
3502
4848
4815
241
305
346
305
481
482
552
482
4817
4276
3724
4276
4448
4276
1636
3951
2720
1745
3759
3184
2467
3808
3034
3808
1548
4059
1074
1073
1038
1073
722
802
813
802
270
307
951
1018
2321
4097
1890
3823
3633
3823
1891
3823
1389
2103
1390
2103
747
716
763
716
2908
1776
2949
1776
4738
4713
2125
1999
2123
1999
4669
2838
3073
3061
1157
1163
1161
1163
2850
3979
4528
3979
4348
3979
4349
3979
618
619
189
4724
1743
732
726
713
726
381
317
212
317
215
317
1815
4562
2632
4562
1626
4562
2823
3200
692
629
133
36
2293
1296
1589
1296
1855
1844
2895
1844
3129
4723
4001
2222
1757
2222
4879
3361
3157
3361
3734
3361
4902
3361
135
24
3804
2871
3630
2871
3291
2620
184
31
2217
1824
4684
1824
2218
1824
1481
4721
1573
4721
42
753
1525
1980
1904
1980
211
348
299
348
198
199
1434
1521
3132
1207
1565
1207
3127
1207
2741
1207
651
805
4824
4805
4712
2403
3062
2403
2678
2403
2717
2403
3679
2403
3458
3602
3365
4067
345
315
190
315
669
817
768
817
770
817
749
817
771
817
317
360
368
360
1316
1808
1479
1808
3473
1184
3280
1184
3560
3745
4305
3745
1514
1951
4637
1951
133
1233
2674
2673
1823
2636
2201
4056
2201
4062
2201
2658
2201
912
913
152
2331
4479
3430
4123
1757
2295
4652
4238
2846
3776
808
788
626
788
807
788
4849
3163
3255
4667
2616
4667
2610
4667
1067
1029
871
1029
940
1029
3680
3666
620
766
3186
2360
4757
3870
1606
3621
422
420
266
420
2457
2981
4248
2981
1590
2981
2694
2981
2750
3725
4789
3725
2236
2689
996
1011
2797
2764
2885
1931
1441
1931
2528
4936
2530
4936
4120
4936
2529
4936
1172
1179
144
22
2987
4615
2971
4615
4209
4615
394
261
147
2
2604
1502
2824
4121
3318
2657
2700
2657
4752
2657
4808
2657
3083
2665
4693
2665
3088
2665
814
800
745
800
307
344
390
344
4041
3824
3661
3824
2853
1361
1982
1361
4583
2237
1820
2237
672
767
4087
3521
4279
3521
3928
3521
542
490
448
490
585
490
4569
1602
1812
1602
2650
4605
4081
2726
4083
2726
2530
4111
4943
3207
2627
2930
47
668
414
398
3929
4750
252
253
4894
4113
1747
2746
98
670
4718
2950
4057
2950
4341
2950
3055
2950
4397
2950
199
291
298
291
4353
3743
4667
1200
2901
1200
2778
2762
4064
4762
2855
4439
3602
4439
1389
4439
1405
4439
2266
4439
3794
4439
1580
4439
2572
4439
1922
4439
2299
4439
4164
4439
1393
4439
3985
4439
2562
4439
1384
4439
1450
4439
2221
4439
3454
4439
1395
4439
2856
4439
3605
4439
1417
4439
2566
4439
2560
4439
1402
4439
1397
4439
1390
4439
2853
4439
2128
4439
1982
4439
3229
4439
3607
4439
3312
3844
3515
3844
3693
3844
2699
3844
3331
3844
2800
2775
4790
2713
3358
2713
3278
4186
2662
3296
1745
4697
4735
4697
2715
4697
2309
2718
4313
4897
3575
4897
1252
2060
3012
4659
2317
4659
3010
4659
3139
2306
1517
1426
2242
1426
4790
3703
3117
3703
3119
3703
4752
4370
3104
4370
3103
4370
1669
4313
3649
2977
1665
3549
4786
4758
1874
1888
2075
1888
1912
3617
2939
3617
2385
1240
2316
1240
900
982
998
982
2915
1292
2196
1292
4570
1365
4554
1365
3374
3336
3901
3336
1195
2032
3502
2661
3329
2661
3533
2353
3708
2353
2735
2353
2320
1927
2084
1927
449
555
535
555
3036
3458
3328
3458
2649
3458
2446
3458
3299
3458
3297
3458
4014
3994
597
549
2198
2197
1756
2052
3697
2052
4753
2052
1755
2052
3913
2052
1646
2569
3824
2333
4619
2333
2219
2333
4657
2333
1758
2333
1990
2333
2575
2333
4639
2333
2090
2333
1804
2333
4658
2333
4611
2333
4691
2333
4698
2333
4638
2333
2866
2333
1459
2333
1587
2333
4468
2333
4690
2333
4173
2333
2091
2333
2275
2333
2212
2333
4584
2333
787
780
659
780
1407
1413
4028
4627
3852
4627
2641
4627
632
741
763
741
4527
1947
3818
1947
2920
1418
1542
4676
869
980
986
980
93
270
1618
1446
4173
1446
2543
4311
1643
1642
1545
3586
1811
3586
2490
2485
1607
3529
1824
4510
4323
4510
2270
4510
1401
4510
2770
1089
2990
2954
496
558
497
558
1529
1919
1508
1919
2647
1919
1495
2469
3570
3558
597
550
3339
4051
1333
4520
4029
4520
2603
2585
4785
3629
4010
1374
4378
1374
4042
1374
1915
1374
2119
1374
3314
1374
79
82
4218
3273
2606
4321
3375
1542
4746
1542
3705
1542
4776
1542
4270
1542
4949
1126
2680
3486
4225
3486
4401
4400
4731
4456
4233
4456
3315
4456
1683
4053
1380
1389
4795
3517
3101
3517
2723
3517
3317
3305
3035
3649
3334
3649
3001
2972
922
1008
924
1008
3269
4323
3840
4323
4387
4323
1143
1146
1144
1146
3426
4944
4588
1357
2408
1357
1374
2241
201
371
387
371
385
371
2826
2335
2401
1856
1574
1856
3070
4242
2827
1118
4194
1660
1741
1660
2656
1660
1290
1660
4942
3964
2740
4447
3138
4447
2179
4447
1326
3211
3448
3211
2543
1113
548
449
2683
2078
4543
2251
2939
2251
2465
1136
3498
1136
4617
4322
3298
4322
3991
4322
1394
1532
3422
4118
4804
3092
3110
3092
1579
3092
2452
2884
2959
2884
3636
2884
704
851
644
851
4802
3695
4077
3695
3710
3695
3522
3695
4093
3695
4070
3695
2464
3639
3513
3639
3504
3639
3345
4052
3305
1901
3300
1901
4018
1901
3349
1901
2854
3790
2562
1373
2560
1373
3274
2609
2336
3274
2381
3274
4904
2345
1462
2345
4265
4243
4066
4243
2488
4243
478
507
473
507
4864
4287
4864
4287
1990
2414
3624
2414
3281
3257
128
84
140
91
4631
3289
1683
2325
4737
2325
1399
1405
138
70
2080
4241
4250
4241
420
417
1901
2879
1801
2231
4547
2231
3156
2493
1277
1552
596
572
547
572
1410
2266
1608
1937
2927
1937
3174
3171
4877
3171
1524
4873
1060
1049
895
1049
1059
1049
3267
2042
2958
2042
3471
2042
4930
3326
4868
4834
227
228
1222
1230
2222
2378
4321
2378
4580
2378
4548
2378
1924
2378
1400
2378
1355
2378
4522
2378
1825
2378
4455
2378
1456
2378
4664
2378
4624
2378
1416
2378
2396
2378
1759
2378
2273
2378
2200
2378
2248
2378
4329
2378
1386
2378
1429
2378
1489
2378
1559
2378
1319
2378
3455
2378
2040
2378
4374
2378
2440
4580
2972
1652
4195
1652
3258
1652
4463
3012
4043
3265
3852
3265
4233
3265
3877
3265
2297
1436
1510
1436
4880
3392
3402
3392
1195
2593
3685
3318
1466
1250
2591
1250
2379
3539
3738
3539
1678
4312
1605
1632
3682
3313
3350
2696
2801
4108
2244
2900
651
665
810
665
684
665
4950
1105
2035
2509
2042
4484
2554
4484
1189
4484
2239
4484
2506
2343
4793
3922
3160
3922
3801
3794
1097
3794
3652
2114
3646
2114
397
395
347
395
4269
3346
3097
4763
4255
3499
4751
3499
3332
3499
3511
3499
4749
3499
3311
1815
953
888
3848
4619
146
669
4721
2940
2287
3182
1266
1678
4619
3261
1990
3261
1921
3261
4691
3261
1459
3261
2382
3261
1663
3261
4690
3261
1920
3261
2275
3261
2375
3261
3757
3753
921
922
4894
4308
2189
2188
3969
2804
600
598
2356
2736
4355
2736
2523
2736
3961
4112
1138
3155
2018
3155
722
804
812
804
2721
3910
1552
2227
1799
2227
4873
3706
4443
3706
4337
3706
707
604
2308
3834
4027
3834
900
1000
903
1000
992
1000
1305
2303
1289
2303
1318
2303
1313
2303
1326
2303
1187
2303
4528
2303
1165
2303
1192
2303
1899
2303
4348
2303
4679
2303
1177
2303
1262
2303
1343
2303
1170
2303
1145
2303
1295
2303
1197
2303
4585
2303
4703
2303
3449
2303
1142
2303
1151
2303
1206
2303
2594
2303
1203
2303
1245
2303
1243
2303
2849
2303
1141
2303
1276
2303
4349
2303
1221
2303
1158
2303
1249
2303
4706
2303
1334
2303
4899
4893
2802
4893
3301
1897
2213
1897
4034
4646
2266
2247
2221
2247
1517
2002
3743
4860
3743
4860
1681
4860
2478
4761
3788
4475
1282
4475
4698
4475
4468
4475
100
3580
1078
920
4006
1396
2372
1396
3873
1396
4883
3733
4402
3733
3042
3020
819
657
655
657
4624
1768
1386
1768
2645
4655
1606
2219
4300
4859
4827
4087
4331
2673
2087
2673
4928
4435
4928
4435
2241
4154
845
843
701
843
899
900
3306
3480
3037
3480
3869
3480
282
249
3956
1096
3695
4318
1577
4122
4708
1941
3271
1941
4390
4048
901
902
2782
3167
3404
3167
4861
3735
4861
3735
2057
3599
3837
4609
2612
1714
4310
4881
3194
4881
2433
2156
1916
2156
2954
4426
4427
4426
904
1002
1065
1002
3091
2705
1113
2783
2793
2783
2509
3897
2513
3897
4826
3897
3111
3897
1736
3897
2305
3897
4511
3975
529
524
818
628
3164
4846
2767
4846
1077
1034
88
281
4707
4687
825
712
658
712
332
240
1444
1580
4587
4561
4671
4561
3425
4898
1119
4898
4252
4055
2027
4055
4277
2481
2491
2481
2363
2481
54
3768
4113
3396
1518
3396
2120
4196
1236
1733
2807
4910
4912
4910
1676
4910
1179
4563
1714
4563
2887
4563
2891
4563
2913
4563
2909
4563
1898
4563
2594
4563
4180
4563
1141
4563
2902
4563
2981
1499
3739
4819
4286
4819
3727
4819
4605
3815
3843
3815
2410
2095
1620
2095
2271
2692
302
316
345
316
3113
1753
1708
1753
1455
1753
1732
1261
1504
1261
3342
3678
4879
1182
1688
1182
4275
1182
4902
1182
1150
1155
1154
1155
4390
4722
275
213
2292
1706
4164
1834
1393
1834
708
630
935
1035
3649
1910
3854
1910
1134
4166
1667
3096
116
2816
181
45
553
481
398
306
308
306
2611
1599
4792
1735
3701
1735
4357
1735
1173
4809
3733
3941
128
4898
4895
3415
4895
2262
2260
2897
1167
1166
1167
55
620
277
203
3935
3714
3536
3714
1557
3714
2727
4712
3838
4548
2081
4548
3474
4548
4365
2848
163
107
3629
2911
2453
2911
617
618
0
2828
4915
4909
1674
4909
1675
4909
2524
2759
2043
2581
2031
2581
593
483
493
483
820
823
643
823
1300
1480
1645
2787
2018
2787
766
722
617
722
2851
2395
2355
2395
4880
2021
3402
2021
2864
1257
1853
1257
1429
2170
2407
2170
3563
3405
1751
2454
1754
2454
2208
1289
340
437
443
437
989
923
4013
2029
3826
2029
2677
2985
3403
3552
3403
3552
3635
2133
1824
1958
1413
1958
1113
4933
1114
4933
2822
4933
2541
4933
594
592
601
592
389
372
207
372
330
372
4207
2435
175
4101
3136
4113
3532
4308
3532
190
302
4111
1092
1914
2153
2242
2153
4750
3901
3360
3901
4883
1695
4870
1695
4198
1639
542
557
448
557
3721
2477
3534
2477
3932
2477
4412
2477
2758
2477
1800
2106
2929
2106
1263
1790
4391
4390
4392
4390
3099
4390
996
1012
995
1012
187
38
675
856
858
856
1605
2863
2029
2572
3809
2572
1420
4708
3399
3373
3054
2049
4332
2049
4258
2049
2633
2049
3068
2049
1733
1274
1790
1274
1438
4552
4704
1539
205
369
386
369
384
369
1890
2135
2944
2135
1891
2135
4672
1318
2568
1318
2439
3250
4469
4177
2886
3984
4672
1313
2672
3632
4635
2433
315
312
278
312
3699
4718
3352
4718
4272
2472
4268
2472
4437
3105
3381
3105
2740
3105
3130
3105
2752
3105
4910
2791
3193
2791
1012
1010
861
1010
2710
2017
4928
2017
2537
2017
3032
1346
2660
1346
4359
1346
1712
2577
4012
1922
2438
1922
165
109
2210
1794
2048
1794
2561
2554
3908
3073
4068
3073
3936
3073
3741
3937
1161
1171
1696
1171
606
734
801
734
748
734
2983
4634
2600
1326
998
903
2341
2406
1558
1986
1904
1986
3347
4255
2125
3230
2882
3230
4553
3230
1418
3230
1937
3230
2916
3230
2898
3230
4532
3230
4635
3230
1523
3230
2889
3230
1727
3230
1866
3230
1541
3230
3610
3230
2123
3230
1855
3230
2061
3230
2888
3230
4640
3230
1875
3230
4668
3230
1916
3230
1224
3230
1613
3230
2067
3230
1616
3230
4418
3230
2895
3230
2084
3230
1630
3230
4564
3230
4186
2907
4185
2907
4633
2907
3226
3436
1735
1265
1734
1265
4263
1265
4334
1265
3356
1265
2708
1265
1389
1392
4164
1392
2690
2453
3655
2969
3742
4780
4618
3652
4618
3841
4220
1466
2999
1466
1728
1466
3877
4731
2195
1293
4663
1293
4672
2916
4280
2033
3825
4179
4220
2058
2999
2058
1728
2058
4780
2720
2730
2720
4789
2720
4377
2352
4375
2352
3600
2352
150
3966
2811
2817
2811
1625
3085
4799
3085
3137
3085
3286
2948
949
904
1924
2129
1489
2129
750
818
671
818
4590
4538
4611
4538
2268
2417
2423
2417
2214
1525
2213
1525
4681
1525
4565
3254
326
325
391
325
461
462
2451
1198
3641
1198
2687
1198
1698
1198
3711
3702
4817
4788
3724
4788
4448
4788
4011
2928
2277
2149
2976
2149
3842
1545
4604
1545
192
327
328
327
1919
2006
4578
2006
705
736
650
736
1644
1643
4884
1643
3926
2386
3926
2386
1068
1041
985
1041
2448
3277
1103
4295
1214
2887
1719
4733
1718
4733
1496
4733
79
20
1506
3036
1252
2859
3552
3369
3403
3369
4838
3369
2054
2053
4657
1412
4658
1412
170
0
701
639
2210
2332
3808
2332
2060
2332
2585
2332
2149
2332
1894
2332
1817
2332
1515
2332
2124
2332
2268
2332
1803
2332
2881
2332
1597
2332
1551
2332
2582
2332
3456
2332
1414
2332
2265
2332
2211
2332
1512
2332
4565
2332
3811
2332
4630
2332
1253
2332
2048
2332
2226
2332
1475
2332
1555
2332
2291
2332
3844
1543
3548
4836
3668
3005
3867
3005
3492
3005
4932
1645
4124
1645
4675
1309
2283
1309
3147
3385
2338
2429
4014
3797
4616
3272
4566
2117
1727
2358
2405
2358
3452
2358
1224
2358
1604
2358
3697
3868
3566
2035
3187
2035
216
368
383
368
334
230
273
230
956
881
3133
3069
2821
1112
3336
4378
2514
3915
4780
1566
1635
1566
2730
1566
1634
1566
4789
1566
1738
1566
1648
4265
274
219
1722
1721
2584
1810
4594
1810
530
472
2124
1934
2881
1934
2561
4486
979
924
1089
4825
4835
4825
4438
4825
3870
2086
4037
2086
3861
2086
4244
2086
4461
2086
3154
1625
2673
2449
3662
2973
2524
3162
2766
3162
4421
1658
1119
1120
4404
3281
3287
3281
2982
3281
2696
4030
2461
4030
2688
4030
2944
4571
1892
4571
1011
1026
941
1026
867
1026
3396
4382
3944
4382
1544
4382
2346
4382
1513
4382
2748
4807
3713
4807
4278
4807
4072
4065
3102
4065
467
468
294
201
3063
1822
2661
1894
3484
1894
4886
3175
1157
2891
528
525
3475
2244
4276
1729
83
4675
1503
2365
1503
4713
4644
2593
4644
2911
4644
2581
4644
1466
4644
4625
4644
2596
4644
1553
4644
2592
4644
2892
4644
1906
4644
2598
4644
2896
4644
2583
4644
1468
4644
2591
4644
1490
4644
2195
4644
2587
4644
1185
4644
2047
4644
2897
4644
4663
4644
4490
4644
1147
4644
1583
4644
2205
4644
2590
4644
2906
4644
1166
4644
4566
4644
2588
4644
4171
4644
2597
4644
4575
4644
1542
3837
4770
3837
4240
3837
4022
3837
4759
1749
1790
2224
2068
2224
969
1068
1211
2807
2676
4210
3468
4573
3568
3560
2589
2421
4386
2421
4470
1995
1912
1995
2581
1717
2592
1717
281
436
441
436
581
528
3716
4792
868
869
2052
1603
95
283
41
700
4651
3460
2603
4601
481
593
481
593
552
593
2324
4689
3481
4689
4219
4689
1568
4095
3421
4894
3765
4894
2666
4220
167
80
4945
4932
770
635
3680
2996
4335
2996
1179
4156
4174
4156
1458
3164
3949
3164
3910
1420
2709
1420
2711
1420
4742
1420
4813
1420
2721
1420
3545
4817
2769
4817
1561
4817
132
115
141
95
4179
4603
1570
4603
2440
2121
1686
3801
4181
3801
1687
2712
1687
2712
4015
4542
3406
2763
3565
2763
4301
2763
230
401
274
401
975
1085
1086
1085
1318
4424
3227
4424
964
917
1892
1890
3964
2176
1494
2176
3209
2176
1675
2176
30
211
48
1686
549
458
2867
1238
2576
1238
2509
3742
2513
3742
2305
3742
17
698
167
108
3162
4844
2510
4844
2442
4695
3686
3503
4100
4089
4334
4333
4111
3749
1096
3749
3756
3749
4110
3749
2772
4872
2772
4872
1391
1837
1612
1837
4030
4194
743
679
738
679
127
4748
2461
3533
4773
3708
4773
2735
4773
4413
1560
303
289
308
289
237
238
3621
2299
1603
2299
469
551
1789
1281
2637
1281
3947
3120
4836
3120
2503
3120
3051
3658
1157
1162
1161
1162
70
2800
95
966
3075
4771
1632
4607
4629
4607
1071
1061
898
1061
1612
2102
2100
2102
3696
3894
4797
3894
3495
3822
3027
3822
1708
4331
2187
4331
1455
4331
3349
2685
3173
3729
4292
3729
4688
4530
3793
4530
1171
1175
369
351
366
351
3378
4803
3827
2223
2054
2223
1279
1801
3885
4042
2629
2280
4648
4617
380
259
257
259
222
259
4944
2784
1680
2784
3197
2784
2055
4164
698
709
1265
2208
4726
2208
4388
2669
4265
4253
4066
4253
2724
4253
985
875
2607
4665
955
1037
957
1037
1233
3686
4645
3238
1278
1742
605
606
1
4946
196
197
4786
3890
421
416
286
416
3348
4251
4862
3717
3142
3717
1088
3717
4640
4592
4668
4592
967
987
906
987
165
188
39
1719
3603
1718
3603
3480
2402
2625
2402
2968
2402
34
195
4088
4801
4278
4801
497
573
4891
1460
1095
1460
186
4655
2561
1733
2561
1910
2561
1790
2561
1801
2561
1978
2561
2875
2561
3802
2561
2242
2561
4656
2561
4612
2561
2908
2561
2876
2561
3800
2561
4547
2561
1582
2561
3200
3420
60
62
31
62
22
62
84
62
91
62
38
62
20
62
95
62
39
62
37
62
23
62
40
62
58
62
93
62
59
62
16
62
76
62
94
62
97
62
35
62
30
62
90
62
32
62
96
62
21
62
92
62
34
62
88
62
86
62
15
62
33
62
89
62
87
62
1155
1164
2531
2779
4731
4445
4771
4445
4233
4445
2476
4445
2697
4445
3315
4445
3744
3545
937
996
1036
996
3695
2474
2965
4588
2938
4588
4383
2442
2664
2442
1225
2442
1697
3643
4744
1277
4726
1277
4411
2646
127
129
2696
2618
1265
2618
2461
2618
2688
2618
690
786
683
786
809
786
2562
1369
2853
1369
4178
1978
4608
2613
4901
3412
4117
3412
3078
2992
3689
2992
3470
3466
3060
4038
3881
4038
4660
4038
754
768
2061
1841
2895
1841
4040
3293
700
705
2332
2565
3655
2883
2450
2883
1727
1254
2888
1254
3121
3525
888
1048
1058
1048
4859
2489
4289
2489
1088
2489
2644
2626
3077
2457
3075
2457
2037
2457
4782
2457
2697
2457
4863
1702
4863
1702
1114
3198
4551
2904
1558
2904
1499
2904
1525
2904
2121
2904
1514
2904
4361
2904
2243
2904
2410
2904
1307
2904
1925
2904
4637
2904
1391
2904
4523
2904
1917
2904
1572
2904
1612
2904
4613
2904
1485
2904
4576
2904
1974
2904
2093
2904
2393
2904
1904
2904
1388
2904
2411
2904
3252
2904
1571
2904
1881
2904
4546
2904
4857
3112
4810
3112
1534
2465
3614
3986
2848
2840
2847
2840
4853
3721
4113
3566
4308
3566
4761
1915
3239
2557
378
442
254
442
1289
4131
4175
2142
4656
2142
3169
3934
4373
2526
2214
4625
2213
4625
4681
4625
2042
3810
1721
3810
4695
3810
1189
3810
1914
3810
1527
3810
2068
3810
1814
3810
2239
3810
1989
3810
2924
3810
1779
3810
1874
3810
1975
3810
2945
3810
2949
3810
2075
3810
2957
3625
3009
2589
1484
2589
1571
2546
1243
4133
182
37
1551
2014
1414
2014
2780
4289
4816
3543
2443
4636
2969
4636
3831
4636
1560
1385
2974
1385
4024
1385
2635
1385
3240
2574
3617
2574
4510
2574
4465
2574
4170
2574
3620
2574
3612
2574
3618
2574
3459
2574
3616
2574
3243
2574
3796
2574
3249
2574
4048
3309
4722
3309
3673
3309
3866
1797
1788
1272
4343
1272
4354
4892
3016
3645
2258
1868
2869
1868
86
675
674
647
2035
2513
742
787
739
787
693
787
4814
2339
2400
2339
2790
2518
2522
2518
4210
3635
4728
3635
3478
3635
3523
3699
522
554
450
554
4905
1478
4907
1478
3203
1478
2514
3553
4093
3924
2924
4132
1582
4132
1395
2132
1397
2132
2322
2536
859
799
2222
4328
4321
4328
4580
4328
4548
4328
1924
4328
1355
4328
4455
4328
1456
4328
4664
4328
4624
4328
1416
4328
3453
4328
2273
4328
2200
4328
1709
4328
2248
4328
4329
4328
1386
4328
1429
4328
1559
4328
1319
4328
2040
4328
4374
4328
4509
4328
272
334
2199
2605
2474
4740
2474
4740
2477
4768
1118
2349
2536
2349
4924
2349
3968
4416
2950
2830
2854
2830
2376
2830
3406
4880
3564
4880
3020
4360
4623
4360
2348
4360
4782
3077
4782
3077
1814
4496
1540
4496
3888
3506
188
460
500
459
500
906
907
4768
1614
1234
1614
2063
1614
3120
3372
3376
3372
2433
2573
2951
2573
2320
2573
3337
3054
1281
2862
3749
2329
1474
2329
1538
3285
2222
1409
4664
1409
2310
2850
924
1057
921
1057
3151
3533
1113
3191
2621
2875
2634
2875
548
447
4110
1093
3169
3944
4459
2152
2943
2152
2471
4449
1308
2258
4298
4861
4433
4861
3139
3377
101
2286
4701
4466
4567
1923
1089
4798
3940
4798
3706
2473
2865
1851
1860
1851
3004
1908
1214
2432
4048
3633
4722
3633
3673
3633
2916
1312
1866
1312
4360
3269
35
192
4058
4248
4061
3876
3155
4285
3916
3680
3090
3680
4311
3954
3411
3954
4055
2636
2201
1393
77
23
3495
3653
3845
1578
4011
1578
1188
2452
2993
3770
2091
3770
157
106
1302
4629
4860
3535
3538
3535
2182
4879
1672
4879
2324
1514
3663
1514
3614
3606
3713
4074
474
576
4935
4406
1637
4406
3210
4406
2389
4406
1547
1831
3806
1831
3363
3354
4272
3354
4271
3354
2455
2317
4822
3072
1236
2864
4881
2505
3175
2505
45
1109
916
927
1084
927
1345
2596
3267
3228
2958
3228
3471
3228
1614
1732
4549
1819
4318
3495
3043
3495
3253
4593
1518
3187
396
394
284
394
2737
4274
755
708
60
402
445
402
937
938
1524
3159
2516
3159
3061
4041
3048
4041
3880
4041
334
293
226
293
818
710
281
251
2855
3216
3602
3216
4439
3216
1389
3216
3790
3216
1405
3216
2266
3216
1580
3216
2572
3216
1922
3216
2299
3216
4164
3216
1393
3216
3985
3216
2562
3216
1384
3216
1450
3216
2854
3216
2221
3216
2555
3216
3454
3216
1395
3216
2856
3216
3605
3216
1417
3216
2566
3216
2560
3216
1402
3216
1397
3216
1390
3216
2853
3216
2128
3216
1982
3216
3229
3216
3607
3216
1062
1042
882
1042
1063
1042
175
11
4319
4802
593
527
553
527
4257
4043
4063
4043
4747
4043
36
4
24
4
84
4
45
4
80
4
17
4
56
4
25
4
51
4
44
4
57
4
43
4
42
4
146
4
76
4
18
4
78
4
61
4
48
4
46
4
98
4
49
4
53
4
47
4
41
4
26
4
124
4
55
4
88
4
86
4
50
4
145
4
52
4
3921
2693
195
196
4588
1320
4654
1320
3543
3081
4266
3081
3911
3081
1182
1183
4809
1183
3056
1183
1753
1752
1509
4437
3152
4437
4590
3248
761
853
857
853
1407
4657
3903
4252
4072
4252
4866
4085
1691
4085
3678
4699
4352
4699
1907
4699
1537
1756
1639
4591
4184
4591
4187
4591
348
399
347
399
206
399
330
399
2687
1204
1199
1204
2611
1788
1068
1040
875
1040
939
1040
3608
4477
2852
4477
1423
2215
80
678
680
678
1546
1827
2411
1827
4865
2321
2583
1847
1468
1847
696
751
2266
1960
1417
1960
4698
3595
3171
3739
2607
4669
679
779
792
779
1305
4128
4844
2496
1581
2496
4783
4332
2178
3381
943
914
3540
4772
3371
2709
1558
2168
1917
2168
89
263
32
959
284
393
711
680
78
680
3750
2767
2280
2302
4189
2302
735
724
760
724
4627
4602
4677
4602
3057
2654
2271
2654
2435
1216
4190
1216
1662
1216
3072
3320
2706
3320
3509
3320
3189
3752
1130
3752
4912
3752
2801
3752
4695
1248
1527
1248
3407
3183
2781
3183
4305
3183
959
876
4109
3756
4309
3756
4812
4791
1422
2898
4676
4543
2973
4543
3077
4340
2037
4340
4782
4340
3045
4340
233
322
236
322
343
322
3296
2961
2659
2961
4215
2961
24
699
3947
3732
2503
3732
1703
1228
3096
1228
3080
1228
3341
1228
1704
1228
2470
1228
2343
2380
3915
2380
3553
2380
2760
4793
314
352
374
352
3310
4541
3827
2099
3806
2099
2217
3819
3836
3819
141
72
3097
1495
28
155
3919
4069
3933
4069
3930
4069
814
801
3328
2677
2284
2677
1178
1187
1486
2003
2912
2003
1710
1159
1138
1159
4281
1159
824
839
648
839
2657
4728
1491
1595
3934
1739
3944
1739
3386
1739
458
536
2683
3847
2325
1381
1684
1381
1522
4381
2661
4572
1195
2672
3239
3788
4384
4383
4922
3204
1127
3204
3184
2782
2526
2782
81
4099
87
965
4712
4685
2717
4685
3912
4685
800
714
603
714
3699
4057
3352
4057
897
984
4676
2080
362
349
319
349
4238
2234
2520
2399
84
279
4021
3827
3651
3827
1761
3827
1145
3977
2504
2755
2294
2755
4198
4184
141
2718
1372
4803
1372
1624
1372
3367
1372
3368
1372
4345
1372
3192
3409
2194
1285
1615
1285
134
4096
2025
2748
2025
4705
2989
1749
2957
3656
2957
3863
2957
3370
4257
3567
4299
2086
2439
800
732
707
732
1401
1966
2618
2194
2918
1944
4162
1944
472
473
3069
2681
4363
2681
3071
2681
1184
1191
2589
1191
4464
1533
3277
1533
4208
1533
965
1083
1084
1083
4775
3093
447
516
543
516
499
516
567
516
2645
4674
2509
1635
2344
1635
768
743
688
743
4839
1699
601
471
1430
1924
2736
2492
2735
2492
1072
1062
1528
1553
1290
3996
2676
3478
3182
2771
2777
2771
4031
2974
3288
2974
1910
4175
465
504
466
504
1629
4568
3819
4568
3827
4568
2122
4568
1379
4568
1547
4568
1585
4568
2054
4568
3818
4568
3517
2045
3817
3614
2975
3614
4723
1506
4087
1506
3106
1506
4833
1506
3928
1506
2719
1506
92
268
3966
3578
4935
1653
3021
3013
598
461
290
326
2913
4140
2902
4140
831
695
3050
2592
4400
3393
3554
3393
2402
2139
1896
2139
4850
4829
1070
1060
1071
1060
4054
3018
3047
3018
3198
1535
3575
1535
3422
1535
2042
1770
2875
1770
1697
2043
639
640
2739
4454
2699
3046
3868
1606
1537
1606
3059
1606
4064
1606
3058
1606
3128
4269
4840
4269
220
223
4264
3514
1525
1354
4361
1354
2459
4732
4239
4732
3323
4732
3127
3109
3655
3831
1533
1377
2164
1377
4825
3923
667
638
1649
2342
2776
2342
4876
2342
3038
3026
2691
3026
3044
3026
3722
3908
3460
4598
4680
4598
3251
4598
3023
3851
4913
4911
4921
4911
2483
3312
3004
1633
2864
1269
2046
1269
598
463
3967
3966
3895
2965
3879
2965
3487
2965
2978
2938
2534
1680
2027
2190
2026
2190
2257
1876
4324
1876
1821
2983
2670
2983
3308
2983
1164
3608
1806
3608
2868
3608
1548
3697
136
68
4602
4485
2370
4485
2851
4485
4557
4485
4551
2422
1558
2422
2871
2422
1525
2422
2121
2422
4361
2422
2243
2422
4613
2422
1485
2422
1974
2422
1388
2422
4326
2422
2411
2422
2083
2422
3252
2422
1881
2422
4534
2422
3123
4826
3470
3623
3657
2638
2341
2347
3789
2347
4816
4266
3942
1576
22
220
4847
3079
4918
4915
3427
4915
3622
1933
2880
1933
3179
3400
1478
1544
1461
1544
334
229
812
803
813
803
2454
1407
2449
1407
4720
1407
3496
1407
1538
1407
2820
2327
4917
2327
4247
1821
4458
2203
4614
1953
2093
1953
4746
3878
2634
3255
196
362
388
362
4896
1524
4304
1524
4801
3084
3366
3084
1236
2892
79
3397
3161
3324
3282
1204
2288
106
3969
3745
1710
2030
1710
1346
1906
4103
4835
4122
4918
3208
4918
2537
4918
3537
3379
462
501
461
501
2339
1624
4404
4361
4650
4361
4741
3100
2540
2820
1124
2820
77
17
979
989
3170
3741
4903
3741
4893
4296
2881
1935
3463
1935
4791
4741
2361
4741
4282
4741
1308
2256
402
335
3009
3267
3372
3914
2907
3802
1437
2122
447
534
543
534
2726
2711
1552
4528
4621
4528
4544
4528
751
819
769
819
262
337
407
337
3341
2034
631
746
3737
3523
3718
3523
3546
3523
3602
1363
1982
1363
641
844
849
844
3207
3957
1670
3957
2963
3999
3521
3508
4891
1644
4887
1644
1094
1644
463
503
464
503
3032
3004
147
4364
4363
365
359
363
359
637
649
838
649
4867
3384
2684
1476
4405
2319
2652
2319
2082
2319
2544
1107
62
602
4
602
5
602
99
602
2322
2538
3318
4743
3490
4743
3488
4743
4094
4077
4470
1994
2942
1994
4578
2166
2939
2166
2219
1411
4658
1411
97
945
2565
2331
1657
2331
436
435
250
435
2605
1817
4004
1817
3294
1817
675
645
4943
4931
301
379
817
677
831
677
3192
3189
3193
3189
2065
2225
1800
2225
2491
4277
2491
4277
2798
2498
3179
2498
3398
2498
4295
3157
2761
3157
2192
3157
975
918
1206
4155
2758
3140
3756
3174
1091
3174
3755
3174
2090
2245
4638
2245
2176
2812
4918
2812
4931
2812
4913
2812
4923
2812
1665
2812
4919
2812
552
506
521
506
2644
1895
85
4096
77
3382
3701
263
248
2605
4654
4004
4654
3294
4654
2873
2110
2869
2110
482
514
571
514
457
514
2315
1786
1619
1786
3650
3842
4540
4532
2886
4532
3884
2663
3723
2351
956
955
2512
4434
2764
4434
2406
4474
2341
4474
1264
4474
2340
4474
1401
4474
19
3678
4040
2462
4040
3837
2243
2434
3246
3998
3246
1500
3246
288
382
217
382
603
707
4340
1758
3794
3213
2816
1111
4677
1829
2220
1829
1216
3218
1226
3218
2642
1722
1215
1722
1662
1722
4611
1350
4690
1350
153
2436
4590
2336
4590
2381
4590
3166
3737
2764
3165
1787
1849
2062
1849
1018
896
4571
1330
1886
1330
4340
2410
50
754
3293
1990
2234
1990
2235
1990
3892
2707
902
934
1066
934
992
934
1648
4066
1213
2598
2313
3226
149
1295
3440
3002
3271
3072
2684
2706
2684
3509
2684
2021
2769
1143
1140
1134
1140
1081
988
1173
1174
1696
1174
4449
4032
3677
4032
1207
1701
816
721
749
721
2487
3895
4075
3895
3518
3895
4381
4380
3866
4380
2934
3786
2060
1842
1555
1842
449
556
535
556
938
939
969
939
3825
4666
4351
3817
2976
3817
2613
2097
1759
2097
420
415
242
415
93
949
4617
2991
4115
3411
3423
3411
2541
3411
1174
1189
189
56
3326
2679
1105
2679
1137
2679
1666
4212
3207
4212
3574
4212
381
260
214
260
383
260
1627
2441
2985
2270
2986
2270
4682
2270
1154
1157
1149
1157
3231
1165
1152
1165
3362
3849
1069
1019
936
1019
879
1019
3752
4871
3950
4871
2350
4790
1739
1737
4255
3330
3904
3330
4060
3330
1235
4343
1214
1226
2659
4222
1597
1440
2582
1440
2889
1271
4418
1271
76
711
285
290
4383
1246
2664
1246
3489
1246
3097
1246
470
574
1902
2141
4678
2141
3899
4054
130
595
552
1645
3758
1665
3758
4919
3758
3761
3758
3937
2700
3736
2700
1707
2700
2938
2896
1816
2896
4003
2896
4206
4187
1587
2397
4584
2397
2934
4540
2855
3974
2128
3974
4686
3829
74
2785
1207
1213
1215
1213
3359
3111
285
397
3527
4696
3526
4696
2722
4696
4097
3722
4095
3722
3150
3722
2908
1218
1779
1218
4800
4341
3106
4341
4783
3350
3273
3821
3834
3821
1456
2101
2396
2101
3357
4254
3519
4254
4765
4254
4709
2987
3328
4469
3299
4469
3297
4469
4911
3407
3758
3407
2061
1255
2888
1255
3711
3524
2979
2936
3643
2959
1583
1878
2597
1878
3764
3953
1661
3953
3763
3953
4854
2740
4370
2437
2640
2437
1609
2437
3023
2437
3371
3063
4742
3063
3019
2564
2702
3028
1789
1282
1154
1161
1160
1161
4644
4141
4365
4141
2646
4635
4710
4635
2984
4635
3706
3906
3704
3906
459
460
3554
3710
185
40
2473
2462
3348
2462
3704
2462
1093
4891
2528
4891
4309
4891
425
419
245
419
1174
1697
2705
3048
1408
1608
1403
4677
3225
4143
2366
1623
4483
1623
1302
4626
2538
3576
4042
4218
3314
4218
4229
4218
83
25
91
271
3391
3544
4433
3544
3265
1400
2353
4409
4391
4409
2599
3985
1420
3016
3728
3933
3430
4935
687
637
4839
2475
2956
1523
3307
1508
1346
2562
1303
2873
3927
3363
2232
2137
3820
2137
639
824
845
824
2993
2575
1532
2575
4636
2575
1282
2575
3624
2575
2595
2575
1618
2575
2382
2575
1920
2575
1463
2575
2375
2575
1383
1384
9
4419
3016
3644
3612
2015
2942
2015
2377
4457
2948
2401
3995
2401
2937
2401
99
600
6
600
3646
3476
4322
4499
4577
4499
2654
4208
1138
3107
4430
3107
4371
1100
1122
4938
1378
1379
2964
3624
3993
1968
3939
3935
4732
1741
4032
4028
697
769
631
769
4895
4883
1735
1267
4333
1267
2045
1267
1651
1267
1734
1267
1279
1802
469
470
469
470
4600
2160
4508
2160
2654
1914
2448
1914
2615
2905
2255
2905
2713
2464
427
422
265
422
4520
4446
4478
4446
1319
4446
2040
4446
3909
3082
666
845
850
845
2904
2874
3477
1263
4744
1263
3648
1263
2063
1263
1753
1751
3996
3989
3661
4405
3910
2088
3116
2088
3412
3945
4300
4862
625
790
767
790
807
790
2961
2127
139
51
2273
2419
2272
2419
143
44
881
882
2909
3780
1141
3780
1644
1568
4884
1568
914
928
1083
928
3061
3284
3048
3284
3065
3055
3615
2147
2878
2147
3345
3670
1263
1615
164
112
4890
2356
1605
4639
3897
3866
2329
4286
957
880
4933
4917
4740
3279
2704
3279
4228
2604
4467
2604
1740
2604
1062
1043
880
1043
883
1043
3148
1731
2484
2483
4778
2483
4798
3925
1235
2889
2657
3634
2334
3367
4322
2857
2574
2857
4470
2857
2257
4465
2921
4465
1334
4142
2776
2504
1246
2865
1115
4338
3958
4338
4906
4338
3702
3355
3112
3355
3524
3355
326
324
386
361
204
361
331
361
856
798
644
798
1380
2427
3344
3038
2677
1515
2995
1515
3875
1307
3887
1307
3675
1307
3885
2119
1726
3799
1088
2023
2780
2023
2750
2730
3635
2926
4853
3534
862
995
1014
995
1573
4730
843
842
3937
3382
3736
3382
1707
3382
3634
2583
4701
2583
3824
2008
1921
2008
3658
2388
4388
2388
19
58
3399
3943
4416
2322
4406
2322
1506
3067
2360
2750
3178
2750
2391
2750
2332
4495
1895
2946
2630
2946
932
994
2589
1196
2193
1196
1235
4415
1146
2913
2437
1468
3317
3300
1529
2447
3017
2918
947
908
1721
2056
1779
2056
2867
2310
1552
2310
4563
2310
2258
2310
2864
2310
2873
2310
2865
2310
1860
2310
1799
2310
2877
2310
2424
2310
4174
2310
2579
2310
2869
2310
4549
2310
2580
2310
4621
2310
2046
2310
2578
2310
4569
2310
1720
2310
4589
2310
2576
2310
1812
2310
4168
2310
1822
1430
2998
1430
1423
1430
4819
4804
3102
3903
2152
2151
1822
4221
4033
4221
4039
4221
1550
2178
2177
2178
3253
4600
4284
1688
2182
1688
4080
1688
2387
3192
2639
1236
2204
1236
3467
1236
4458
1236
3640
1236
2064
1236
3131
3371
3920
3371
1748
3371
2874
2861
1546
2861
2083
2861
3906
3340
3905
3340
495
570
48
603
2919
1727
38
198
288
381
1142
4138
793
778
654
778
18
697
2971
4342
4709
4342
894
895
4872
1747
2772
1747
3173
1747
4039
2998
4242
4647
3322
4647
3324
4647
3681
3839
3679
3494
1438
1450
1355
3590
1559
3590
163
4038
4223
1400
2131
4608
2131
4939
2809
3304
1719
1087
4086
90
946
181
4067
3071
1688
1173
4275
1173
3128
1173
1671
1173
174
1532
1832
2382
1832
2667
2451
2936
4570
3461
4570
2925
4570
4788
4213
2253
4213
1684
4031
4922
1130
3685
3490
2219
3594
4691
3594
4008
2431
4639
1311
1459
1311
4754
4211
3063
4033
1149
1150
1144
1150
4829
4814
4358
4814
4719
2214
2903
1860
578
569
475
569
3845
1656
58
208
23
956
2822
2793
1075
937
935
937
4204
1852
4647
4427
1470
1205
1471
1205
86
280
3361
4847
1519
1839
1575
1839
1594
2070
2584
2070
4855
3747
4058
1590
955
883
2627
3450
1668
1494
268
241
3506
4686
3867
4686
3492
4686
2126
2297
3954
2772
3188
2772
4221
4197
2186
2491
2749
2491
2185
2491
3248
4159
4562
2233
1345
1903
3005
4604
2829
3430
3091
3688
3228
1192
1178
1192
1814
3236
2254
2253
4453
4800
3720
4800
2695
2682
1073
1063
1072
1063
3858
2655
193
194
166
113
139
93
2149
1371
1475
1371
888
889
1814
1340
1975
1340
1664
2206
574
590
591
590
4676
4250
3171
3727
4940
2754
2927
4167
4046
3311
294
370
385
370
4652
2235
4652
2235
2987
4614
3000
4614
4209
4614
4865
3150
1188
2667
592
589
468
589
467
589
451
589
523
589
3882
3656
4551
4533
2393
4533
4627
2370
1632
2370
2114
2370
1897
2370
2135
2370
4629
2370
2319
2370
4677
2370
4600
2370
4570
2370
2559
2370
3806
2370
4559
2370
4599
2370
2085
2370
2307
2370
4642
2370
1516
2370
4471
2370
4641
2370
4554
2370
1567
2370
2220
2370
1511
2370
1909
2370
2282
3860
1824
2341
1919
2341
4323
2341
4322
2341
2872
2341
1531
2341
2257
2341
4535
2341
1800
2341
2935
2341
2942
2341
4324
2341
2921
2341
2929
2341
1112
3205
4032
3852
1012
1025
963
1025
860
1025
169
66
3941
3719
4841
3719
4621
4531
4569
4531
283
332
4331
4330
3486
3832
941
1024
864
1024
1014
1024
4889
3173
83
85
1246
2591
2445
4738
3632
4738
1563
4738
3859
4770
843
838
667
838
1278
1594
474
498
3560
2777
2781
2777
4850
4358
4437
3130
4437
3130
2955
1490
4414
1866
3999
1866
3627
1866
3361
4839
4674
3615
4423
1670
1128
3965
4662
2975
342
336
258
336
3089
2044
3087
2044
4949
4937
4615
4130
1531
4130
1267
1279
2637
1279
3753
2516
4379
2516
422
421
243
421
4462
2548
2726
4742
4197
1925
1641
1925
4720
2962
4764
2962
4873
3731
4443
3731
2502
3731
695
650
749
650
1902
1367
4183
1367
1739
1634
463
502
464
502
3729
4362
3543
4362
232
233
2532
2528
3824
1945
2090
1945
708
825
742
825
2790
3751
2522
3751
4579
3263
640
648
845
648
2618
2195
2022
2301
4887
2301
2911
1780
2598
1780
2310
4489
2849
4489
1586
2487
1788
1284
2196
1284
4245
2459
4922
4912
1131
4912
3957
3568
3427
3568
2500
2024
4100
2024
2783
4896
3410
4896
2882
1943
2898
1943
3503
2628
1476
2628
2640
2628
3023
2628
2059
2628
4369
2628
3849
2964
2478
2964
3857
2964
3905
2964
2614
4176
2349
3196
2535
3196
2814
3196
3645
3468
3644
3468
2089
3468
1638
3995
2787
2781
2789
2781
1797
1300
4381
1300
1798
1300
2717
1300
2727
1300
3912
1300
4568
2559
4527
2559
747
742
1146
2587
2260
1355
2076
1355
2261
1355
2634
2616
4685
2671
3257
1976
3784
1976
3038
3307
2691
3307
3044
3307
4344
3515
801
733
610
733
664
733
1280
1799
103
1534
1696
2648
647
822
859
822
1381
1382
1110
1382
3412
2337
2487
4075
2487
4075
185
57
11
4372
4614
4581
1546
4581
4758
3637
3890
3637
3670
3637
4755
3637
3846
3637
3921
3364
4049
3062
1619
1220
4717
1220
3238
2854
2394
2854
1321
2854
436
433
282
433
3709
3348
2340
1283
2929
1283
3570
3955
1673
4929
4761
3316
4378
3316
4807
3075
4806
3075
1903
2144
4620
2144
2785
3952
2524
3952
2519
3952
579
526
2535
3760
3914
2698
2716
2698
4460
2698
4734
2698
2367
2698
2079
2698
4715
2607
2660
2607
2701
2607
4234
2607
4236
2607
1437
2124
3148
3932
4466
3259
324
342
227
342
4328
2376
4683
3287
2787
4284
2030
4284
4318
3501
3642
1438
3870
1438
1439
1438
4461
1438
1035
1072
1038
1072
171
949
997
164
1162
2877
544
488
456
488
539
488
2972
4583
3258
4583
3118
1622
1642
1622
3110
1622
2383
1622
1530
1622
4723
2463
3106
2463
2719
2463
2714
4748
2314
4512
2072
4512
3067
3328
2304
3601
1940
1939
4407
4837
3712
3375
4645
2444
2394
2444
173
1035
1070
2600
2268
3379
3362
3125
3362
3122
3362
4615
2872
1413
2872
2900
2872
2940
2872
4689
2872
4543
2872
2270
2872
4578
2872
1264
2872
2073
2872
2065
2872
2281
2872
4470
2872
2340
2872
4577
2872
1401
2872
4610
2872
1912
2872
2939
2872
2472
3064
2304
2563
2388
4522
2614
4522
3692
1522
4736
1522
230
231
4403
4402
2269
4402
3389
3537
3387
3537
249
434
436
434
699
821
838
821
132
2295
2221
4001
2221
4002
2221
1279
1803
4700
4240
2077
2076
4659
2315
3174
2507
4877
2507
2313
4487
2030
1138
1577
4930
4177
2424
4176
2424
1905
2424
1742
1304
2283
1304
168
59
3306
3291
3037
3291
3869
3291
4704
3497
4593
2158
1556
2158
2893
4169
2274
4169
4074
4806
2748
4806
2733
4806
2133
1843
1555
1843
60
976
102
1098
2114
1970
4629
1970
51
752
186
43
31
200
1439
2881
950
901
138
42
4724
1744
1129
3185
4668
2229
2067
2229
3822
1899
2667
3641
4580
2249
1429
2249
1477
1724
2609
4518
4643
4518
3054
2611
3477
2611
4452
2611
2633
2611
3648
2611
2063
2611
3367
4398
3368
4398
3848
1510
303
346
4649
2217
4340
1398
4028
1398
3852
1398
2641
1398
2498
3541
4882
3541
4835
4084
2500
4084
553
577
2856
1766
1390
1766
2360
4849
3178
4849
2391
4849
266
243
511
492
476
492
629
660
741
660
656
660
3079
3050
2707
3050
1188
3050
1689
3050
1534
1610
674
858
859
858
1185
4157
2588
4157
4952
2511
2217
1825
4684
1825
2218
1825
3104
4752
3821
4508
3854
4199
4284
4275
1104
4275
1745
4368
4735
4368
2715
4368
4434
3723
3149
3723
716
658
630
658
742
658
3552
4816
1746
4816
3389
3030
3387
3030
2499
3030
4586
3597
2165
3597
955
884
880
884
2288
1212
4717
1212
2736
3708
34
865
868
1036
986
1036
1015
1036
1468
1845
2591
1845
4399
4760
3405
3169
3557
3169
3559
3169
1653
4913
4432
4913
1211
1676
209
210
2211
1880
1512
1880
976
921
3556
2186
1628
2186
4875
2738
3394
2738
3030
4018
2215
1641
3714
3899
2722
3899
37
278
2867
4348
1179
4348
2577
4348
2887
4348
2891
4348
2864
4348
2873
4348
2865
4348
3799
4348
2913
4348
2877
4348
2579
4348
2909
4348
2869
4348
2580
4348
1713
4348
2046
4348
2578
4348
2594
4348
1141
4348
2902
4348
3177
2765
3278
4185
1184
4152
2430
4152
4817
3724
4817
3724
4416
2540
4406
2540
820
852
642
852
4781
2051
4781
2051
553
480
473
517
583
517
4692
4684
129
2826
1566
3510
4896
4889
4304
4889
2687
1497
2452
2031
2467
2662
1635
1291
1737
1291
2459
1291
1738
1291
2050
1291
2333
2846
2557
2846
4642
4606
4641
4606
4102
2294
4876
2294
3647
3843
3483
3843
4274
3098
3705
3098
4776
3098
4937
2818
1011
1027
863
1027
1014
1027
3752
3744
3950
3744
2941
1185
4451
1185
2953
1185
160
4429
4948
2813
4647
2675
57
617
4718
4616
3329
4616
4738
1723
142
146
2486
2290
2731
2290
3547
4863
3395
4863
3032
3845
4810
1708
2417
3212
1197
3212
1164
1169
2894
1169
4621
4560
4589
4560
1430
1597
4403
4890
2269
4890
3408
2774
3000
2971
709
627
2705
3880
1374
2242
3898
3676
4246
4228
762
789
717
789
3320
2640
2825
3766
3667
4649
3022
4649
3872
4649
3026
1541
4218
1541
4354
3398
2645
4008
2931
3610
142
16
1458
2757
2767
2757
3949
2757
4921
2789
3305
3825
3300
3825
4018
3825
1507
3825
3052
2664
612
685
694
685
2319
1932
2085
1932
4601
1259
1967
1259
4362
2484
4362
2484
4069
2600
4054
2600
2671
2600
3689
2600
3047
2600
3507
2600
3357
2955
1743
2955
1744
2955
3519
2955
3039
2955
4765
2955
1355
3438
4522
3438
3672
4012
3024
4012
3500
4012
3903
2027
4262
2027
4937
1501
1599
1287
2209
1287
2086
3622
3735
4783
4861
4783
4837
4783
3716
4783
4357
4783
3262
2423
2474
2982
4740
2982
3669
2982
1553
1328
2330
1328
697
689
4632
2408
3031
2408
152
76
175
76
150
76
127
76
165
76
147
76
153
76
149
76
163
76
174
76
171
76
164
76
173
76
148
76
154
76
161
76
169
76
178
76
176
76
157
76
64
76
166
76
63
76
151
76
177
76
179
76
172
76
162
76
28
76
180
76
27
76
170
76
4238
1988
4833
4781
3928
4781
1399
4455
2419
3220
1203
3220
4570
1364
4599
1364
4937
1637
1610
1637
4943
1637
1577
1637
4948
1637
4942
1637
3429
1637
4941
1637
1464
1637
1584
1637
3851
3283
4369
3283
3305
1348
3030
1348
1507
1348
4895
4870
417
413
242
413
1551
1952
2582
1952
130
114
150
101
1301
1316
1702
2479
4085
2479
4863
2479
3132
2479
2729
2479
128
121
137
94
3270
2893
2049
2047
3321
4232
3634
2202
4248
1760
1590
1760
2694
1760
844
841
846
841
3615
3987
2885
3987
4525
3987
2880
3987
1802
2108
2207
2108
1712
4174
4079
1537
2486
1537
2731
1537
4353
4869
420
414
267
414
1437
2123
3260
3803
2503
2334
3548
2334
270
269
2752
3138
4920
2019
1306
4675
3050
3304
3027
4393
1198
2579
3183
2761
2777
2761
1695
3939
3748
3939
1419
4637
664
731
748
731
607
731
2039
1601
2038
1601
4009
1601
4700
4022
1514
1956
3252
1956
2770
2500
1482
4391
822
854
855
854
2462
4352
4580
1375
2248
1375
1170
4148
2198
2584
4522
1362
4374
1362
1140
2909
1815
2967
1626
2967
453
537
4319
3522
2180
4353
4354
4353
2769
4824
2747
4824
3660
4023
3659
4023
1291
2963
155
4947
4436
3128
1102
3128
1458
3949
3563
1488
966
932
968
932
3694
4417
4739
3059
2338
1404
4610
1404
2668
2324
4656
4497
4160
4497
2243
2001
4523
2001
2455
1527
3321
1527
1090
4264
348
218
1374
1556
2058
2415
1787
2415
3109
3087
3109
3087
2964
4459
79
18
4211
3275
1678
2796
3764
2796
3541
3116
4867
3116
663
776
791
776
2994
2368
3429
4934
2468
3858
2028
3858
2345
2344
2346
2344
599
553
148
4445
1547
1213
1619
908
930
1079
930
3678
4351
4352
4351
1907
4351
2495
3694
2353
4392
198
396
298
396
329
396
1760
4021
419
418
423
418
3726
3929
4410
3929
4794
3929
2762
3148
2184
3148
2183
3148
3622
2885
3273
4550
2308
4550
4027
4550
4888
3181
3472
3262
3457
2115
4367
2115
2775
4294
2256
3795
4626
3795
1619
3795
3798
3795
1194
3795
4717
3795
1504
3795
2858
3795
2681
4467
2757
3387
2453
2276
1227
1519
3230
1647
1604
1647
2259
1647
4323
1338
2940
1338
2453
3007
669
688
307
400
332
400
333
400
232
400
308
400
2403
2869
3154
3359
3137
3359
733
777
797
777
2829
1104
128
67
1493
3428
3849
4011
3857
4011
3905
4011
3084
2037
4711
4233
4267
3690
4750
3690
3360
3690
3988
1942
2921
1942
3919
3886
3930
3886
3728
3886
154
2608
1588
1560
1383
2974
1383
1382
1383
3833
1383
4609
3448
3797
3448
1381
4013
1685
4013
3914
4231
4734
4231
2079
4231
3005
3264
3118
3917
1642
3917
1530
3917
161
1722
4679
2860
4679
21
273
1378
1456
2657
1627
457
571
671
690
1063
1003
884
1003
4119
3416
3419
3416
3575
3416
945
911
3558
4407
4408
4407
1277
2068
4076
4782
4796
4782
3625
1551
2602
1551
2947
1551
4104
2773
1628
2773
3787
4425
1249
4425
4562
2232
402
444
1539
2650
3497
2650
4045
2650
4868
3177
2289
4778
700
770
865
866
2447
3470
3307
3470
2206
1298
2915
1298
249
250
3667
3835
530
578
3945
4094
4878
4094
2521
4094
801
797
609
797
1035
1071
1074
1071
219
314
257
314
224
314
3405
3154
1488
3154
3562
3154
1403
1531
1183
1193
2667
1193
1698
1193
1541
1997
1613
1997
3155
4436
2754
4436
4097
3091
4095
3091
4277
3091
3150
3091
2398
3091
3638
4189
2623
4189
4256
2683
3512
2683
2335
2805
4315
2805
2454
4720
2454
4720
3808
2252
2124
2252
1345
1902
3272
1814
4046
1814
2798
4882
4892
4882
3400
4882
3003
2630
3825
4656
4035
3853
3862
3853
2432
1778
1217
1778
2380
2704
4767
2704
255
304
321
304
619
796
766
796
803
796
2586
2836
2884
1715
1186
1715
2922
4476
1442
4476
1598
4476
2556
4476
1678
3570
1107
3570
2810
3570
3763
3570
3931
3921
4772
3921
3383
3921
3961
2530
2051
4388
4389
4388
2981
3806
3028
4645
2680
4645
4725
4645
135
2581
4151
1185
4151
137
69
1103
3734
2192
3734
2689
4710
3040
4710
4236
4710
122
975
4784
1631
954
887
2060
2550
3811
2550
1253
2550
4606
4153
3451
4153
3953
3391
4947
4945
3085
1651
3021
3011
168
78
1381
3833
3871
3833
2901
1209
1520
1209
4909
3172
3401
3172
4440
3172
156
1668
946
1079
1080
1079
469
575
2572
2041
2566
2041
4079
4064
2731
4064
2744
4064
4398
4751
796
723
737
723
1393
1835
1397
1835
1477
1470
3256
1470
3302
3298
2354
2571
1159
1154
2679
1154
3107
1154
1153
1154
1823
2920
2454
2920
2449
2920
3285
2920
4720
2920
4764
2920
444
378
49
667
2530
4110
3108
2716
465
491
466
491
904
933
994
933
1013
933
4099
2748
856
820
676
820
4849
3531
2812
3193
2387
3193
4112
1091
2410
2094
2411
2094
3726
3902
4410
3902
4794
3902
2089
3814
327
345
394
345
76
446
1576
2728
2514
3551
162
110
2285
4664
678
756
3626
2010
4525
2010
456
515
539
515
595
515
401
347
223
347
4798
2390
3923
2390
2390
4753
1163
1177
3232
1177
932
1013
121
1078
2707
2687
4847
2687
2495
2687
228
258
325
258
324
258
1700
4165
2701
3040
716
659
744
659
2467
2659
2467
2659
105
4951
577
493
1593
4578
3276
4578
4202
4578
2240
2239
1321
2394
1321
2394
1760
3651
937
969
2039
1391
2038
1391
4009
1391
3579
3209
3346
1172
2712
1172
1160
1172
1687
1172
3506
3668
1629
1833
1547
1833
2399
4279
4105
4279
3561
4279
72
2792
69
4120
3001
4195
2386
2471
2390
2471
2374
3778
1854
1853
3486
1570
3291
1570
4020
1921
4062
4056
4062
4056
800
713
604
713
290
288
347
288
3735
3715
4407
3715
332
239
4866
4845
3013
1806
3829
1806
3011
1806
4396
4694
1735
1734
596
518
3017
2090
4646
3631
1151
3976
1574
1858
1504
1858
3578
4914
4317
4914
1679
4914
1506
2979
2337
4401
4878
4401
2521
4401
4415
1275
1791
1275
2444
4320
919
1056
1086
1056
2825
1116
4549
4521
4589
4521
3621
3619
2771
3547
2515
3547
3354
4256
3908
4050
4068
4050
4081
4050
452
538
4898
1694
3415
1694
4714
3083
1922
1929
1450
1929
2017
1148
3874
1148
1137
1148
687
837
838
837
1614
1262
1166
1181
2588
1181
3344
2691
772
744
693
744
3479
2434
4210
2567
3478
2567
3237
2567
1601
4624
2392
4624
2296
2199
1925
1949
4637
1949
4421
1128
3845
3997
2700
3488
4856
2482
2813
3959
2810
3959
1121
4403
3202
4403
1223
2455
4888
3404
4411
2984
2496
4079
3630
4523
2784
3556
3714
3527
14
1087
1419
2582
2855
1448
1580
1448
3539
3383
3844
1917
3282
1264
3070
1264
3322
1264
4163
3588
1630
3588
2774
2022
2529
2022
449
535
2698
2467
2963
3627
3250
3456
3623
3456
2926
3456
3262
3456
3628
3456
3462
3456
575
591
599
591
2893
4513
4526
4513
12
4371
2671
4582
3899
4582
3047
4582
677
655
3868
3000
1756
3000
1755
3000
46
2555
2920
1416
3018
3647
3098
3338
2195
1795
2047
1795
3114
3519
4322
4511
2940
4511
1018
981
893
981
4214
1387
4024
1387
2635
1387
2278
1359
3610
1359
4805
3104
2306
3104
3377
3104
1376
2912
3418
4310
3205
4310
10
4373
372
358
364
358
3026
2308
3623
1428
2291
1428
3969
3967
4867
4444
638
836
842
836
3159
2323
371
350
370
350
4793
3942
4828
3942
3160
3942
3802
2134
1874
2134
2798
2180
2792
2180
4223
1886
2629
1886
2761
1690
3946
1690
3
5
1083
1082
943
1082
2263
1345
3491
1345
1703
1609
2306
1609
3377
1609
2034
1609
3493
1609
996
941
3103
4808
2406
2373
2857
2373
1495
3049
4759
3863
1114
3572
3129
3106
3029
3477
134
97
4273
4263
133
117
1198
2901
3458
4549
909
1053
1080
1053
1512
1884
3464
1884
601
467
298
202
119
2532
3450
2136
4524
2136
2865
1251
2576
1251
3160
3153
2508
3153
3786
3435
4635
3435
594
582
545
582
4419
1266
1262
4134
3628
2552
4371
1493
2919
1231
481
544
4946
4943
2211
1879
2226
1879
3009
2958
1625
3133
4799
3133
3137
3133
264
427
429
427
1817
1325
2268
1325
1940
3454
2571
2405
4493
2405
2296
4396
15
951
3115
4460
1621
1985
2883
1985
2732
3029
1730
3029
3370
4261
3460
1414
4680
1414
3251
1414
2057
4516
4183
4516
4885
3170
3412
4878
3008
1593
2665
2436
4041
2652
2962
4680
2636
1378
2190
1378
3858
1378
4056
1378
4062
1378
2905
1969
2899
1969
2431
3453
4320
3453
3241
3453
2407
3453
3525
3907
4802
3907
4077
3907
3522
3907
4073
3907
3528
3907
1803
2230
2226
2230
4520
4506
3409
3406
3189
3406
705
634
2677
2986
20
274
706
793
652
793
4763
2937
2520
3554
4105
3554
2955
2073
3238
1343
2394
1343
1321
1343
1669
1114
2775
4875
3398
4875
1493
3577
2511
1509
3746
1509
1230
2105
3599
2105
3013
3472
4686
3472
3011
3472
3739
4818
3727
4818
2709
3017
2711
3017
4050
3017
3505
3017
4244
3017
2593
4366
2911
4366
2581
4366
1466
4366
4625
4366
2596
4366
1553
4366
2592
4366
2892
4366
2598
4366
2896
4366
2583
4366
2946
4366
1468
4366
2591
4366
1490
4366
2195
4366
2587
4366
1185
4366
1723
4366
2047
4366
2897
4366
4663
4366
1147
4366
1583
4366
2205
4366
2590
4366
2906
4366
1166
4366
2330
4366
4566
4366
2588
4366
2597
4366
4575
4366
2854
3791
2402
1900
1818
1900
211
212
2712
1696
4269
1696
1160
1696
549
457
3624
3433
2375
3433
4616
2632
2753
3135
2753
3135
4586
2250
2878
2250
4243
1303
3867
1303
4724
1303
3076
1303
316
313
300
313
1233
1227
1225
1227
808
730
691
730
134
119
498
475
3545
4822
2769
4822
1561
4822
126
99
2
99
82
99
70
99
45
99
107
99
109
99
0
99
115
99
108
99
129
99
106
99
11
99
72
99
155
99
68
99
56
99
112
99
113
99
66
99
85
99
57
99
43
99
114
99
101
99
67
99
69
99
110
99
117
99
119
99
54
99
48
99
125
99
12
99
46
99
159
99
13
99
73
99
71
99
81
99
74
99
116
99
158
99
14
99
1
99
118
99
156
99
53
99
10
99
105
99
103
99
55
99
102
99
65
99
7
99
9
99
75
99
100
99
8
99
29
99
52
99
111
99
104
99
160
99
3359
1736
37
963
212
216
299
216
1182
1188
1173
1188
1576
3692
1303
1804
4049
2678
1420
1940
3017
1940
2540
2815
3917
3095
2946
4537
4575
4537
1507
4719
2642
4190
2525
2768
4355
2768
3663
3481
1380
2396
253
340
404
340
611
612
1199
4787
858
761
646
761
958
1016
284
392
908
978
993
978
4695
1247
1582
1247
4812
4746
2361
4746
680
728
458
486
536
486
569
486
498
486
1155
2897
279
404
444
404
784
773
661
773
1743
3021
1744
3021
3039
3021
3101
4334
3896
4334
3168
3395
3986
3787
4674
3787
621
622
2845
3981
3192
3759
1505
3759
1894
3581
1817
3581
2988
3828
2286
1673
445
403
935
1074
768
718
4784
4061
1405
4555
1402
4555
1554
1219
1598
1219
3499
3848
1821
3848
2670
3848
3308
3848
2152
4377
2905
4377
1806
4377
4376
4377
1230
1783
2432
1783
2292
1705
2507
4812
2185
4812
3729
3911
1037
1075
959
1075
1016
1075
1038
1075
1150
1156
770
720
395
389
218
389
4261
4063
1488
2714
3715
2714
3557
2714
3559
2714
2723
2714
414
303
4762
4709
3059
4709
3058
4709
2972
3260
3279
3260
4195
3260
3280
2941
4673
3983
32
206
1759
2096
2200
2096
3002
3816
4201
3816
3168
2020
393
387
329
387
790
757
729
757
4091
2733
4437
4441
3381
4441
3130
4441
4287
1481
4760
1481
4811
1481
4769
1481
3720
1481
341
354
376
354
2198
2580
3055
4661
3053
4661
3683
4661
169
181
35
2603
4587
2295
3247
4001
3247
4002
3247
448
542
306
255
289
255
238
255
4759
3002
3882
3002
819
811
764
811
4655
3227
1914
3227
2599
2910
36
666
83
30
3073
3303
3048
3303
3880
3303
4679
2834
326
257
297
257
856
704
4260
2706
4346
4109
178
4648
4622
1541
2155
1916
2155
4050
4037
2262
2261
4836
2753
3732
2753
3745
2182
2787
2182
3758
2182
4835
3940
3167
3736
4576
3804
4858
1692
1524
4443
3411
3188
4114
3188
3410
3188
2774
1095
2529
1095
3553
2499
3551
2499
2506
2499
1280
4663
2977
1911
4199
1911
1492
1911
2737
3705
4561
3783
3226
3783
4671
3783
4673
3783
4500
3783
1569
1848
4653
1848
3246
4612
2426
4612
2861
4483
4313
4119
3743
3156
4869
3156
1681
3156
2585
1260
2926
1260
4612
2167
3151
2735
344
375
292
375
4010
2599
1915
2599
2964
2599
4193
2599
2965
1816
4006
1395
2372
1395
2371
1395
4504
4146
1526
4146
2937
1787
1638
1787
259
353
377
353
3135
2480
2753
2480
3380
2480
821
833
2512
1581
2759
1581
2766
1581
2658
1759
3891
3673
1531
1828
4610
1828
3392
4280
1692
4280
2311
3219
4733
4481
4542
4481
1194
4481
2845
4481
2290
4755
84
674
2255
3266
4125
3960
2125
1435
1613
1435
2327
4346
4431
4346
1155
3231
4805
3493
167
1132
1133
4026
1133
550
451
4929
4923
2818
4923
3895
3879
2190
4016
2190
4016
1104
4080
31
962
3146
2289
2323
2289
1105
3325
4122
3325
4930
3325
4567
1454
2384
1454
1163
1170
1308
2257
3209
3414
3574
3414
4316
3414
4609
2274
3812
3609
2206
1863
1867
1863
4614
1572
1620
1572
2100
1572
4456
4608
2371
4608
3897
4049
2713
3345
3355
3345
599
596
3760
2790
3766
2790
4395
2790
1584
1106
2342
4319
3737
4319
3546
4319
39
960
2690
1477
709
784
809
784
2477
2639
3907
2695
4651
3251
151
54
550
453
4069
3078
2017
1153
3325
1153
1406
2092
3365
3884
4364
3884
136
61
71
2794
3126
3114
3707
3114
1467
3114
1204
2922
4346
4309
2380
3343
1098
1577
1544
2346
1544
2346
1263
1791
4260
3509
3875
4618
3887
4618
3675
4618
1127
1472
1131
1472
4086
3696
4082
3696
1099
4226
1137
4226
1617
2313
2314
2313
2879
2313
1941
2313
1742
2313
4588
2313
3986
2313
4598
2313
4654
2313
4342
2313
4583
2313
2408
2313
3987
2313
4675
2313
1588
2313
4587
2313
3609
2313
2365
2313
2072
2313
4671
2313
4673
2313
2238
2313
4586
2313
1820
2313
1498
2313
1441
2313
2165
2313
2878
2313
1792
2313
2283
2313
1826
2313
3454
1433
3607
1433
3100
3900
1536
3900
1483
3900
3200
4901
3196
4901
2973
2318
2080
2318
4250
2318
3957
1135
2335
2539
1617
2012
1941
2012
2297
1453
2274
1453
4456
4006
4829
3378
4358
3378
2400
3378
4046
4235
896
1006
1059
1006
893
1006
4691
3593
1463
3593
1387
2392
444
367
254
367
1410
2265
3342
1907
195
328
750
683
4773
3042
3519
3042
183
48
2480
4734
2327
2326
4758
1406
3093
1406
2290
1406
4766
1406
4756
1406
450
522
1485
2171
3630
2171
4936
4354
4346
4354
63
125
1213
1554
513
494
4317
1125
1123
1125
2531
2529
1573
3485
2093
1954
3252
1954
4188
2586
2935
1443
2921
1443
666
641
2827
4315
2739
4776
1111
3197
2326
3197
3767
3197
4254
2458
3886
4045
3520
3333
1378
1612
3418
3569
3096
3052
3080
3052
2470
3052
4373
1210
1852
1855
3259
1855
2202
1855
2665
2336
890
891
3672
3661
3500
3661
3931
3353
4772
3353
1267
1278
2459
1278
4239
1278
2050
1278
280
252
2693
3032
3364
3032
3883
3032
3122
3032
4385
3032
1140
1145
2554
2549
3637
4658
3650
2617
4582
1882
3086
2703
3086
2703
3354
3306
4361
1977
4613
1977
4103
4438
657
808
710
808
176
2377
4478
1306
2211
442
438
367
438
4553
1366
2259
1366
4392
3335
3099
3335
3121
3335
3528
3335
1482
3335
3866
1798
4112
4877
3755
4877
3468
3241
1136
1143
4212
1143
3864
1143
4217
1143
3999
1867
4380
1867
2945
1314
1971
1314
550
452
3759
2517
1677
2517
2344
2305
2307
1425
4642
1425
4245
4239
2114
1972
1511
1972
1184
4386
2241
4386
3274
4386
1230
4386
1599
4386
1480
4386
4571
4386
4601
4386
4665
4386
2432
4386
4591
4386
1533
4386
1968
4386
1594
4386
2584
4386
1902
4386
1470
4386
1886
4386
4516
4386
1787
4386
2164
4386
2430
4386
1711
4386
4643
4386
1805
4386
2193
4386
2209
4386
4678
4386
4594
4386
1471
4386
2428
4386
1217
4386
2062
4386
3031
2649
2744
2486
4530
4127
2318
1445
2238
1445
173
12
1444
2273
2073
3585
2281
3585
1539
2629
3497
2629
4045
2629
833
830
636
830
1300
1512
3015
3469
1629
2558
4627
2558
1632
2558
2114
2558
1897
2558
2135
2558
4629
2558
3827
2558
2122
2558
4677
2558
2427
2558
4600
2558
4570
2558
4508
2558
1547
2558
3806
2558
3816
2558
4559
2558
1585
2558
4599
2558
2054
2558
2085
2558
4642
2558
1516
2558
4471
2558
4641
2558
4554
2558
3805
2558
1567
2558
2220
2558
3818
2558
1511
2558
1909
2558
4915
4305
3568
4305
4307
4305
38
868
2469
3657
3049
3657
3319
3657
1400
4327
4455
4327
2806
3764
3939
2725
1557
2725
4696
3689
472
529
4942
4926
2445
1520
3632
1520
1563
1520
248
430
433
430
1897
1981
1567
1981
2788
4105
1225
2666
182
46
3521
4767
2620
4611
3832
4611
2970
4611
2451
2621
3641
2621
1487
2621
3246
2870
677
662
815
662
3120
3360
961
873
2164
2163
2241
4482
3601
4482
2430
4482
1711
4482
2890
1838
1600
1838
2626
4613
1895
4613
3003
4613
4615
4170
1413
4170
1396
4170
4689
4170
1531
4170
2073
4170
4901
2776
4117
2776
4661
3295
3205
3201
548
448
2286
1103
513
511
3140
2745
1731
2745
3932
2745
1491
3674
4071
4797
4082
4797
1750
4759
2342
3718
3042
4623
4253
3060
1215
1222
1223
1222
344
256
235
256
343
256
2365
2844
2072
2844
1586
2296
1648
2296
2724
2296
2846
3775
4096
3713
3197
3762
3573
3762
2016
3762
4255
4247
4060
4247
4749
4247
3333
4662
3035
4662
3334
4662
3182
3746
3568
3746
1674
3746
3948
3746
290
391
397
391
1636
4442
3210
2743
3145
2743
1102
2743
4124
2743
3270
4524
4108
3950
3409
3950
1130
3950
302
191
4379
4850
4303
4850
595
530
3731
3726
4230
1403
2471
1403
3677
1403
4036
1403
3542
3930
2208
2207
2795
2521
4019
4200
4428
4200
3198
4115
2606
4621
107
2824
243
244
3680
3665
1072
1069
885
1069
4445
1620
3242
3237
2804
4904
4907
4904
2817
4904
1490
1871
2597
1871
3696
4062
4797
4062
1252
2061
3516
4258
751
719
689
719
455
561
541
561
2208
1295
2862
1295
4025
3838
2674
2999
3116
4813
3768
4430
296
207
3816
3982
1585
3982
2579
1201
1720
1201
694
616
2762
3103
2184
3103
2183
3103
111
2823
1464
1674
2966
2951
2327
2808
4871
2184
295
205
2585
1657
1817
1657
2881
1657
3235
1657
1253
1657
2048
1657
4359
4715
2516
2502
4854
2179
2980
2931
4682
2931
1391
1764
1388
1764
3892
1689
4035
4214
3862
4214
524
479
585
479
3369
3520
3364
3520
287
410
428
410
2270
1360
1912
1360
4012
4567
2438
4567
339
309
318
309
2755
4811
2982
4650
142
1585
1930
2085
1930
299
215
2622
1726
143
1550
4854
2177
4854
3639
2602
613
694
3951
3403
4442
3403
1640
3403
2689
4705
3040
4705
4236
4705
275
299
4848
4821
2985
2980
2986
2980
721
653
650
653
634
653
3856
1237
2253
1237
1609
1237
4224
1237
2935
3620
2929
3620
3547
4866
2020
4866
27
159
1685
3871
2501
2361
3429
1665
4701
4204
3828
4559
3552
4823
3403
4823
4462
3222
3304
1718
3985
4597
2560
4597
767
729
808
729
624
729
4733
1775
2288
1775
2612
1713
4053
4024
4737
4024
1085
1033
2201
2200
4055
1762
4056
1762
691
626
120
13
2882
1950
1937
1950
3949
1746
3750
1746
348
217
4940
3210
2216
2927
783
782
758
782
3494
3278
4216
3278
4625
1353
4575
1353
4419
1661
2996
2365
3278
2365
3611
2365
4038
3855
2740
2292
3138
2292
2179
2292
734
725
731
725
3100
2240
1536
2240
1483
2240
3479
2240
1500
2240
3702
3882
3066
3882
1799
2074
2580
2074
1710
3145
2018
3145
4291
3145
1228
2888
140
73
1566
1306
1290
1306
1424
2426
962
870
986
872
4385
3125
1749
2089
3656
2089
3863
2089
1376
1485
1914
4545
2075
4545
289
321
237
321
2058
2057
1192
3443
2479
2642
3031
2446
3474
4576
4025
4576
2600
2418
2957
2947
3112
3066
4277
4727
2491
4727
2716
4727
4460
4727
2367
4727
2363
4727
3335
1333
4000
3612
1532
2413
1234
1569
3205
4886
3194
4886
3417
4886
3963
4886
1193
1197
4471
1993
1909
1993
65
2542
2698
2126
4727
2126
3795
2374
820
850
702
850
4221
1585
1641
1585
2960
1585
4703
3445
3383
3512
3353
3512
2988
2065
3682
1469
2703
2919
1223
2919
3086
2919
4745
2919
692
785
656
785
157
1804
2113
4584
2113
135
90
740
715
682
715
4807
4058
4806
4058
4072
4262
1486
3798
1621
3798
4179
3798
2883
3798
1732
3798
2401
3798
2233
3798
1570
3798
2912
3798
4628
3798
2300
3798
2384
3798
2685
2660
1570
2118
3820
2118
139
71
3076
3039
4321
1335
4506
1335
1385
2856
64
2733
3366
4278
3366
3134
3366
1519
1241
1231
1241
1824
3978
4615
3978
3330
3314
3888
3867
1460
3143
2301
3143
4493
2357
2556
2357
3254
2146
1475
2146
4543
2009
3249
2009
404
443
252
443
1211
2389
1494
2389
4945
2389
1128
2389
1266
2389
1493
2389
1673
2389
1210
2389
1127
2389
1108
2389
2811
3425
3576
3425
4469
2614
1499
1830
1620
1830
4643
1349
4678
1349
2992
1974
1883
1974
2386
3045
4753
3045
4063
3045
4774
3045
3926
3045
1797
1605
1522
1605
1291
1605
1798
1605
549
455
1660
4640
4243
3492
966
905
1457
1132
2481
1536
3811
3771
3146
2478
2746
2478
2323
2478
3726
2478
2756
2478
4796
4774
4078
4774
905
991
1064
991
660
781
785
781
642
643
2052
3681
1733
1258
2876
1258
1149
1152
1144
1152
189
32
3945
4098
2337
4098
2795
4098
3842
1875
4604
1875
2617
1875
1406
2093
1668
4302
631
632
1276
3439
2816
3194
3653
2966
4393
2966
3006
2966
2946
3990
1416
1957
2923
1957
1968
1850
2062
1850
4551
1329
1974
1329
4455
2409
4664
2409
3933
1573
4760
1573
3930
1573
4811
1573
4769
1573
2257
1862
2065
1862
4040
1989
4652
1989
4388
3025
3739
3938
75
3190
2624
4183
3229
1432
3607
1432
1517
2312
2042
2312
4655
2312
1733
2312
1790
2312
1721
2312
4695
2312
1801
2312
2875
2312
1189
2312
3236
2312
2242
2312
1527
2312
2068
2312
4656
2312
2239
2312
4612
2312
4545
2312
1989
2312
2908
2312
3234
2312
2924
2312
4574
2312
2876
2312
1779
2312
4547
2312
1874
2312
1975
2312
2945
2312
2949
2312
1582
2312
1971
2312
1540
2312
4342
1965
1826
1965
2672
2908
4787
2908
1703
4384
2034
4384
1704
4384
433
405
2370
2851
4945
1473
3379
3342
3125
3342
3122
3342
810
738
771
738
4688
2923
2067
1286
4418
1286
4252
2026
2210
2109
1803
2109
3541
4832
2916
1317
1875
1317
1583
1864
2205
1864
1130
1505
1676
1505
990
861
598
465
4706
2831
695
740
538
566
452
566
2695
3043
2399
2514
4105
2514
3561
2514
203
323
384
323
331
323
2049
2046
4934
2018
2693
4729
3364
4729
3883
4729
1692
3139
1693
3139
3388
3139
920
925
1077
925
1617
2013
4598
2013
1109
4181
4013
4181
1580
1452
1922
1452
1204
2578
2967
2393
2632
2393
4576
3592
2083
3592
3722
4068
3927
4272
273
226
4897
1636
3416
1636
850
849
2508
4828
4059
3677
124
696
939
1028
874
1028
1017
1028
1595
3003
3064
3003
3674
3003
429
287
247
287
2763
4858
4293
4858
4730
4693
3147
3380
2353
3099
1494
2819
1087
4072
4082
4072
2745
2732
1825
1961
1416
1961
1549
4375
4667
4375
2884
4375
1175
4375
2402
4375
1164
4375
1788
4375
4669
4375
2302
4375
1216
4375
4343
4375
1226
4375
1903
4375
2206
4375
2901
4375
1156
4375
1867
4375
1520
4375
2894
4375
2890
4375
2915
4375
4367
4375
2196
4375
1896
4375
2914
4375
4620
4375
2899
4375
1186
4375
1818
4375
1600
4375
221
222
4271
4268
4941
1596
2620
4599
3832
4599
2970
4599
2505
2756
4358
2756
2285
4691
1629
4557
4627
4557
602
599
1682
3898
4871
2183
2763
2752
4293
2752
185
4564
2320
4858
1693
3657
3654
997
1066
1013
1066
662
814
765
814
166
915
916
3963
3767
623
624
1595
3302
3064
3302
1591
3302
414
285
400
285
3751
4102
3953
4298
4109
3755
897
898
4175
3234
3096
3080
3096
3080
4721
1321
110
2827
3747
3399
613
614
2479
4785
3269
4526
3840
4526
4387
4526
1667
1215
3127
1215
3413
4855
4306
4855
4743
2204
4338
2788
2803
2788
3602
3782
2429
4535
3988
4535
3992
4535
2364
3672
2891
1168
2877
1168
2029
1709
3809
1709
1497
1496
494
477
1528
4569
4644
2847
1622
4757
677
764
3822
1898
2751
4799
26
672
206
296
2483
3693
2599
2248
4025
2081
1069
1021
878
1021
77
81
3702
2216
3524
2216
3066
2216
1750
2216
3340
4249
4591
1654
3247
1654
4574
1654
1655
1654
3046
4702
2686
4702
3331
4702
142
74
596
594
469
594
4329
1767
1386
1767
3666
1302
3494
1302
3062
1302
3665
1302
4336
1302
192
193
609
610
1303
4628
816
829
695
829
682
829
962
986
4593
2159
4670
2159
3113
2187
1210
1677
43
608
3157
2495
3734
2495
1690
2495
1564
2495
1098
1099
3803
4160
4118
4900
3198
4900
3572
4900
3419
4900
2188
1380
2655
1380
3853
1380
4016
1380
4009
1380
136
96
1118
4908
4914
4908
2815
4908
131
116
1801
2228
2068
2228
4619
3596
1618
3596
3062
4216
2678
4216
1383
4329
4401
4093
3182
3168
3183
3168
2515
3168
4440
3168
4123
1672
1653
1672
1101
1672
3136
3709
3141
3709
4090
3709
3666
4672
3665
4672
1301
4672
4335
4672
90
266
3529
3496
2351
3496
2036
3496
2698
4206
3898
4035
4339
4035
2456
2381
4121
4899
4395
4899
4399
4769
2201
2595
4286
2739
4818
2739
873
874
2215
2960
650
651
720
651
145
702
1457
4026
1079
967
947
967
3576
4905
3206
4905
1537
1755
2052
1399
3045
1399
3856
1234
1729
1234
2253
1234
2745
1234
4224
1234
1730
1234
63
2044
3321
2703
3321
2056
3215
1158
3215
4843
4448
1660
4585
2863
4585
2024
4091
4103
4091
1549
1782
1226
1782
4368
3875
16
899
1210
2533
4329
2191
149
158
3279
3258
950
998
2794
1681
3172
3152
3746
3152
4290
3152
551
547
3633
2944
3050
1194
1622
1439
4240
1439
3859
1439
3549
4291
2019
4291
3303
3850
647
855
799
855
4332
4452
3815
4490
4341
3329
4230
2285
4449
2285
3677
2285
4036
2285
3884
4237
2055
2054
3676
3862
4339
3862
1111
3573
3201
3573
2808
3573
4456
2372
1658
4293
3565
4293
1901
3830
1636
2506
2379
2506
1604
4129
3491
2077
2743
4840
4194
4668
1741
4668
2656
4668
4687
3605
2933
3605
3389
3349
2757
3349
2499
3349
3141
3349
4090
3349
3390
3349
2875
1771
2949
1771
2570
2553
2148
2553
1061
1046
889
1046
1058
1046
269
262
301
262
390
262
3854
1492
271
234
3153
3536
2741
3132
2741
3132
3283
2924
3266
2924
3033
2924
4362
2699
2484
2699
4778
2699
380
374
225
374
4044
2635
4737
2635
1444
4574
3036
4632
2955
2072
2465
3864
1135
3864
2710
3864
4742
3505
3508
3317
3343
3317
4767
3317
2425
2354
1521
2354
2197
2354
1652
2354
4609
2354
1545
2354
4593
2354
4666
2354
1802
2354
4415
2354
2297
2354
1939
2354
1510
2354
1316
2354
1556
2354
1519
2354
1231
2354
1911
2354
1791
2354
2207
2354
4526
2354
1811
2354
1442
2354
4670
2354
4501
2354
1575
2354
1479
2354
3055
2606
3907
2606
3053
2606
3683
2606
151
470
586
590
586
144
29
2770
234
373
343
373
4939
2535
4285
1139
3144
1139
1553
1592
2896
1592
2997
3636
2569
3452
2148
3452
2675
2653
1714
1190
2577
1190
2638
2876
2441
2876
918
919
2702
2680
322
355
375
355
1939
1938
233
292
333
292
2805
2269
3425
2269
3337
2633
1175
3432
1186
3432
2648
3473
2981
4698
19
14
178
1
120
21
4613
1342
2393
1342
2664
3286
4384
3286
3489
3286
2378
2377
2681
2198
2663
2198
4237
2198
2282
2198
1740
2198
3414
4307
3823
3457
3284
3626
3838
3626
2081
3626
2920
1417
4899
2525
2802
2525
3052
3489
482
531
570
531
571
531
457
531
495
531
1128
1129
4657
1948
2091
1948
3369
3883
3018
1811
2650
1811
4625
1352
4566
1352
3255
1720
2616
1720
2610
1720
3409
3565
3316
1916
4631
1916
45
605
1281
2293
3057
4631
2692
4631
4249
4631
4758
2466
3890
2466
66
4125
1975
3970
2075
3970
1307
2412
1571
2412
1881
2412
2135
1332
1511
1332
3257
3613
2133
3613
3254
3613
3466
3613
3263
3613
3464
3613
3463
3613
3485
2978
3294
2978
4415
1859
1569
1859
1578
1992
1911
1992
2918
3618
1800
3618
2338
3618
2996
4633
1523
1887
1875
1887
2431
4136
1559
4136
1385
1386
3824
4514
1532
4514
2219
4514
4636
4514
4657
4514
4590
4514
3624
4514
4639
4514
1804
4514
4658
4514
4611
4514
4698
4514
4638
4514
1587
4514
1463
4514
2212
4514
4754
2643
1216
3442
1520
3442
4253
3646
3881
3646
4660
3646
1379
2545
2349
4394
4908
4394
1521
1928
1939
1928
483
509
577
509
2679
1149
1148
1149
1153
1149
4226
1149
3284
3474
1085
926
917
926
4823
3339
4838
3339
3523
3518
4196
4000
2989
4000
1918
4000
140
2648
4451
1515
1358
2552
1358
3355
3513
4872
4292
2772
4292
4099
4088
655
747
393
386
392
386
120
98
4121
1117
3146
2309
2746
2309
3159
2309
989
971
1639
1429
4206
1429
4916
3574
4931
3574
3312
2645
4715
2645
2660
2645
3693
2645
4344
2645
4234
2645
527
510
480
510
135
118
3309
3014
3166
3546
3469
4504
447
543
948
906
108
2543
3363
4047
4272
4047
4268
4047
3934
4364
3944
4364
3386
4364
4548
1449
1489
1449
2879
3589
3606
3589
2651
2625
4938
4317
4289
3142
3714
3526
2975
2934
2277
2934
2976
2934
3563
3557
1266
2810
3131
2721
3920
2721
1748
2721
126
4948
3801
2566
1097
2566
4287
4453
4864
4453
3373
3904
4831
3904
3158
3904
4192
3465
4626
2112
4628
2112
4347
3840
924
1077
976
1077
662
812
4544
1244
4168
1244
3724
3685
4843
3685
4851
2729
1892
1891
97
265
3420
4117
3196
4117
4906
4117
56
3102
67
2822
1163
2894
3478
4671
3242
4671
2002
3800
3810
3800
3803
3800
4771
2658
3894
2658
1590
2658
2476
2658
2697
2658
3664
2120
994
992
997
992
1417
1421
3229
1421
1403
4673
199
338
202
338
385
338
3067
3299
2197
1807
1316
1807
295
366
384
366
1690
4288
1564
4288
4400
4092
2714
4245
4007
3461
2703
1224
3086
1224
4745
1224
2507
2749
494
484
451
523
88
676
3124
4795
3176
2503
4783
4744
3356
4744
2708
4744
94
267
812
806
2073
2420
4324
2420
2788
3561
3428
4922
1129
4922
1910
3779
1989
3779
3719
4336
3707
4336
1495
4701
3319
4701
2626
4589
1895
4589
2630
4589
628
807
811
807
276
295
58
958
1100
3402
3185
3402
3565
3402
2203
2603
2204
2603
3467
2603
2631
2603
3640
2603
2064
2603
767
815
818
815
819
815
623
815
3700
2717
754
706
138
92
2240
2238
3889
2686
3573
4107
4773
4765
2498
4857
4882
4857
4763
2890
2948
2890
3995
2890
1175
1176
2894
1176
92
948
814
664
230
297
3910
4039
4813
4039
2721
4039
1388
1763
177
156
2704
3669
1584
3208
2941
1712
2953
1712
4191
1712
3462
3784
608
609
965
915
3056
3280
4777
3280
3482
3280
59
979
251
440
441
440
2539
1121
4315
1121
1679
1121
2248
3223
3604
3223
2859
4703
2442
4703
2429
4325
860
990
2197
1299
1802
1299
4552
3807
4733
3807
1543
3807
2194
3807
2288
3807
1615
3807
2315
3807
4567
3807
2293
3807
4504
3807
1589
3807
1526
3807
2385
3807
1574
3807
3820
3807
3658
2995
2669
2995
3025
2995
3959
3421
3424
3421
1108
3421
4459
2560
4702
2560
4907
1461
3962
1461
1647
2837
2570
2837
2148
2837
4179
3224
2883
3224
4872
4101
4889
4101
2444
4595
3525
3891
4073
3891
3528
3891
3964
2175
4926
2175
4302
2175
43
1685
2952
3244
3569
4379
2527
4379
4947
1102
289
301
239
301
2023
4103
4300
4103
134
49
657
762
811
762
696
692
1372
4707
3914
4707
2480
4707
184
53
1882
2281
1883
2281
4203
2281
2300
2162
3813
2162
1280
1800
2952
4178
4881
3176
4106
3176
4086
4071
4288
2742
3292
4565
3289
4565
3290
4565
361
311
323
311
2806
3763
3424
3763
109
1669
876
877
2867
1784
2887
1784
3385
3712
3135
3712
2753
3712
2181
4907
2579
1208
2578
1208
4595
4539
4374
4539
2643
4717
1700
4717
3718
3121
3546
3121
4420
2801
1267
1280
2637
1280
3105
1223
1667
1223
802
735
685
735
4952
4942
3629
1779
2276
1779
3007
1779
422
286
244
286
4687
2164
2933
2164
946
909
2021
1561
2912
1996
3245
1996
960
985
1754
2460
722
765
694
765
611
765
1898
4144
3742
4789
123
964
174
10
478
583
473
583
177
1398
1402
394
388
4779
4073
4762
4692
3059
4692
248
426
405
426
3723
2036
3660
4014
3850
4014
3659
4014
4634
1613
1593
1613
3276
1613
3902
3332
772
739
4397
3053
2370
2369
3792
2369
87
282
4804
3859
3110
3859
1579
3859
3510
3887
579
559
568
559
1624
4344
4345
4344
4279
4833
1424
1618
3495
3006
3140
4273
1731
4273
3932
4273
2756
4410
2125
1646
2882
1646
4553
1646
1937
1646
2916
1646
2573
1646
2898
1646
1523
1646
2889
1646
1727
1646
1866
1646
1541
1646
2123
1646
1855
1646
2061
1646
2888
1646
4640
1646
1875
1646
4668
1646
1916
1646
1224
1646
1613
1646
1604
1646
2067
1646
1616
1646
4418
1646
2895
1646
2084
1646
4491
1646
1630
1646
2259
1646
272
227
4351
2277
3396
3386
1422
1442
668
636
917
1022
1033
1022
2324
4688
3481
4688
4219
4688
3956
1474
4111
1474
3755
1474
2512
3149
3165
3149
2510
3149
4827
3928
3907
2702
3924
4271
3710
4271
4092
4271
219
225
223
225
4235
1626
4946
1457
4013
4182
137
47
3637
3811
1438
1489
4822
2254
2706
2254
2326
3417
2808
3417
4582
1883
2928
4470
1656
4470
3997
4470
2086
2085
2781
3948
2755
3129
4760
3129
3922
3916
4828
3916
598
459
4085
1565
152
105
471
545
4075
3352
4098
3720
4739
3058
3503
3033
2684
3033
2596
2841
2773
4831
1664
1589
1133
3449
1974
1973
1881
1973
3757
4303
2479
3086
4047
4725
3153
1557
4166
1142
1133
1142
2956
1526
2066
4547
1502
4547
3989
4547
168
261
319
197
319
388
319
1278
2915
2401
1840
2385
1840
601
469
2260
1904
2077
1904
4612
1465
2843
1465
2254
4224
1742
2069
1588
2069
3081
3035
1478
1518
1461
1518
4323
1339
2281
1339
455
560
541
560
208
330
2345
1513
597
548
1549
2868
3823
2868
4667
2868
2884
2868
1175
2868
2402
2868
2152
2868
1788
2868
4669
2868
2302
2868
1216
2868
4343
2868
1226
2868
2905
2868
1903
2868
2206
2868
2901
2868
1156
2868
2910
2868
1867
2868
1520
2868
2894
2868
2890
2868
2915
2868
4367
2868
2196
2868
1896
2868
2914
2868
4620
2868
2899
2868
1186
2868
1818
2868
1600
2868
3117
3358
3119
3358
3485
4004
1919
2005
3992
2005
3535
3117
73
2797
2127
2272
179
4792
4356
3701
4356
4357
4356
1227
2385
3768
3429
876
1020
1016
1020
1069
1020
2628
1574
525
496
573
496
2314
4500
4654
4500
2490
4736
1658
4301
665
681
759
681
2285
1546
4885
4874
8
4420
1264
3459
2065
3459
3900
3024
3652
2568
3841
2568
3476
2568
2669
3301
3025
3301
3051
3301
2463
3487
537
563
453
563
1822
1419
2088
1419
2998
1419
4033
1419
4330
1419
2087
1419
3191
4304
3411
4304
2793
4304
4372
1127
608
748
1165
4450
2420
4450
2804
3195
3190
1088
2092
4001
983
970
914
970
4779
3528
4051
2263
3876
2263
2051
2263
4781
2263
1631
2263
4389
2263
3735
2751
4861
2751
4837
2751
398
406
241
406
303
406
1177
4492
2844
4492
3223
4492
3842
1874
3264
1874
2617
1874
465
466
698
750
271
333
907
972
967
972
2905
1857
2890
1857
4859
4842
3397
4842
1523
1889
1616
1889
4741
1483
2978
4003
3413
3548
3555
3548
440
431
432
431
2496
2731
4342
1962
1498
1962
3313
1975
1469
1975
3014
1975
2487
4397
4075
4397
3518
4397
1673
4927
755
772
1729
3516
2732
3516
1730
3516
3625
1604
2602
1604
2947
1604
474
499
4251
4359
2473
4359
3704
4359
333
236
3690
3044
4583
1356
2408
1356
3283
2615
3093
4739
4766
4739
4756
4739
1521
4517
2197
4517
1652
4517
1545
4517
1578
4517
4593
4517
1802
4517
4415
4517
2297
4517
1510
4517
1556
4517
1519
4517
1231
4517
1911
4517
2922
4517
1791
4517
2207
4517
4526
4517
1811
4517
4670
4517
1655
4517
1598
4517
1575
4517
2627
4517
4653
4517
1479
4517
1143
1147
1387
1388
1758
3971
1463
3971
2477
3337
4768
3648
2260
4630
2076
4630
2261
4630
1306
1583
1925
1926
2083
1926
4276
1730
918
1007
1086
1007
4662
2976
1187
4158
2826
1119
706
633
1978
4507
4161
4507
2121
1427
1485
1427
4951
2515
3821
2307
1234
1504
2256
1865
1589
1865
1919
3616
4324
3616
141
41
4845
3671
186
34
240
390
306
390
702
642
1903
3587
1896
3587
1125
4314
148
103
4705
1918
4548
1447
2273
1447
2331
3781
4065
2468
3514
2468
4053
4044
2950
4367
1897
1913
4599
1913
19
26
788
775
730
775
3562
3559
4161
3973
549
456
2618
2196
3819
1964
2220
1964
3281
3628
1516
1946
3818
1946
3384
1750
4444
1750
3095
1750
4832
1750
3909
1750
897
1039
954
1039
4628
1322
1526
1322
2536
3206
2815
3206
3935
2727
3536
2727
1557
2727
4311
4114
581
580
2263
3655
200
294
615
795
802
795
804
795
96
944
4343
1861
2899
1861
4362
2236
2484
2236
2289
2236
3350
2688
1172
1178
3056
1178
4777
1178
3482
1178
4274
4700
4454
4700
3705
4700
3078
3682
3689
3682
3507
3682
3057
3253
2692
3253
1372
3253
4249
3253
1140
1151
3233
1151
4468
4536
2275
4536
1866
1310
4640
1310
1171
2430
2284
3297
2299
3772
2221
3772
2258
1809
2580
1809
1146
3233
4051
3491
3543
3491
3876
3491
4266
3491
1631
3491
3911
3491
3965
1131
3577
1131
144
124
1018
897
952
897
131
3529
4786
2351
4786
2036
4786
325
341
293
341
2318
4525
3491
2450
4774
4747
3744
2747
3516
3070
2244
4162
20
954
458
487
536
487
578
487
475
487
2333
3777
3788
3777
2993
2130
4638
2130
2898
3591
2084
3591
3844
4670
1746
4838
851
848
798
848
1450
1451
3454
1451
2897
2832
2906
2832
16
232
96
264
688
792
718
792
652
792
3250
2173
1597
2173
4800
2719
4377
2852
4375
2852
1664
2205
3457
4376
2585
1793
2048
1793
4030
2656
2784
4104
188
55
581
579
1692
3341
1693
3341
3388
3341
3751
4876
1207
1214
3109
1214
3087
1214
4441
1214
2919
2860
627
661
762
661
809
661
4825
3370
3925
3370
2210
3235
3808
3235
2060
3235
2149
3235
1894
3235
1515
3235
2124
3235
2268
3235
1803
3235
1597
3235
1551
3235
2582
3235
1414
3235
3247
3235
2265
3235
2211
3235
1512
3235
3613
3235
3811
3235
4630
3235
2226
3235
1475
3235
1555
3235
2291
3235
3670
3667
172
1621
2150
1543
2150
932
935
1076
935
3764
3754
2279
4488
4689
1431
2935
1431
2312
2311
1481
1491
1706
1233
3105
1233
2033
1233
1705
1233
2738
3131
1713
1772
1720
1772
4663
1297
2205
1297
1092
4887
2528
4887
4109
4887
4182
3809
3826
3809
967
968
948
968
2440
4586
4065
4339
1090
4339
4859
2494
3161
2494
4862
2494
1222
2590
2587
2839
2906
2839
2123
1998
4564
1998
960
1017
4092
4070
3024
4025
3500
4025
2364
4025
200
298
795
703
794
703
910
973
1080
973
2032
1206
1724
1206
3256
1206
2954
2340
4427
2340
2653
2340
4059
4036
3688
3861
3873
2371
3645
1655
3814
1655
3654
4205
1228
1253
3186
3178
57
1682
3163
3151
3733
3151
3730
3151
2777
2192
635
810
721
810
4622
3310
480
519
587
519
3266
2903
3033
2903
2615
2903
2492
4704
3527
4704
3526
4704
3034
4215
4573
3793
82
4100
2918
3988
3274
1341
2428
1341
1578
1370
4670
1370
1632
3214
1379
3214
268
308
1702
1667
2178
1667
3130
1667
4863
1667
2729
1667
594
520
1481
4714
2203
1235
4743
1235
2631
1235
2064
1235
2889
3431
1855
3431
2350
1754
3351
1754
4382
2490
1470
1777
1217
1777
1133
2594
3791
4147
3449
4147
911
929
1081
929
830
828
832
828
1430
4638
2122
3451
4641
3451
1491
1591
1594
2071
2209
2071
130
122
64
102
46
673
1070
1059
3335
4347
3906
3857
3115
2367
1183
2634
2468
4017
2028
4017
3848
4642
4007
2925
3349
3889
305
411
406
411
3717
1548
2489
1548
4842
1548
2494
1548
3018
3483
2932
3604
2828
4423
1486
2279
1621
2279
4179
2279
4733
2279
1543
2279
4542
2279
2883
2279
1732
2279
2194
2279
2288
2279
2256
2279
4626
2279
2401
2279
1615
2279
1619
2279
2232
2279
1570
2279
2912
2279
4567
2279
4628
2279
1194
2279
2293
2279
4717
2279
1589
2279
1526
2279
2385
2279
1574
2279
1504
2279
2300
2279
3015
2279
2384
2279
3820
2279
4172
2279
2316
2279
1407
1516
4159
4503
2212
4503
4247
2670
3747
3147
2773
3147
3248
2866
4273
3356
7
4421
3952
4300
4353
4300
2655
2055
4021
2055
4016
2055
1762
2055
2189
2055
1302
1459
2051
2284
4781
2284
3698
2284
3423
3419
2328
3419
3361
1487
3994
4501
1578
4501
2922
4501
1554
4501
1569
4501
1598
4501
4653
4501
1702
3127
4845
3127
2742
3127
4851
3127
1691
3127
3897
1301
3918
1301
3094
1301
3090
1301
4000
3992
13
2780
256
356
373
356
1699
1195
3079
1195
2707
1195
2475
1195
4417
1195
1689
1195
454
540
840
835
836
835
1099
3874
3661
2082
4730
3088
1301
2945
580
513
3020
1528
4048
1528
4623
1528
3891
1528
2348
1528
4382
3918
2848
4473
2847
4473
4495
3447
1657
3447
3313
1587
3014
1587
131
88
4777
3056
4777
3056
2386
3913
3926
3913
1346
1559
2887
1781
1726
1781
3253
2300
3046
4411
2686
4411
3331
4411
4944
1628
1680
1628
4107
1628
4254
4227
2903
4544
3954
3750
3188
3750
456
539
3068
3322
1277
2067
4702
2943
1126
3946
4929
3946
4927
3946
4526
1337
1811
1337
4707
3008
3985
3583
3605
3583
821
832
636
832
4875
4867
3394
4867
4852
4830
4445
2382
3163
1648
3941
1648
3531
1648
3895
4007
3879
4007
3487
4007
3392
3388
4849
3730
3320
3023
2913
4139
2909
4139
3717
3926
2489
3926
117
2534
2646
4471
2984
4471
4005
4471
2809
2799
3766
2799
2535
2799
3535
3119
4017
2038
4930
3427
1106
3427
4928
3427
752
684
2743
1671
2325
4413
4031
4413
223
224
3712
4270
3819
2355
1379
2355
2558
2355
4347
1616
4387
1616
4708
3865
3355
3504
3426
2016
158
2544
4023
3475
3303
3475
4926
4925
1674
4925
2819
4925
4316
4925
392
385
329
385
766
737
618
737
806
737
786
774
789
774
2989
2933
1918
2933
3664
2933
2674
2576
2666
2576
2930
1347
1652
1347
3286
1638
599
595
3544
4412
3346
4777
2712
4777
1687
4777
1750
1422
1423
1422
35
862
263
429
433
429
4579
3462
1079
993
2049
2048
1152
2906
1725
4180
3957
2710
4307
2710
1791
1288
2207
1288
33
860
1920
4472
2375
4472
4065
2028
4264
2028
3029
2063
1100
3564
3965
3564
1129
3564
4585
3437
4409
1892
4623
1892
3143
3936
1530
3936
2797
2524
2768
3740
3473
2953
3819
1959
1516
1959
4665
1987
1991
1987
3603
1203
1193
1203
1496
1203
137
3715
3101
114
2821
2961
2407
1587
1327
2212
1327
2441
3993
4205
3993
4422
3993
251
432
439
432
592
532
451
532
523
532
3472
3464
3362
3905
1162
1711
113
1122
2760
3160
881
1044
1062
1044
3271
2935
4200
2935
2126
4641
2892
1256
2583
1256
221
377
257
377
1521
4135
3994
4135
4360
4387
2078
1820
3847
1820
1611
1820
2651
2968
3293
2624
2235
2624
1988
2624
1610
4928
2651
4643
3268
4643
1060
1045
981
1045
3407
3401
3414
3401
1752
1538
1751
1538
2460
1538
3313
3015
3309
3015
1469
3015
1588
2107
1792
2107
4801
2476
3366
2476
2239
4126
4396
1319
2458
1319
4227
1319
3423
3575
4714
2644
3088
2644
3310
3991
4472
4502
1221
4502
2398
2363
2751
3137
2457
3873
3421
3562
3765
3562
2638
4422
1385
4326
4572
3270
3295
3270
3484
3270
3637
1498
2911
3441
1723
3441
94
947
3089
1225
4447
1225
3109
1225
3087
1225
3080
1225
4123
4921
1596
4921
2485
3679
3692
3679
4736
3679
2270
4498
4577
4498
4709
4209
2624
1991
1123
2817
1706
3097
2033
3097
3377
3097
4824
3097
1705
3097
4646
2411
3839
2411
2368
2411
3823
1331
2302
1331
945
1080
1081
1080
1162
1166
2611
4418
3703
4766
162
951
894
3019
4029
1652
1351
4666
1351
2993
1663
1758
1663
1282
1663
2090
1663
1618
1663
2091
1663
4584
1663
4372
2786
3871
1110
4572
4554
3295
4554
3484
4554
130
86
1237
2895
4336
4335
30
957
620
621
1826
3769
3082
3684
3095
3684
3893
3684
2628
1245
2567
1245
4605
1812
3647
1812
3483
1812
1073
936
886
936
139
168
65
4434
2350
3149
2350
4089
4796
4084
4796
2492
2722
1399
3785
2
2829
1281
4468
3190
3397
1804
2111
1459
2111
2485
3700
2728
3700
4736
3700
3741
2758
3736
2758
2696
4246
4748
4246
4795
3896
2723
3896
33
190
52
611
2517
4903
2786
4903
2628
1243
4846
3141
576
584
578
584
399
284
285
284
209
365
382
365
804
794
614
794
1701
1598
3275
1598
2619
1598
3167
1707
3815
2330
1107
4408
2796
4408
4052
1410
3835
1410
1406
1410
3846
1410
600
597
4528
2849
4348
2849
4349
2849
472
474
2668
4219
1348
4690
2464
3663
3504
3663
3041
3663
3119
3351
28
689
783
656
783
686
783
4819
3110
2690
4754
180
1245
2842
3466
4529
4565
4529
172
7
920
1023
1034
1023
862
863
2718
2701
2339
2701
4345
2701
2152
2174
4620
2174
4636
2140
4690
2140
2572
1769
1384
1769
1237
3812
4550
3245
52
1684
4600
2157
4471
2157
1599
1270
4601
1270
4197
1441
1641
1441
2960
1441
1135
3498
4231
3998
4846
4090
4429
4941
2335
1679
605
745
748
745
4553
3225
3984
3225
2190
2189
3889
3331
958
878
1686
1097
427
425
2791
4885
1677
4885
2533
4885
2786
4885
3830
4566
3465
4566
4297
3166
4296
3166
3180
3166
3045
2994
2478
2271
3330
2440
3038
2440
2119
2440
3690
2440
4229
2440
670
693
3725
3707
3996
2226
2604
2226
1486
3598
2384
3598
3571
3410
2541
3410
2328
3410
968
1064
738
654
633
654
652
654
4744
2990
4791
2737
2361
2737
4282
2737
4540
4163
2434
2165
3998
2165
1500
2165
4649
2218
1405
4596
2299
4596
994
1065
3260
4161
4719
2213
2598
1785
2590
1785
2791
4888
2526
4888
3759
4888
1394
1397
606
607
1348
1896
1701
1700
2940
3243
4578
3243
4423
3968
537
564
453
564
183
1134
1141
1395
2246
1402
2246
2720
4735
4382
2282
2356
4868
4355
4868
2523
4868
1543
2161
2300
2161
4890
4355
1126
1564
1673
1564
2192
1564
4770
1437
4240
1437
4022
1437
4727
1437
481
495
2325
3288
4246
1740
4705
2878
2120
2878
2685
4234
1182
3892
1434
2084
3033
2255
171
9
1937
1936
3074
3327
3338
3327
3691
3327
277
329
331
329
3962
3203
4429
1101
2233
3972
3015
3972
2607
1475
3372
2079
2505
2400
4803
3347
2334
3347
3368
3347
3855
3638
291
320
387
320
4223
2623
2542
3422
4333
4726
1734
4726
2714
4726
2625
4577
2968
4577
3268
4577
1265
2608
4726
2608
1515
1983
4630
1983
435
409
434
409
2476
2697
2476
2697
1125
1462
4905
1462
3195
1462
2817
1462
2931
4491
4259
3319
2183
4843
2778
4843
3156
3538
2092
4002
3265
1401
602
601
1510
2004
1556
2004
1246
1575
3837
2384
753
749
2511
4290
649
834
837
834
3749
4865
1474
4865
4478
1562
1480
1873
1805
1873
4435
1137
1135
1137
140
50
2360
2508
1694
2508
283
237
4727
3034
2525
2523
645
646
1082
1081
944
1081
3384
3711
4444
3711
4832
3711
415
412
413
412
4951
1464
2388
1905
3537
3122
2403
2914
4394
2802
1117
2802
4395
2802
2222
2267
1825
2267
1159
1160
3107
1160
2482
1160
1139
1160
234
235
2495
2741
3797
4493
4666
4493
1939
4493
4169
4493
1316
4493
1554
4493
1569
4493
1442
4493
4517
4493
4849
4841
2032
3256
2032
3256
1640
2379
4622
3820
3302
3820
4021
2100
3651
2100
1761
2100
2821
2527
1122
3962
887
1047
891
1047
1058
1047
2354
2556
1414
1415
2265
1415
1924
2404
3241
2404
4573
3455
2613
3455
2127
3455
4506
3455
2923
3455
4595
3455
2932
3455
1490
1324
4490
1324
1567
1984
1909
1984
4091
4278
4815
2488
4821
2488
3740
2488
4366
4365
2025
4082
4091
4082
4809
3482
1544
3567
2346
3567
676
644
2924
3434
2876
3434
1116
3199
823
847
852
847
1480
1885
4594
1885
1434
2083
213
408
381
408
3098
3691
980
999
940
999
2938
4505
2564
4505
1816
4505
2418
4505
4003
4505
1659
4505
1813
4505
2643
2619
2040
2547
4321
1344
4320
1344
2149
1368
4630
1368
4666
1979
1911
1979
1552
1796
2046
1796
2518
3180
2135
4515
4554
4515
2984
2942
4005
2942
4088
3134
3111
3323
3123
3323
143
75
2349
4395
1649
4864
2504
4864
4102
4864
4716
3308
641
846
850
846
3700
3912
4624
2104
2396
2104
1806
1869
2914
1869
1398
2338
3307
2647
2794
2519
3155
4856
3145
4856
3144
4856
4426
1276
1614
1276
2675
1276
887
892
890
892
2823
1115
953
890
138
3762
3555
44
755
2122
2000
2601
2000
530
581
2472
2456
3674
2456
1591
2456
4940
4124
4541
2627
2991
2627
3298
2627
4766
3022
4775
3022
120
2649
4579
2446
4579
4632
4579
4213
3467
179
100
2321
2383
1568
2383
1867
3582
2914
3582
1172
2588
3327
3659
1382
2040
3833
2040
805
759
684
759
159
4952
4874
4853
4903
4853
3278
4324
4633
4324
3517
3687
4232
3010
746
656
747
656
1651
1650
3496
4764
4101
3390
246
247
1231
1232
1554
1232
3177
3728
4852
3728
59
445
446
445
2992
4203
901
1052
992
1052
4667
1773
2884
1773
132
145
4655
2551
1989
2551
4603
4556
3224
4556
1901
1630
265
245
3916
3094
1116
2814
1150
2902
53
1683
3829
1805
3021
1805
1228
1252
1609
1252
1908
4620
4699
4620
1633
4620
4402
3748
4019
4201
4428
4201
143
15
118
2531
1193
2193
2779
4884
4887
4884
1748
3920
3572
3571
3721
3716
3544
3716
1509
4851
3152
4851
526
568
485
568
56
623
4699
2298
4020
4173
2639
2631
3839
4610
2368
4610
3631
4610
580
485
3731
4794
2044
4745
3918
3090
3918
3090
1643
1530
988
977
911
977
328
339
193
339
388
339
3816
4527
2725
2715
53
613
1456
1836
2200
1836
3105
1704
3688
4244
2355
3792
2782
2778
3181
2778
1484
3471
3960
3958
538
565
452
565
2216
2668
863
864
2608
2209
1037
885
1039
1038
890
1038
513
476
2682
2651
3501
2651
3043
2651
3990
4171
2501
4282
4820
4078
4494
3239
4514
3239
4468
3239
1059
1050
894
1050
4892
3394
3398
3394
4294
3394
3746
1550
4302
1550
3550
1550
2779
1094
969
1067
1015
1067
3703
4756
4222
3630
2662
3630
4215
3630
1408
2091
1697
2997
4089
4820
2500
4820
4438
4820
2962
3252
4651
3252
1460
1748
2301
1748
2601
3805
3065
3683
572
533
551
533
4713
1716
2593
1716
213
214
1917
2154
4546
2154
1508
1920
2447
1920
2647
1920
1387
1571
4447
2470
2879
4145
1820
4145
2078
4192
3847
4192
1611
4192
1442
2835
1823
4651
2449
4651
3285
4651
471
588
582
588
522
588
450
588
229
376
324
376
226
376
1348
4678
104
4950
4029
1659
1139
1687
3530
1687
3172
2177
2175
2177
2437
4653
1601
1390
2392
1390
4405
4564
2652
4564
2082
4564
4368
3650
3887
3650
1666
4217
4916
4217
1758
3773
2382
3773
1171
3232
2666
1728
15
272
672
691
3513
3041
530
585
474
585
474
585
2891
2833
2902
2833
176
8
2238
2172
2165
2172
441
439
4944
4431
1112
4431
1111
4431
2534
4431
3318
4458
3490
4458
3488
4458
1694
2391
1941
2011
1441
2011
1662
4207
455
541
4926
3550
2457
1394
2658
1394
27
1466
1239
2590
1239
952
893
2493
4810
4860
4810
1012
1009
990
1009
3026
4027
55
1090
4856
3530
3723
2734
3204
2806
1676
2806
1677
2806
2387
2806
4414
4594
3999
4594
3627
4594
1068
1031
873
1031
1017
1031
1422
2921
1646
2570
3830
2853
4192
2853
1198
1471
4692
3836
878
879
4647
1792
2990
1792
1661
4433
3754
4433
203
204
3709
3704
429
428
246
428
4288
1691
2263
2262
2538
2181
4398
3885
3511
3885
1789
2929
2934
2148
715
827
829
827
3894
2694
753
682
3430
4902
4284
4902
1101
4902
2236
4236
4571
2116
2428
2116
4543
3796
2281
3796
4577
3796
4610
3796
2988
2275
3698
4389
3515
3344
3693
3344
3967
4924
2539
4924
1123
4924
2586
2858
3807
2858
3813
2858
3378
3368
4710
4005
2088
2087
2088
2087
261
318
194
318
328
318
1120
3415
3425
3415
3202
3415
3028
3001
2680
3001
4725
3001
280
441
404
441
4857
1455
4857
1455
4258
3324
4047
4225
3686
2059
1586
1482
2421
4462
2563
4462
1497
2949
3304
2949
1639
2128
4184
2128
4187
2128
4598
1963
1498
1963
2475
1199
3694
1199
2742
1199
3671
1199
1691
1199
3918
4724
3094
4724
3090
4724
2443
1567
2969
1567
3831
1567
3642
1434
3870
1434
4037
1434
3861
1434
3684
1434
4244
1434
544
521
1237
1555
4636
2416
1990
2416
2995
4682
4263
3068
4356
3068
3356
3068
3725
1467
870
871
4834
4779
4830
4779
4283
4779
144
29
39
276
2265
2264
2609
2917
1991
2917
1372
2448
3503
1582
1476
1582
2059
1582
1699
2690
2475
2690
4417
2690
3132
2690
1565
2690
2741
2690
1179
1180
2877
1180
2966
2886
2873
1323
1812
1323
4212
1134
1132
1134
4026
1134
4217
1134
736
826
653
826
3354
3037
2809
4906
4908
4906
3199
4906
1566
1308
1291
1308
2606
2428
3850
4015
3327
4015
170
2977
1912
4199
1912
1492
1912
2405
2359
3512
3869
3008
3276
4015
4188
184
4916
2387
1645
2387
3427
2387
4925
2387
4921
2387
4920
2387
2287
2387
2309
4345
3135
3115
3380
3115
4338
2795
2803
2795
2243
2007
3804
2007
4844
1607
1581
1607
3762
4306
4685
3047
3578
3202
3967
3202
4314
3202
3206
3202
1487
1698
23
275
870
1004
1067
1004
1136
1144
1148
1144
4226
1144
3864
1144
662
813
3917
3893
182
382
364
296
364
330
364
3210
4919
1473
4919
3878
3479
3375
3479
2066
2283
1502
2283
3989
2283
3885
4229
463
464
1606
2220
1852
1854
3259
1854
2202
1854
3301
4681
982
1051
1066
1051
4120
3408
4017
4009
4177
1982
4176
1982
1905
1982
62
6
4
6
5
6
4846
4385
3390
4385
2663
2988
3860
2988
4228
2988
4467
2988
4237
2988
1740
2988
2994
1463
4034
1463
3083
4648
4693
4648
3088
4648
2820
3423
2276
2622
3007
2622
4785
2622
2682
4683
3501
4683
3043
4683
1886
4137
1805
4137
131
123
2256
1877
4626
1877
2474
3027
4740
3027
3669
3027
751
686
1439
2438
3499
1376
2670
1376
4716
1376
1061
1005
892
1005
40
277
4661
3484
2335
1124
1118
1124
3966
1124
4938
1124
1116
1124
4125
1124
1115
1124
4939
1124
1413
1955
4689
1955
3608
3600
3993
1967
21
952
4394
2522
2799
2522
2258
4349
1799
4349
1899
4349
1853
4349
4549
4349
4569
4349
1720
4349
4589
4349
2576
4349
1812
4349
2738
3909
3920
3909
2672
1563
2302
1872
1806
1872
3865
4019
938
940
1015
940
2892
1268
2047
1268
1542
1444
3092
1444
3098
1444
3338
1444
3900
3500
1894
3584
3263
3584
670
631
772
631
3321
4463
1424
2939
3497
2956
3886
2956
3060
2956
3881
2956
4934
4920
3968
3579
2481
1424
3878
1424
3375
1424
1483
1424
4270
1424
382
363
210
363
389
363
1184
2304
2241
2304
1230
2304
1599
2304
1480
2304
2058
2304
4571
2304
4601
2304
4665
2304
2589
2304
2432
2304
1533
2304
1594
2304
2584
2304
1902
2304
1470
2304
1886
2304
1787
2304
2164
2304
2430
2304
1711
2304
4643
2304
1805
2304
2193
2304
2209
2304
4678
2304
4594
2304
1471
2304
2917
2304
2428
2304
1967
2304
1217
2304
2062
2304
1706
4260
4280
4260
2019
3761
3335
4046
2734
4775
1607
4775
3684
4461
4694
3019
2458
3019
2896
2138
3990
2138
3695
1507
3508
1507
3343
1507
4767
1507
4547
1315
2945
1315
4423
4316
3520
3334
3532
3123
3187
3123
3196
2803
3960
2803
1115
2803
1722
1221
963
942
4708
4428
657
809
2186
3108
2749
3108
2185
3108
668
831
821
831
91
950
550
454
1721
1229
1527
1229
4842
2744
2494
2744
3347
4060
3652
1881
3841
1881
3476
1881
395
383
288
383
690
717
750
717
3510
3675
4550
3813
3573
4116
1408
3818
1499
2098
2100
2098
3022
3846
4941
4432
2002
2843
2199
3294
2421
3980
3601
3980
1499
4534
1514
4534
2410
4534
1307
4534
4614
4534
1925
4534
4637
4534
1391
4534
1917
4534
1612
4534
1620
4534
2393
4534
1904
4534
2100
4534
1571
4534
4546
4534
1152
1158
3074
3662
3338
3662
2463
3031
3879
3031
1109
3826
3539
4784
3540
4784
1037
886
3605
4149
2128
4149
4869
2510
2519
2510
4729
1611
4061
3051
3339
3051
2488
2724
2442
1249
4312
3765
2813
3765
2806
3765
1108
3765
3393
3540
1627
2899
3654
2899
4422
2899
4751
3664
3332
3664
3511
3664
4451
4191
1085
1084
964
1084
112
2825
3081
4652
3333
4652
3334
4652
2857
3789
1882
1511
1883
1511
4203
1511
645
857
858
857
2621
2610
3418
3757
3417
3757
2527
3757
2502
4337
584
567
546
567
2785
2766
2329
2398
3938
2398
187
52
4190
1217
4207
1217
1662
1217
913
974
1082
974
4743
3640
183
33
1739
1738
4728
3242
260
357
408
357
866
867
3626
2880
803
663
622
663
806
663
1178
1186
161
111
4886
4106
4259
2676
2469
2676
3049
2676
153
104
392
384
714
727
673
727
4404
4374
3287
4374
4650
4374
2907
1971
462
512
461
512
492
512
513
512
3336
4193
4721
2212
2279
2845
4587
3774
1792
3774
4631
3290
4694
4584
2458
4584
4227
4584
1603
1826
3619
1826
136
4186
3611
3244
1540
3475
3249
1384
1765
2856
1765
2765
4283
133
89
4043
2641
1333
1813
1464
1675
3681
4034
2186
2185
2186
2185
1608
3229
4167
3229
1164
4480
4669
4480
4377
4480
1156
4480
4375
4480
2852
4480
4697
3881
4430
4281
2979
1818
2925
1818
345
300
191
300
3486
2970
651
652
771
652
61
701
3245
4172
2194
1294
2293
1294
2032
4706
1724
4706
3275
4706
4165
4706
3256
4706
2619
4706
997
1076
899
1076
998
1076
1575
1846
4653
1846
4634
2291
1593
2291
4855
3158
1199
1662
499
546
2765
2497
338
310
320
310
540
562
454
562
22
953
1549
1242
1600
1242
3951
3738
4442
3738
4904
3186
1462
3186
279
254
806
791
621
791
865
1014
1725
1774
2578
1774
1300
2597
379
407
269
407
3808
2169
2291
2169
4697
4660
4356
2708
4923
4440
2287
4440
4067
1290
3069
1290
1635
1290
4363
1290
1737
1290
1634
1290
3560
2030
2367
4716
3108
4716
741
758
719
758
3124
2723
3902
3511
678
859
4732
1664
2663
1664
3860
1664
2656
1664
2518
4852
4296
4852
3054
1789
2045
1789
4452
1789
3687
1789
1650
1789
4230
1757
307
343
301
343
3323
2050
804
760
612
760
616
760
2542
2541
89
943
3904
4749
527
587
480
587
2983
4202
25
671
264
246
593
489
540
489
454
489
1535
1640
4900
1640
2596
3217
2587
3217
1147
3217
1017
1015
961
1015
4883
4848
4870
4848
3748
4848
2439
3463
2820
2328
1752
1408
1751
1408
2088
1408
4330
1408
2460
1408
2087
1408
984
1058
1070
1058
3082
1423
1622
1423
3095
1423
3893
1423
3077
3877
3084
3877
1501
2287
4927
2287
4707
4198
4520
4509
1400
4509
4522
4509
1825
4509
2396
4509
1759
4509
4608
4509
4688
4509
1489
4509
3929
3376
869
1030
872
1030
1067
1030
3943
2501
4831
2501
3158
2501
1227
1600
2950
2259
1183
1484
267
242
3721
3124
3534
3124
4412
3124
4008
2932
132
87
2193
1202
1471
1202
2343
3698
3915
3698
3551
3698
4299
2760
1513
2760
180
160
3645
3607
3644
3607
3814
3607
4367
1893
1818
1893
2956
2075
2824
4939
4659
2316
2403
1479
752
771
4370
4369
2436
2952
2336
2952
2456
2952
3580
3144
427
423
245
423
4409
2348
2437
2062
2078
3854
4729
3854
3091
2364
2045
2637
4826
2637
3111
2637
1736
2637
3687
2637
1650
2637
655
763
764
763
1762
1761
1078
1086
1077
1086
2383
1579
3580
4940
2807
3424
2812
3424
1472
3424
2533
3424
4696
3507
4711
3315
3126
3076
3707
3076
1467
3076
1854
4168
3653
4575
4393
4575
3006
4575
3936
4081
4938
1123
4464
4546
3277
4546
4208
4546
548
450
2564
1334
1659
1334
1813
1334
2593
3221
2592
3221
430
424
426
424
1610
2537
68
3961
2544
1108
276
331
40
961
1112
3963
3004
1909
2298
1909
4052
3872
4213
2064
3955
3563
4408
3563
4350
2362
2238
2362
3785
2362
1826
2362
3292
2375
3289
2375
3290
2375
4950
1584
581
497
581
497
3382
4357
3480
3268
1016
1032
877
1032
936
1032
2121
3444
4546
3444
4231
1500
4834
4399
4830
4399
2497
4399
2319
2601
4339
4737
1682
4737
4619
4519
1920
4519
3722
4083
