3413
2612
1458
2993
3947
4010
3418
4827
912
2066
3642
3057
2443
4494
4267
221
1586
3446
380
687
4414
1529
3089
2125
126
3426
1703
2882
3074
3240
1617
1549
4558
505
3
3888
2145
910
2278
625
3292
1336
2855
3365
4230
2210
3927
1649
3009
187
1305
1517
2425
3389
3357
2143
2314
2867
4297
4464
3146
4259
2039
4553
3118
3660
2798
2366
1055
3856
615
1211
3113
4949
3919
4551
1054
4020
1558
3956
2512
3065
4350
3374
1629
840
1273
508
2445
4404
4076
1001
931
60
3126
3542
1486
478
1870
1621
4711
209
1666
4150
2520
983
3931
4916
3179
1725
816
3502
4815
305
482
4276
3951
1745
3184
3808
4059
1073
802
307
1018
4097
3823
2103
716
1776
4713
1999
2838
3061
1163
3979
619
189
1743
726
317
4562
3200
629
36
1296
1844
4723
2222
3361
24
2871
2620
31
1824
4721
753
1980
348
199
1521
1207
805
4805
2403
3602
4067
315
817
360
1808
1184
3745
1951
133
2674
1823
2201
913
152
4479
4123
2295
4238
3776
788
3163
4667
1029
3666
766
2360
3870
3621
420
2981
3725
2689
1011
2764
1931
4936
1179
22
4615
261
2
1502
4121
2657
2665
800
344
3824
1361
2237
767
3521
490
1602
4605
2726
4111
3207
2930
668
398
4750
253
4113
2746
670
2950
291
3743
1200
2762
4762
4439
3844
2775
2713
4186
3296
4697
2718
4897
2060
4659
2306
1426
3703
4370
4313
2977
3549
4758
1888
3617
1240
982
1292
1365
3336
2032
2661
2353
1927
555
3458
3994
549
2197
2052
2569
2333
780
1413
4627
741
1947
1418
4676
980
270
1446
4311
1642
3586
2485
3529
4510
1089
2954
558
1919
2469
3558
550
4051
4520
2585
3629
1374
82
3273
4321
1542
1126
3486
4400
4456
4053
1389
3517
3305
3649
2972
1008
4323
1146
4944
1357
2241
371
2335
1856
4242
1118
1660
3964
4447
3211
1113
449
2078
2251
1136
4322
1532
4118
3092
2884
851
3695
3639
4052
1901
3790
1373
2609
3274
2345
4243
507
4287
2414
3257
84
91
3289
2325
1405
70
4241
417
2879
2231
2493
1552
572
2266
1937
3171
4873
1049
2042
3326
4834
228
1230
2378
4580
1652
3012
3265
1436
3392
2593
3318
1250
3539
4312
1632
3313
2696
4108
2900
665
1105
2509
4484
2343
3922
3794
2114
395
3346
4763
3499
1815
888
4619
669
2940
3182
1678
3261
3753
922
4308
2188
2804
598
2736
4112
3155
804
3910
2227
3706
604
3834
1000
2303
4893
1897
4646
2247
2002
4860
4761
4475
3580
920
1396
3733
3020
657
1768
4655
2219
4859
4087
2673
4435
4154
843
900
3480
249
1096
4318
4122
1941
4048
902
3167
3735
3599
4609
1714
4881
2156
4426
1002
2705
2783
3897
3975
524
628
4846
1034
281
4687
712
240
1580
4561
4898
4055
2481
3768
3396
4196
1733
4910
4563
1499
4819
3815
2095
2692
316
1753
1261
3678
1182
1155
4722
213
1706
1834
630
1035
1910
4166
3096
2816
45
481
306
1599
1735
4809
3941
128
4895
2260
1167
620
203
3714
4712
4548
2848
107
2911
618
2828
4909
2759
2581
483
823
1480
2787
722
2395
2021
1257
2170
3405
2454
1289
437
923
2029
2985
3552
2133
1958
4933
592
372
2435
175
3136
3532
302
1092
2153
3901
1695
1639
557
2477
2106
1790
4390
1012
38
856
2863
2572
4708
3373
2049
1274
4552
1539
369
2135
1318
3250
4177
3984
1313
3632
2433
312
4718
2472
3105
2791
1010
2017
1346
2577
1922
109
1794
2554
3073
3937
1171
734
4634
1326
903
2406
1986
4255
3230
2907
3436
1265
1392
2453
2969
4780
3652
3841
1466
4731
1293
2916
2033
4179
2058
2720
2352
150
2811
3085
2948
904
2129
818
4538
2417
1525
3254
325
462
1198
3702
4788
2928
2149
1545
327
2006
736
1643
2386
1041
3277
4295
2887
4733
20
3036
2859
3369
2053
1412
0
639
2332
1543
4836
3005
1645
1309
3385
2429
3797
3272
2117
2358
3868
2035
368
230
881
3069
1112
4378
3915
1566
4265
219
1721
1810
472
1934
4486
924
4825
2086
1625
2449
2973
3162
1658
1120
3281
4030
4571
1026
4382
4807
4065
468
201
1822
1894
3175
2891
525
2244
1729
83
1503
4644
3837
1749
2224
1068
2807
4210
4573
3560
2421
1995
1717
436
528
4792
869
1603
283
700
3460
4601
593
4689
4095
4894
4220
80
4932
635
2996
4156
3164
1420
4817
115
95
4603
2121
3801
2712
4542
2763
401
1085
4424
917
1890
2176
211
1686
458
1238
3742
698
108
4844
4695
3503
4089
4333
3749
4872
1837
4194
679
127
2461
4773
1560
289
238
2299
551
1281
3120
3658
1162
2800
966
4771
4607
1061
2102
3894
3822
4331
2685
3729
4530
1175
351
4803
2223
1801
4042
2280
4617
259
2784
4164
709
2208
2669
4253
875
4665
1037
3686
3238
1742
606
4946
197
3890
416
4251
3717
4592
987
165
39
3603
2402
195
4801
573
1460
186
2561
3420
62
1164
2779
4445
3545
996
2474
4588
2442
3643
1277
2646
129
2618
786
1369
1978
2613
3412
2992
3466
4038
768
1841
3293
705
2565
2883
1254
3525
1048
2489
2626
2457
1702
3198
2904
3112
2465
3986
2840
3721
3566
1915
2557
442
4131
2142
3934
2526
4625
3810
3625
2589
2546
4133
37
2014
4289
3543
4636
1385
2574
3309
1797
1272
4892
3645
1868
675
647
2513
787
2339
2518
3635
3699
554
1478
3553
3924
4132
2132
2536
799
4328
334
2605
4740
4768
2349
4416
2830
4880
4360
3077
4496
3506
188
500
907
1614
3372
2573
3054
2862
2329
3285
1409
2850
1057
3533
3191
2875
447
1093
3944
2152
4449
2258
4861
3377
2286
4466
1923
4798
2473
1851
1908
2432
3633
1312
3269
192
4248
3876
4285
3680
3954
2636
1393
23
3653
1578
2452
3770
106
4629
3535
4879
1514
3606
4074
576
4406
1831
3354
2317
3072
2864
2505
1109
927
2596
3228
1732
1819
3495
4593
3187
394
4274
708
402
938
3159
4041
293
710
251
3216
1042
11
4802
527
4043
4
2693
196
1320
3081
1183
1752
4437
3248
853
4657
4252
4085
4699
1756
4591
399
1204
1788
1040
4477
2215
678
1827
2321
1847
751
1960
3595
3739
4669
779
4128
2496
4332
3381
914
4772
2709
2168
263
959
393
680
2767
2302
724
4602
2654
1216
3320
3752
1248
3183
876
3756
4791
2898
4543
4340
322
2961
699
3732
1228
2380
4793
352
4541
2099
3819
72
1495
155
4069
801
2677
1187
2003
1159
839
4728
1595
1739
536
3847
1381
4381
4572
2672
3788
4383
3204
2782
4099
965
4685
714
4057
984
2080
349
2234
2399
279
3827
3977
2755
4184
141
1372
3409
1285
134
2025
2989
2957
4257
4299
2439
732
1966
2194
1944
473
2681
1191
1533
1083
3093
516
4674
1635
743
1699
471
1924
2492
1062
1553
3996
3478
2771
2974
4175
504
4568
2045
3614
1506
268
3578
1653
3013
461
326
4140
695
2592
3393
2139
4829
1060
3018
1535
1770
2043
640
4454
3046
1606
4269
223
3514
1354
4732
3109
3831
1377
3923
638
2342
3026
3908
4598
3851
4911
3312
1633
1269
463
3966
2965
2938
1680
2190
1876
2983
3608
3697
68
4485
2422
4826
3623
2638
2347
4266
1576
220
3079
4915
1933
3400
1544
229
803
1407
2327
1821
2203
1953
3878
3255
362
1524
3084
2892
79
3161
3282
2288
3969
1710
1906
4835
4918
3379
501
1624
4361
3100
2820
17
989
3741
4296
1935
4741
2256
335
3267
3914
3802
2122
534
2711
4528
819
337
2034
746
3523
1363
844
3957
3999
3508
1644
503
3004
147
4363
359
649
3384
1476
2319
1107
602
2538
4743
4077
1994
2166
1411
945
2331
435
1817
645
4931
379
677
3189
2225
4277
2498
3157
918
4155
3140
3174
2245
2812
506
1895
4096
77
3701
248
4654
2110
514
1786
3842
4532
2663
2351
955
4434
4474
19
4040
2243
3246
382
707
1758
3213
1111
1829
3218
1722
1350
153
4590
3737
3165
1849
896
1330
2410
754
1990
2707
934
4066
2598
3226
149
3440
3271
2684
2769
1140
988
1174
4032
1701
721
3895
4380
3786
1842
556
939
4666
3817
2097
415
949
2991
3411
1189
56
2679
4212
260
2441
2270
1157
1165
3849
1019
4871
4790
1737
3330
4343
1226
4222
1440
1271
711
290
1246
574
2141
4054
130
552
3758
2700
2896
4187
2397
4540
3974
3829
2785
1213
3111
397
4696
3722
1218
4341
3350
3821
2101
4254
2987
4469
3407
1255
3524
2936
2959
1878
3953
2740
2437
3063
2564
3028
1282
1161
4141
4635
3906
460
3710
40
2462
4891
419
1697
3048
1608
4677
4143
1623
4626
3576
4218
25
271
3544
1400
4409
3985
3016
3933
4935
637
2475
1523
1508
2562
2873
3363
2137
824
2575
1384
4419
3644
2015
4457
2401
600
3476
4499
4208
3107
1100
4938
1379
3624
1968
3935
1741
4028
769
4883
1267
1802
470
2160
1914
2905
2464
422
4446
3082
845
2874
1263
1751
3989
4405
2088
3945
4862
790
2127
51
2419
44
882
3780
1568
928
3284
3055
2147
3670
1615
112
2356
4639
3866
4286
880
4917
3279
2604
1043
1731
2483
3925
2889
3634
3367
2857
4465
4142
2504
2865
4338
3355
324
361
798
2427
3038
1515
1307
2119
3799
2023
2730
2926
3534
995
4730
842
3382
2583
2008
2388
58
3943
2322
3067
2750
4495
2946
994
1196
4415
2913
1468
3300
2447
2918
908
2056
2310
1430
4804
3903
2151
4221
2178
4600
1688
3192
1236
3371
2861
3340
570
603
1727
198
381
4138
778
697
4342
895
1747
2998
4647
3839
3494
1450
3590
163
4223
2131
2809
1719
4086
946
181
3071
1173
174
1832
2451
4570
4213
4031
1130
3490
3594
2431
1311
4211
4033
1150
4814
2214
1860
569
1656
208
956
2793
937
1852
4427
1205
280
4847
1839
2070
3747
1590
883
3450
1494
241
4686
2297
2772
4197
2491
4159
2233
1903
4604
3430
3688
1192
3236
2253
4800
2682
1063
2655
194
113
93
1371
889
1340
2206
590
4250
3727
2754
4167
3311
370
2235
4614
3150
2667
589
3656
4533
2370
3860
2341
3205
3852
1025
66
3719
4531
332
4330
3832
1024
3173
85
2591
4738
4770
838
1594
498
2777
4358
3130
1490
1866
4839
3615
1670
3965
2975
336
2044
4937
4130
1279
2516
421
2548
4742
1925
2962
3731
650
1367
1634
502
4362
233
2528
1945
825
3751
3263
648
2195
2301
1780
4489
2487
1284
2459
4912
3568
2024
4896
1943
2628
2964
4176
3196
3468
3995
2781
1300
2559
742
2587
1355
2616
2671
1976
3307
3515
733
1799
1534
2648
822
1382
2337
4075
57
4372
4581
3637
3364
3062
1220
2854
433
3348
1283
3955
4929
3316
3075
2144
3952
526
3760
2698
2607
2124
3932
3259
342
2376
3287
4284
3501
1438
1072
171
997
164
2877
488
4583
1622
2463
4748
4512
3328
3601
1939
4837
3375
2444
173
1070
2268
3362
2872
3064
2563
4522
1522
231
4402
3537
434
821
132
2221
1803
4240
2076
2315
2507
4487
1138
4930
2424
1304
59
3291
3497
2158
4169
4806
1843
976
1098
1970
752
43
200
2881
901
42
1744
3185
2229
1899
3641
2249
1724
4518
2611
4398
1510
346
2217
1398
3541
4084
577
1766
4849
243
492
660
3050
1610
858
4157
2511
1825
4752
4508
4199
4275
4368
3723
658
4816
3030
3597
884
1212
3708
865
1036
1845
4760
3169
4913
1676
210
1880
921
2186
2738
4018
1641
3899
278
4348
2765
4185
4152
3724
2540
852
2051
480
517
4684
2826
3510
4889
1497
2031
2662
1291
2846
4606
2294
3843
3098
2818
1027
3744
1185
4429
2813
2675
617
4616
1723
146
2290
4863
3845
1708
3212
1169
4560
1597
4890
2774
2971
627
3880
2242
3676
4228
789
2640
3766
4649
1541
3398
4008
3610
16
2757
2789
3825
2664
685
1932
1259
2484
2600
2955
3438
4012
2027
1501
1287
3622
4783
2423
2982
1328
689
2408
76
1988
4781
4455
3220
1364
1637
3283
1348
4870
413
1952
114
101
1316
2479
121
94
2893
2047
4232
2202
1760
841
3987
2108
4174
1537
4869
414
2123
3803
2334
269
3138
2019
4675
3304
4393
2579
2761
3939
4637
731
1601
4022
1956
2500
4391
854
4352
1375
4148
2584
1362
2909
2967
537
3522
4353
4824
4023
2963
4947
3128
3949
1488
932
4417
3059
1404
2324
4497
2001
1527
4264
218
1556
2415
3087
4459
18
3275
2796
3116
776
2368
4934
3858
2344
553
148
1547
1619
930
4351
3694
4392
396
4021
418
3929
3148
2885
4550
3181
3262
2115
4294
3795
4467
3387
2276
1519
1647
1338
3007
688
400
2869
3359
777
1104
67
3428
4011
2037
4233
3690
1942
3886
154
1588
1383
3448
4013
4231
3264
3917
161
4679
273
1456
1627
571
690
1003
3416
911
4407
2068
4782
1551
2773
4425
2232
444
2650
3177
4778
770
866
3470
1298
250
3835
578
4094
797
1071
314
3154
1531
1193
1997
4436
3091
4189
2683
2805
4720
2252
1902
1814
4882
2630
4656
3853
1778
2704
304
796
2836
1715
4476
3570
3921
2530
4388
3806
4645
135
4151
69
3734
4710
975
1631
887
2550
4153
3391
4945
1651
3011
78
3833
1209
3172
1668
1079
575
2041
4064
4751
723
1835
1470
3298
2571
1154
2920
378
667
4110
2716
491
933
2748
820
3531
3193
1091
2094
3902
3814
345
446
2728
3551
110
4664
756
2010
515
347
2390
4753
1177
1013
1078
2687
258
4165
3040
659
2659
4951
493
4578
2239
2394
3651
969
1391
3209
1172
3668
1833
4279
2792
4120
4195
2471
3778
1853
1570
1921
4056
713
288
3715
239
4845
1806
4694
1734
518
2090
3631
3976
1858
4914
2979
4401
1275
4320
1056
1116
4521
3619
3547
4256
4050
538
1694
3083
1929
1148
837
1262
1181
2691
744
2434
2567
4624
2199
1949
1128
3997
3488
2482
3959
4403
2455
3404
2984
4079
4523
3556
3527
1087
2582
1448
3383
1917
1264
3588
2022
535
2467
3627
3456
591
4513
4371
4582
655
3000
2555
1416
3647
3338
1795
3519
4511
981
1387
1359
3104
2912
4310
4373
358
2308
1428
3967
4444
836
2323
350
3942
2134
2180
1886
1690
5
1082
1345
1609
941
4808
2373
3049
3863
3572
3106
3477
97
4263
117
2901
4549
1053
1884
467
202
2532
2136
1251
3153
3435
582
1266
4134
2552
1493
1231
544
4943
1879
2958
3133
427
1325
3454
2405
4396
951
4460
1985
3029
4261
1414
4516
3170
4878
1593
2436
2652
4680
1378
1969
3453
3907
2230
4506
3406
634
2986
274
793
2937
3554
2073
1343
1114
4875
3577
1509
2105
3472
4818
3017
4366
3791
1900
212
1696
457
3433
2632
3135
2250
1303
313
1227
730
119
475
4822
99
1736
963
216
1188
3692
1804
2678
1940
2815
3095
4537
4719
4190
2768
3481
2396
340
612
4787
761
1016
392
978
1247
4746
728
486
2897
404
773
3021
4334
3395
3787
622
3981
3759
3581
3828
1673
403
1074
718
4061
4555
1219
3848
4377
1783
1705
4812
3911
1075
1156
720
389
4063
2714
303
4709
3260
2941
3983
206
2096
3816
2020
387
757
2733
4441
1481
354
2580
4661
169
35
4587
3247
542
255
3002
811
3227
2910
666
30
3303
2834
257
704
2706
4109
178
4622
2155
4037
2261
2753
2182
3940
3736
3804
1692
4443
3188
1095
2499
4663
1911
3705
3783
1848
4612
4483
4119
3156
1260
2167
2735
375
2599
1816
1395
4146
1787
353
2480
833
1581
1759
3673
1828
4280
3219
4481
4755
674
3266
3960
1435
4346
3231
3493
167
1133
451
4923
3879
4016
4080
962
2289
3325
1454
1170
2257
3414
2274
3609
1863
1572
4608
4049
3345
596
2790
1106
4319
960
1477
784
2639
2695
3251
54
453
3078
1153
2092
3884
61
2794
3114
2922
4309
3343
1577
2346
1791
3509
4618
1472
3696
4226
2313
1433
3900
4901
2318
1135
2539
2012
1453
4006
3378
4235
1006
3593
2392
367
2265
1907
328
683
3042
48
4734
2326
1406
522
2171
4354
125
1554
494
1125
2529
3485
1954
2586
1443
641
4315
4776
3197
2458
4045
3333
1612
3569
3052
1210
1855
2336
891
3661
3353
1278
252
3032
1145
2549
4658
2617
1882
2703
3306
1977
4438
808
176
4478
2211
438
1366
3335
1798
4877
3241
1143
1867
1314
452
2517
2305
1425
4239
1972
4386
2649
2486
4127
1445
12
2273
3585
2629
830
1512
3469
2558
4305
868
3657
4327
3764
2725
3689
529
4926
1520
430
1981
4105
2666
46
4767
4611
2621
2870
662
3360
873
2163
4482
1838
4613
4170
2776
3295
3201
448
1103
511
2745
3674
4797
4759
3718
4623
3060
1222
256
2844
2296
3775
3713
3762
4247
4662
3746
391
4442
2743
4524
3950
191
4850
530
3726
1403
3930
2207
2521
4200
4115
4621
2824
244
3665
1069
1620
3237
4904
1871
4062
2061
4258
719
561
1295
3838
2999
4813
4430
207
3982
1201
616
3103
2823
1674
2951
2808
2184
205
1657
4715
2502
2179
2931
1764
1689
4214
479
3520
410
1360
4567
309
4811
4650
142
1930
215
1726
143
4854
2602
694
3403
4705
299
4821
2980
653
1237
3620
4866
159
3871
2361
1665
4204
4559
4823
3222
1718
4597
729
1775
1713
4024
1033
2200
1762
626
13
1950
1746
217
3210
2927
782
3278
1353
1661
2365
3855
2292
725
2240
3882
2074
3145
2888
73
1306
2426
870
872
3125
2089
1485
4545
321
2057
3443
2642
2446
4576
2418
2947
3066
4727
1333
3612
2413
1569
4886
1197
1993
2542
2126
2374
850
1585
3445
3512
2065
1469
2919
785
157
2113
90
715
4058
4262
3798
2660
2118
71
3039
1335
2856
64
3366
1241
3978
3314
3867
3143
2357
2146
2009
443
2389
3425
2614
1830
1349
1974
3045
1605
455
4640
3492
905
1132
1536
3771
2478
4774
991
781
643
3681
1258
1152
32
4098
1875
2093
4302
632
3439
3194
2966
3990
1957
1850
1329
2409
1573
1862
1989
3025
3938
3190
4183
1432
2312
1965
2908
4384
405
2851
1473
3342
738
2923
1286
2026
2109
4832
1317
1864
1505
861
465
2831
740
566
3043
2514
323
2046
2018
4729
3139
925
2013
4181
1452
2578
2393
3592
4068
4272
226
1636
849
4828
3677
696
1028
3003
287
4858
4693
3380
3099
2819
4072
2732
1961
4375
222
4268
1596
4599
2756
4691
4557
599
3898
2183
2752
185
2320
1693
3654
1066
814
166
916
3767
624
3302
285
4102
4298
3755
898
3234
3080
1321
2827
3399
614
4785
4526
1215
4855
2204
2788
3782
4535
3672
1168
1709
1496
477
4569
2847
4757
764
1898
4799
672
296
3693
2248
2081
1021
81
2216
4249
1654
4702
74
594
1767
1302
193
610
4628
829
986
2159
2187
1677
608
2495
1099
4160
4900
1380
96
4908
116
2228
3596
4216
4329
4093
3168
1672
3709
4672
266
3496
4206
4035
2381
4899
4769
2595
2739
874
2960
651
702
4026
967
4905
1755
1399
1234
63
3321
3215
4448
4585
4091
1782
3875
899
2533
2191
158
3258
998
1681
3152
547
2944
1194
1439
4291
3850
855
4452
4490
3329
2285
4237
2054
3862
3573
2372
4293
3830
2506
4129
2077
4840
4668
3605
3349
1771
2553
1046
262
1492
234
3536
3132
2924
2699
374
2635
4574
4632
2072
3864
3505
3317
2354
2606
151
586
144
2770
373
2535
1139
1592
3636
3452
2653
1190
2876
919
2680
355
1938
292
2269
2633
3432
3473
4698
14
1
21
1342
3286
2377
2198
4307
3457
3626
1417
2525
3489
531
1129
1948
3883
1811
1352
1720
3565
1916
605
2293
4631
2466
4125
3970
2412
1332
3613
2978
1859
1992
3618
4633
1887
4136
1386
4514
2643
3442
3646
2545
4394
1928
509
1149
3474
926
3339
3518
4000
140
4451
1358
3513
4292
4088
747
386
98
1117
2309
971
1429
3574
2645
510
118
3014
3546
4504
543
906
2543
4047
4364
1449
3589
2625
4317
3142
3526
2934
3557
2810
2721
4948
2566
4453
3904
3465
2112
3840
1077
812
1244
3685
2729
1891
265
4117
3102
2822
2894
4671
3800
2658
2120
992
1421
4673
338
3299
1807
366
4288
4092
4245
3461
1224
2749
484
523
676
4795
2503
4744
267
806
2420
3561
4922
3779
4336
4701
4589
807
295
958
3402
2603
815
2717
706
92
2238
2686
4107
4765
4857
2890
1176
948
664
297
4039
1763
156
3669
3208
1712
3784
609
915
3280
979
440
1121
3223
4703
4325
990
1299
3807
2995
3421
2560
1461
2837
3224
4101
4595
3891
2175
1685
3244
4379
1102
301
4103
49
762
692
4707
53
2281
2162
1800
4178
3176
4071
2742
4565
311
3763
1669
877
1784
3712
4907
1208
4539
4717
3121
2801
1280
1223
735
4942
1779
286
2164
909
1561
1996
985
2460
765
4144
4789
964
10
583
177
1402
388
4073
4692
426
2036
4014
1613
3332
739
3053
2369
282
3859
3887
559
4344
4833
1618
3006
4273
4410
1646
227
2277
3386
1442
636
1022
4688
1474
3149
3928
2702
4271
225
1626
1457
4182
47
3811
1489
2254
3417
1883
4470
2085
3948
3129
3916
459
1565
105
545
3352
3720
3058
3033
2841
4831
1589
3449
1973
4303
3086
4725
1557
1142
1526
4547
168
319
2915
1840
469
1904
1465
4224
2069
3035
1518
1339
560
330
1513
548
2868
3358
4004
2005
3117
2797
2272
179
4356
2385
3429
1020
1574
496
4500
4736
4301
681
1546
4874
4420
3459
3024
2568
3301
3487
563
1419
4304
1127
748
4450
3195
1088
4001
970
3528
2263
2751
406
4492
1874
466
750
333
972
1857
4842
1889
1483
4003
3548
431
2731
1962
1975
4397
4927
772
3516
1604
499
4359
236
3044
1356
2615
4739
4517
1147
1388
3971
3337
3648
4630
1583
1926
1730
1007
2976
4158
1119
633
4507
1427
2515
2307
1504
1865
3616
41
3671
34
390
642
3587
4314
103
1918
1447
3781
2468
4044
4367
1913
26
775
3559
3973
456
2196
1964
3628
1946
1750
1039
1322
3206
2727
4114
580
3655
294
795
944
1861
2236
2688
1178
4700
3682
3253
1151
4536
1310
2430
3297
3772
1809
3233
3491
1131
124
897
131
4786
341
4525
2450
4747
2747
3070
4162
954
487
3777
2130
3591
4670
4838
848
1451
2832
232
264
792
2173
2719
2852
2205
4376
1793
2656
4104
55
579
3341
4876
1214
2860
661
3370
3235
3667
172
2150
935
3754
4488
1431
2311
1491
1233
3131
1772
1297
4887
3809
968
4586
4339
2494
2590
2839
1998
1017
4070
4025
298
703
973
1206
2340
4036
3861
2371
1655
4205
1253
3178
1682
3151
2192
810
3310
519
2903
4704
4215
3793
4100
3988
1341
1370
3214
308
1667
520
4714
1235
3431
1754
2490
1777
2594
4147
929
828
4638
3451
1591
2071
122
102
673
1059
4347
3857
2367
2634
4017
4642
2925
3889
411
1548
3483
3604
4423
2279
1516
4503
2670
3147
2866
3356
4421
4300
2055
1459
2284
3419
1487
4501
3127
1301
3992
2780
356
1195
540
835
3874
2082
3088
2945
513
1528
3918
4473
3447
1587
88
3056
3913
1559
1781
2300
4411
1628
4227
4544
3750
539
3322
2067
2943
3946
1337
3008
3583
832
4867
4830
2382
1648
4007
3388
3730
3023
4139
3926
2534
4471
2799
3119
2038
3427
684
1671
4413
224
4270
2355
1616
3865
3504
2016
2544
3475
4925
385
737
774
2933
2576
1347
1638
595
4412
4777
1422
862
429
3462
993
2048
2906
4180
2710
1288
860
4472
2028
2063
3564
3437
1892
3936
2524
3740
2953
1959
1987
1203
137
3101
2821
2407
1327
3993
432
532
3464
3905
1711
1122
3160
1044
2935
4641
1256
377
4135
4387
1820
2968
2624
4928
4643
1045
3401
1538
3015
2107
2476
4126
1319
3575
2644
3991
4502
2363
3137
3873
3562
4422
4326
3270
1498
3441
947
1225
4921
3679
4498
4209
1991
2817
3097
2411
1331
1080
1166
4418
4766
162
894
4029
1351
1663
2786
1110
4554
86
2895
4335
957
621
3769
3684
1245
1812
936
139
65
2350
4796
2722
3785
2829
4468
3397
2111
3700
2758
4246
3896
190
611
4903
1243
3141
584
284
365
794
1598
1707
2330
4408
1410
597
2849
474
4219
4690
3663
3351
28
783
3110
4754
180
2842
4529
7
1023
863
2701
2174
2140
1769
3812
3245
1684
2157
1270
1441
3498
3998
4090
4941
1679
745
3225
2189
3331
878
1097
425
4885
4566
3166
2994
2271
2440
693
3707
2226
3598
3410
1064
654
2990
2737
4163
2165
2218
4596
1065
4161
2213
1785
4888
1397
607
1896
1700
3243
3968
564
183
1141
2246
4735
2282
4868
2161
4355
1564
1437
495
3288
1740
2878
4234
3892
2084
2255
9
1936
3327
329
3203
1101
3972
1475
2079
2400
3347
3638
320
2623
3422
4726
4577
2608
1983
409
2697
1462
4491
3319
4843
3538
4002
1401
601
2004
1575
2384
749
4290
834
4865
1562
1873
1137
50
2508
237
3034
2523
646
1081
3711
412
1464
1905
3122
2914
2802
2267
1160
235
2741
4493
4841
3256
2379
3820
2100
2527
3962
1047
2556
1415
2404
3455
1324
1984
4278
2488
4365
4082
3482
3567
644
3434
3199
847
1885
2083
408
3691
999
4505
2619
2547
1344
1368
1979
1796
3180
4515
2942
3134
3323
75
4395
4864
3308
846
3912
2104
1869
2338
2647
2519
4856
1276
892
1115
890
138
3555
755
2000
581
2456
4124
2627
3022
120
4579
3467
100
2383
3582
2588
3659
2040
759
4952
4853
4324
3687
3010
656
1650
4764
3390
247
1232
3728
445
4203
1052
1773
145
2551
4556
1630
245
3094
2814
2902
1683
1805
1252
4620
3748
4201
15
2531
2193
4884
3920
3571
3716
4851
568
623
2298
4173
2631
4610
485
4794
4745
3090
1530
977
339
4527
2715
613
1836
1704
4244
3792
2778
3471
3958
565
2668
864
2209
885
1038
476
2651
4171
4282
4078
3239
1050
3394
1550
1094
1067
4756
3630
2091
2997
4820
3252
1748
3805
3683
533
1716
214
2154
1920
1571
2470
4145
4192
2835
4651
588
376
4678
4950
1659
1687
2177
4653
1390
4564
3650
4217
3773
3232
1728
272
691
3041
585
2833
8
2172
439
4431
4458
2391
2011
4207
541
3550
1394
27
1239
893
4810
1009
4027
1090
3530
2734
2806
4594
1031
2921
2570
2853
1471
3836
879
1792
4433
204
3704
428
1691
2262
2181
3885
2929
2148
827
2694
682
4902
4236
2116
3796
2275
4389
3344
4924
2858
3368
4005
2087
318
3415
3001
441
1455
3324
4225
2059
1482
4462
2949
2128
1963
1199
4724
1567
1434
521
1555
2416
4682
3068
1467
871
4779
29
276
2264
2917
2448
1582
2690
1180
2886
1323
1134
826
3037
4906
1308
2428
4015
170
1912
2359
3869
3276
4188
184
2387
4345
3115
2795
2007
1607
4306
3047
3202
1698
275
1004
1144
813
3893
182
364
4919
3479
2283
4229
464
2220
1854
4681
1051
3408
4009
1982
6
4385
2988
1463
4648
3423
2622
4683
4137
123
1877
3027
686
2438
1376
1005
277
3484
1124
1955
3600
1967
952
2522
4349
3909
1563
1872
4019
940
1268
1444
3500
3584
631
4463
2939
2956
4920
3579
1424
363
2304
4260
3761
4046
4775
4461
3019
2138
1507
1315
4316
3334
3123
2803
1221
942
4428
809
3108
831
950
454
1229
2744
4060
1881
383
717
3675
3813
4116
3818
2098
3846
4432
2843
3294
3980
4534
1158
3662
3031
3826
4784
886
4149
2510
1611
3051
2724
1249
3765
3540
2899
3664
4191
1084
2825
4652
3789
1511
857
2610
3757
4337
567
2766
2398
52
1217
974
3640
33
1738
3242
357
867
2880
663
1186
111
4106
2676
104
384
727
4374
1971
512
4193
2212
2845
3774
3290
4584
1826
136
3611
1540
3249
1765
4283
89
2641
1813
1675
4034
2185
3229
4480
3881
4281
1818
300
2970
652
701
4172
1294
4706
1076
1846
2291
3158
1662
546
2497
310
562
953
1242
3738
3186
254
791
1014
1774
2597
407
2169
4660
2708
4440
1290
2030
4716
758
2723
3511
859
1664
4852
1789
1757
343
2050
760
2541
943
4749
587
4202
671
246
489
1640
3217
1015
4848
3463
2328
1408
1058
1423
3877
2287
4198
4509
3376
1030
2501
1600
2259
1484
242
3124
2932
87
1202
3698
2760
160
3607
1893
2075
4939
2316
1479
771
4369
2952
3144
423
2348
2062
3854
2364
2637
763
1761
1086
1579
4940
3424
3507
3315
3076
4168
4575
4081
1123
4546
450
1334
3221
424
2537
3961
1108
331
961
3963
1909
3872
2064
3563
2362
2375
1584
497
4357
3268
1032
3444
1500
4399
2601
4737
4519
4083
