7528
6568
9178
11879
5173
5028
8369
471
11587
10389
609
5492
8246
3826
4682
3044
8748
5743
11426
9982
7789
11847
3950
9551
11530
5495
7266
3466
1532
4608
6226
11467
11628
6728
7942
3699
7768
10749
2008
11864
2546
6589
6043
573
1307
8388
11791
10368
775
7349
5671
411
7138
4737
7364
9446
4145
1987
11958
1292
2200
7885
6502
11101
10764
4167
7860
3731
7644
6710
10427
7902
9684
7099
4984
280
2697
6460
10867
653
2958
5599
2451
1749
8887
980
6207
2162
4670
3571
9970
12000
6485
10845
8084
418
4594
1255
2173
4201
6155
8066
2028
10086
8910
2492
6323
6190
1590
9666
6220
939
3332
4966
10625
8414
4242
2743
9499
1198
129
3597
2495
3820
4450
10523
666
1319
3324
8444
10901
11815
5546
7006
1956
6687
2671
4703
7046
10003
1059
7883
10915
1323
1628
8299
742
5200
9595
6979
11401
7284
3484
389
493
9244
7396
1797
1793
5697
2599
591
5958
5451
10796
9843
3646
631
6483
5162
10298
9592
10941
9168
5183
8379
9033
2507
3605
5017
7900
2185
1761
7517
6578
1879
10804
6462
2215
3654
4672
1594
2160
9972
9738
8541
11531
1771
6151
8633
9236
11766
177
7404
11727
4491
6717
7778
2202
8131
7276
3476
1581
8515
2337
6653
9189
6712
11790
574
9219
10378
5681
2241
5559
2998
2657
6500
7862
7059
8923
5705
7054
1402
11265
7940
5554
7014
3316
3509
8436
7309
10418
11883
450
558
11188
4177
11100
4023
10877
654
8406
8419
3339
3148
1311
5490
9674
4013
4229
4974
11056
4680
10094
3659
9980
3581
3952
11152
8074
9607
332
2838
4586
1596
5455
2183
73
1156
7619
8076
2017
5507
11935
5185
9555
5215
5160
1199
746
8259
11984
9590
3991
1034
9676
938
4976
10258
1120
354
995
5202
1318
7636
5337
10756
954
2681
5241
5998
1058
2559
9454
5657
225
7356
2705
4452
9459
6833
2554
3019
7873
3822
10108
494
4161
1475
6195
11400
6969
6234
4513
7274
3474
1939
7929
4663
690
9963
8109
3036
2490
8912
8254
3834
6988
1909
11356
10861
4240
4343
1407
662
1941
6192
5009
7433
3233
8853
5838
9709
530
6222
3557
2455
6473
3330
153
9872
9069
11589
4382
2780
11877
215
456
9424
1914
8496
10031
8669
11849
5763
3064
10689
8000
11469
2898
5245
274
8688
2047
7962
1153
7649
5371
10668
9432
5267
9088
7158
2065
1305
6063
3399
1832
8194
188
2532
7344
8224
4757
10174
9296
6410
9798
4434
6313
11110
8601
7664
6252
7840
10744
11961
1401
8823
6914
3049
6440
8232
3852
9880
2524
1425
4370
3314
2938
4422
2772
7514
4273
2301
10610
9384
2397
10977
11733
4874
2142
3913
1497
3891
11983
8545
6623
3632
9366
1493
6747
4876
8714
48
10325
5780
6135
1257
11841
10587
9114
8567
869
9249
257
7725
2763
4262
6765
5898
7547
3624
2245
536
6387
4300
5047
4403
2371
6080
6525
6291
10176
7565
2267
8464
6121
1755
696
8727
4805
1349
5065
3096
3786
5532
8449
4781
7829
7032
3118
322
6869
11410
740
6072
3288
463
7488
11694
10209
3922
1926
605
239
7973
6933
803
3346
8208
5524
9264
4112
7024
5772
5938
8953
4909
5301
11268
9012
779
7696
4053
5397
9863
10961
11185
561
6429
6888
5142
1001
3934
7469
3269
10448
3926
1682
4372
4420
2770
10553
6442
8230
3850
9882
5129
7704
9079
8333
8679
7016
8561
9758
2140
5516
11818
9256
4797
10612
619
3354
6793
1748
56
437
11372
6412
1662
5381
11729
10678
2357
421
11522
119
2530
5539
2261
2075
7593
6250
7039
7842
5277
2637
6353
3794
5093
2111
5803
921
5421
7960
3104
11111
588
11853
8456
10184
452
5405
1030
11593
628
7985
9430
3616
862
4380
1605
3359
6103
2782
1326
7198
4087
970
4283
11182
9106
10945
9870
4884
8002
3639
8706
1102
8987
9374
5435
11473
2858
10967
4866
11642
10719
5770
11625
4110
11840
351
557
9535
2129
9376
3306
7506
903
7319
8239
408
6775
5140
2516
9010
8577
3808
468
11072
7030
6906
997
91
11001
10238
6070
2381
10736
9903
5357
5530
7656
11134
1190
2539
9521
3920
1150
5261
1348
5075
4426
8718
9125
7336
8216
1629
10166
9304
7575
8186
2277
5637
2093
4771
918
2421
2803
5111
9439
4302
11411
6879
3127
6082
464
7611
11762
1261
2405
4141
7983
10815
804
677
42
832
360
3056
6811
692
9943
5782
4643
9416
9409
10841
4115
8504
3630
4285
4531
660
4363
7479
3279
4260
3537
2435
532
5858
135
1036
9370
9422
2638
5278
9273
5776
4880
3859
908
3062
11233
2358
9874
10035
4384
1154
10677
4798
9434
1715
11080
11903
956
6076
4296
9757
10021
1340
1138
10180
7964
3100
5905
6259
11964
6254
7662
8988
3790
7949
10742
10968
2857
5881
6109
6912
8192
10493
2534
6853
7342
68
8222
10172
8473
4432
4088
7197
3755
3253
8833
7453
9382
79
11907
3350
26
4872
2144
4069
5809
8969
3854
1592
8234
2522
10989
7700
11358
34
7512
2774
4424
3312
8195
6131
7171
9112
8
11768
10341
6515
2278
5638
8653
9909
2776
1918
8717
4264
10579
10661
5358
8500
3634
7741
9053
330
374
8712
7996
4863
10237
710
9781
3807
8578
11380
10163
8462
514
6379
7715
10511
7673
3622
8151
6633
2905
10315
6541
3538
1530
1808
9300
5857
9403
778
2881
3924
6419
6406
11186
5534
726
9805
1379
7836
7034
10475
6074
9876
9014
11170
6436
6923
2809
4366
3932
5144
4249
5522
10606
11058
9262
5774
3128
7022
4114
7819
3073
5766
4106
7157
3795
10645
4870
1525
10614
9380
11212
9087
3352
5268
9283
2048
3413
4374
8687
5136
3310
7510
10667
6444
2897
3939
7702
9884
2520
9006
8155
6066
7026
6910
7660
1536
7844
10740
618
3792
11081
11337
5526
6414
4430
7685
3916
8323
7243
8190
3443
5119
1396
8220
7340
1139
5289
10170
1534
5871
391
175
10978
11229
2398
3899
3102
1891
371
2937
10182
8483
6299
4882
3060
4079
8004
3626
9372
9420
629
314
589
9797
4256
2784
11899
5431
8979
3085
4758
123
9115
11428
4409
4416
8728
2766
9285
282
3930
311
9531
4943
7181
722
9643
3846
11667
2268
8226
5048
8043
2136
6388
7020
611
469
7548
10569
9363
5897
5520
9260
8589
513
6369
409
7329
10588
4439
9771
9302
11381
2526
11037
8568
6748
11626
10729
11262
7683
9141
2119
6246
2289
2871
4903
10447
7956
6887
3751
8460
5398
10701
1563
1509
4304
10465
8485
1567
6084
5937
1180
4521
8207
3620
4125
1378
9426
227
4535
10825
4376
9866
11171
9110
3391
11978
3117
8710
3287
5784
7487
3083
2431
853
7205
8502
10203
2658
362
98
3042
4684
10090
9984
3839
8906
1686
2997
10377
8070
9670
6216
10055
4970
10281
6186
2338
2149
950
11202
7777
6718
5494
1988
3816
11442
9737
1666
11425
9145
4446
5550
7010
6577
11050
7518
6239
7050
9167
608
40
2508
5018
7944
8775
2837
10762
845
6504
1664
7642
3999
5196
8811
3165
9608
7362
11291
2007
217
5971
1872
3735
10878
1691
3147
10305
4178
1684
7303
3721
3503
11909
7400
2164
10417
8879
8082
9682
7904
4982
4551
11343
10800
3650
621
5658
10361
11816
3334
4244
8412
1932
5997
3830
8250
7761
5338
8353
10641
5149
4592
712
3946
4843
10257
10533
2494
1508
1830
8442
10143
3322
7373
6230
7270
3470
6333
10615
2550
10773
419
8793
11350
523
4595
6679
1902
6561
2018
5508
9450
5837
255
336
3482
7282
3558
1368
2196
113
8103
1170
7856
1637
6987
9703
11673
2971
1633
5003
324
6706
9201
6456
5164
10107
388
9594
9242
4499
10925
11043
4666
9966
1324
7745
8387
4674
9974
9229
3713
7137
10367
8080
7402
10345
9586
6727
5156
7767
9680
8525
8291
11927
3959
4980
11969
10271
3652
1885
6464
4607
10802
8121
8747
7385
1834
6714
8135
11339
11963
1399
6545
11765
6005
10760
8623
7864
320
7640
5027
10785
1964
9177
9023
2204
8765
3211
2225
233
7527
7360
2591
12010
11051
6567
11913
3463
889
7263
3175
5613
6953
11227
1836
9491
6208
1968
7113
10095
7052
2957
7849
10868
8429
11574
8888
4189
7012
5552
11324
485
11055
11290
2698
4219
5981
10092
6449
3040
10889
2486
559
10428
8869
3954
8072
1433
4168
4033
781
1825
1418
405
11897
11266
4236
8933
9672
11494
4738
4972
3326
6688
10051
953
11669
9663
720
4963
7896
10009
4709
2156
8063
9240
3598
9343
1457
137
1677
9452
11039
7383
3005
7280
1673
4459
1033
3480
6669
2027
1809
1863
7091
9513
7629
5204
1867
5225
10783
5591
9161
11351
524
1480
6496
1369
7936
1660
2613
716
10297
3320
8440
3193
6232
7801
3223
7423
3472
1445
7272
5957
4454
16
1242
2552
11355
11024
10401
5698
2981
3824
8410
1680
201
11985
5486
8313
4555
6601
159
7919
6194
6224
1388
4676
9976
8914
3832
8252
3029
3691
11981
4590
6823
1076
3371
2001
9886
11998
4907
7445
3245
8825
2624
5399
2096
8203
6764
10502
11972
10710
7467
3267
6427
8701
10460
6867
2632
8447
7827
2891
10207
5064
1380
3763
1178
7564
9101
8465
1800
1538
10485
11960
11795
6845
8588
5314
9791
7549
11604
10568
11479
1607
6389
1603
5852
2346
168
5049
515
1669
5913
2934
2269
11085
11260
11826
11447
8729
4408
2288
11296
134
2118
230
9351
11867
10226
10728
1689
9265
6749
2786
8569
11464
4438
10589
2922
10043
7328
1421
126
9247
375
6368
811
11808
3047
6915
9392
11278
5624
3898
5096
2399
3065
1460
10979
789
7596
11699
108
4759
3780
8978
9752
9395
5632
5891
2064
6796
10483
8182
4078
9813
1063
6298
6941
7501
3301
7723
1272
3938
2314
3772
8740
818
7647
10155
3524
6086
2852
2049
5346
10190
5269
2913
3142
686
5934
10323
1622
1339
10220
11385
8170
6625
3397
7665
4754
2000
7150
5288
11210
8614
9067
5118
4890
8645
6523
3532
5786
4855
6901
11006
9045
11415
5922
10687
1391
8667
4394
4386
11034
11014
3381
9407
11172
3093
7477
6418
3277
5794
11483
9311
327
3539
2920
8606
7818
6877
4746
3129
5850
9437
1641
1839
5926
578
4248
6094
2808
8475
5354
3516
11245
11986
2306
1179
2630
8511
11382
2056
5359
10462
842
6804
8163
10578
880
2537
3435
7235
8315
9908
5639
2279
10151
7693
11261
4851
9275
9061
7604
10717
11746
23
2127
7191
5104
10653
3421
919
3803
7221
8341
5616
10712
6378
8237
7317
8579
182
211
10500
8661
3405
4089
11334
4892
3530
9931
3357
4631
10833
7152
682
11707
4543
1757
11217
2794
3637
6108
214
7213
10195
1753
7948
3075
10234
10969
3261
8989
7461
5920
7711
2850
1495
271
10988
3770
4895
2926
8742
8968
6861
4068
5808
2354
1811
4133
8493
3140
1804
10192
275
10222
1434
10473
5306
8172
11703
5630
7556
8021
11082
3782
2359
9750
5056
1806
3858
7675
5537
2639
5279
9621
1140
4921
7037
1338
8180
4935
6258
1014
9635
888
9293
5127
11211
9077
9390
9123
2104
3111
6756
2616
1354
8677
9355
904
857
9894
1947
8035
4799
7134
5699
6174
9584
10410
2820
5466
10313
2597
3495
7295
10252
4570
3671
12001
6744
7810
1905
10914
2324
10440
7292
3492
140
4214
7122
3028
3173
224
1465
1935
1169
8297
5950
6610
8401
3743
5044
6977
7918
236
2332
5826
4730
355
7544
9153
3599
4708
11477
10008
8783
5571
1838
1500
6031
11449
9212
7071
2646
6689
9720
11869
8051
7628
6668
4582
4458
9651
4951
2484
5731
9497
10063
581
2699
4218
7097
4188
5820
8092
8889
759
7848
8428
2466
4716
10869
373
5597
10072
9831
11248
4992
6209
9692
3546
11697
499
403
5324
10933
2004
4739
9471
8095
317
379
1910
2950
11292
483
2044
4169
5332
9695
6961
10429
2826
4995
8868
10888
6448
8760
3451
10623
7251
3958
3697
10747
6325
11223
10135
4821
11441
7365
13
6587
9726
2571
4603
3162
909
11713
8785
7347
5646
9228
10765
3200
10387
856
9994
4694
10080
8367
10525
6176
10291
8271
4835
8802
10121
5484
8345
7787
1875
2731
9566
949
11201
1721
262
9574
8107
5476
11453
1742
4025
9722
6184
9986
4686
1124
1066
3559
4580
3681
1688
8925
5007
301
9707
7105
5654
1168
10103
9457
1370
6945
11805
3017
5605
11275
4498
3183
9734
9210
2991
7927
11873
1668
6967
6013
2834
8615
1204
6553
8143
5148
3490
1539
7290
10442
5339
2036
7120
7393
2330
11614
7255
2557
3455
7081
2233
4732
11418
525
9015
11352
6612
8773
5952
10793
5581
5659
2822
10412
2019
5316
5509
9041
6678
7617
3554
8361
821
11616
1422
7753
3705
7812
2474
4724
8257
8533
11776
11306
4572
10250
11388
8641
10353
8417
3337
10879
2476
10082
4563
8305
11709
3202
680
4227
6815
11798
9609
4331
3657
404
11219
3998
7441
3241
8800
7415
2654
3215
10811
3185
6841
2605
3507
7307
8762
9481
1073
1506
8878
7411
639
5991
484
4179
3160
37
1882
6719
11156
7536
11536
333
11440
7375
5834
3013
116
2148
5036
1795
9321
2339
5330
9217
1511
220
5557
808
5233
3838
1282
9187
10775
4206
9505
2952
11052
1504
7057
2581
2659
8090
5822
2509
10906
2316
5019
7001
9655
11244
10070
8377
6238
4955
6736
7519
901
1392
5474
1044
9335
9576
11200
948
6166
11088
8055
59
4990
8281
7126
9690
7928
10254
6742
6968
8861
2470
4720
5816
10109
2322
10912
6493
3018
10853
7132
730
4497
6172
9458
9582
4651
3550
9951
7893
9708
11507
5839
5008
5042
991
4153
2334
7542
3494
7294
1620
7124
6989
11402
4212
2946
8108
2830
1827
1923
1823
8756
8258
1320
5503
5721
9214
868
1118
6035
9730
5650
1060
11143
11563
7618
6677
4584
5165
3196
2482
1356
11503
2558
5999
10076
1598
865
6021
940
5147
6180
5735
3971
9570
1016
12004
546
10259
76
1675
4994
29
906
378
9694
8877
5470
10406
2816
10419
5322
1111
3508
7308
4566
979
180
8094
11150
6475
1865
7806
10074
9835
11723
3997
2839
10436
9821
2042
7875
10923
5334
498
3658
11102
4228
5946
6606
3149
8418
4726
3338
758
9603
11683
5830
10131
6341
10515
3164
4471
2721
9739
2503
6579
4695
6661
9995
707
2650
1802
774
7911
6237
8378
11792
9169
1231
7058
9716
2165
6163
8804
2999
5558
1889
5482
9218
10379
835
6511
3837
9188
2147
10633
2735
7779
4831
9992
6315
10541
11748
4692
2480
791
4005
11559
1419
11139
1012
4041
7917
6978
9572
5463
8298
8941
5211
9724
8796
11276
11806
3027
6182
1123
10299
542
8915
5713
4015
5652
495
5959
2598
11499
11947
11584
3156
9732
11305
1398
11775
6645
8523
9498
4734
1119
325
7540
5954
4457
6614
1551
5040
1897
7627
2691
6667
5326
2029
2832
10444
8901
4210
11615
254
4722
2472
7814
10066
2223
8086
10910
2320
2193
4574
3613
5175
6740
9025
9580
3981
8625
10414
1203
2824
1200
10007
11124
4707
3552
4986
987
7130
9686
6170
8867
638
5480
851
1227
232
6447
655
10887
1389
11744
4655
9955
6701
2463
6465
11151
9990
11980
3591
3225
8845
4690
10084
7425
4335
2211
3204
1074
4576
978
7865
1092
4321
6825
2713
4505
2652
9206
1624
11917
5598
2959
7847
8427
4217
8764
6203
4187
7098
1252
11828
7788
8749
4481
1043
7116
2954
3486
7286
2040
5691
773
1107
10388
5029
8368
2326
575
5832
9179
6569
1626
11664
7529
11679
7139
277
9563
5472
10369
7348
5223
8389
809
5193
5320
9227
6588
2175
5824
11532
7769
3698
10748
11535
11647
11155
6729
447
1635
4609
11298
9331
10246
11719
3957
8841
10504
4265
6762
11796
2807
1746
4351
732
3905
5100
4247
6878
7817
2622
7600
53
9438
5062
6305
1527
1953
11509
5859
339
1523
3776
6417
7478
7562
3278
641
4791
222
9408
6800
2634
8815
11760
604
3809
2932
8736
1188
6090
5350
9001
7318
11070
8238
5253
6377
4101
2073
10216
2128
5312
8166
6055
10186
6281
11295
11538
11158
1350
5854
1148
10718
757
11086
9907
7146
1744
357
3881
2924
8719
11842
5790
1046
11825
4886
11640
2538
11010
5755
10577
10239
8945
9890
11180
968
4067
5807
1064
1126
148
10987
1302
9394
2100
8967
9855
4045
5622
10706
7947
2062
10456
2859
8184
6107
3638
11653
788
6925
9754
7965
1502
1028
7199
5634
3358
288
6361
5932
3144
11416
4395
11520
2350
9759
4752
8678
11370
2253
5073
4813
9078
3774
5128
2312
6641
7573
6257
3522
174
6533
2854
1206
6143
11386
10230
7038
10333
5924
3857
2790
4392
11308
6615
11778
5538
8553
2755
11618
8612
819
6773
315
7733
10679
10561
1410
3534
1565
3526
11137
501
11557
5792
10953
156
9851
1713
10208
4275
1717
4061
6095
11246
3289
761
8961
7489
6868
3119
1416
5443
8448
7828
11012
579
1599
5916
260
7468
465
3268
2846
10449
6092
5352
11412
6889
6428
540
11554
2930
381
5795
3766
1851
805
4908
19
5939
11497
7993
603
11761
11894
5310
3136
8209
5413
7560
2391
7327
9248
6367
5626
11071
9746
5060
1189
4437
736
11745
6345
5085
10727
11936
1149
7231
3431
2083
8176
2287
7585
6271
6802
10464
2117
2751
10714
8325
4407
11641
9386
12003
6760
10545
3871
6785
251
7602
2620
8587
5102
985
10567
4311
5899
11513
969
4293
11181
4077
2792
1225
4123
4390
6297
9935
4635
10232
854
4894
907
1386
2443
9799
7154
2916
8610
6401
4355
8977
5846
11112
2352
4750
10601
10194
5930
2795
1222
10224
8174
4621
2939
9921
1029
3520
3897
2310
8744
2413
3048
7975
10823
142
10688
5391
6051
1353
9895
11371
8668
2626
2060
8011
11521
7583
2085
1105
1013
5083
9068
9133
5287
3784
5117
5751
3398
35
7159
1740
9543
11677
9089
9892
4931
9631
7648
8031
10669
11649
5620
8689
11717
3937
6783
2102
10496
2899
695
6524
1385
2440
3086
6938
11784
6772
4255
8613
6301
11314
7732
4081
6397
8981
4290
3625
8552
4120
4393
11624
5888
733
6142
10332
5429
535
3523
7572
1448
6532
2313
5869
11510
4812
5072
10597
7724
2410
11606
10820
11921
2010
2252
11759
4753
3901
2914
5933
1212
10324
4617
1982
11115
9917
1003
1115
7580
6898
11069
8007
1000
7686
9130
1187
5080
5387
6047
3915
5121
9814
5525
1147
5291
6065
8156
2063
10484
7025
1621
606
4927
9627
329
11639
5623
9005
5135
6780
1132
5747
11575
859
9540
3941
7498
3298
1296
10646
3796
4105
5765
8027
4057
967
7206
11179
1415
5440
9847
751
3389
176
1945
1052
9098
8698
10044
9865
11147
10950
11655
4536
11236
2888
4375
8957
2429
80
10826
1554
9425
4126
7990
3749
10699
10466
2869
5313
1274
2072
5410
8486
11951
4519
1027
438
5252
455
3368
2933
5914
7955
11544
11164
4441
9769
11732
11369
6245
11735
1556
647
2080
6371
2387
11519
7331
9348
6267
7563
9139
2121
7227
3427
2525
2291
3764
5063
10731
3867
7179
2623
2135
4411
1083
2747
9529
2011
11651
9788
10571
829
4307
3845
1243
8225
8591
11930
6763
8204
2765
4415
9116
9286
6782
9294
8196
4071
5811
2103
9124
1151
734
9893
1191
7708
6858
11073
8971
10991
9542
1550
11511
9132
5879
5082
3756
6111
7582
3258
7458
7951
4628
9928
11643
602
1812
5070
4810
10822
2412
5906
10019
7570
1216
6357
6530
6075
8494
10474
4295
6261
2353
154
3108
6637
4134
2250
6770
10834
7730
3861
4544
11763
1916
1260
2442
4918
10036
9618
10233
8018
6140
5775
10330
10557
2793
4292
273
8550
7214
4122
4347
132
1778
10654
872
3804
2811
5103
8837
10605
7603
11523
975
4365
7821
11373
4251
9875
1768
6435
698
10476
2879
9308
2082
4787
6421
922
6803
8164
1642
25
1924
7835
9806
7694
886
6405
1588
3378
8997
6381
2070
5412
11472
2906
10509
10316
1472
9779
387
8658
11548
7992
9058
6539
4848
7716
3418
6277
5353
7218
8338
6093
8149
4097
7188
5250
11888
11183
770
971
7995
11013
507
6129
3877
10148
5442
1031
7169
11592
10339
9911
8508
2775
767
11650
10581
5793
10659
3094
6516
11852
7739
10952
3325
6697
2460
11141
4693
11561
9993
6451
1976
10891
8871
10632
6958
4235
5483
665
15
9468
2207
850
2485
3587
11754
6162
544
11918
9489
9828
6200
10624
4317
4191
11757
701
10096
4221
2502
5979
122
11501
3176
7851
8431
2710
4604
10118
8268
11067
2226
10288
1117
9602
4477
2014
10786
8766
2728
1185
6006
6546
1145
10922
2589
7386
2043
8136
5687
3209
2568
11637
11545
8526
9585
10346
9231
5155
1722
5220
9327
8289
11885
9560
3961
10269
3448
5190
5323
7248
10934
8119
989
4818
7746
11026
1229
7921
8398
5460
776
57
965
11177
4037
9975
4675
1362
6599
11149
2483
3031
5207
3689
10064
248
5485
8937
4556
1022
887
11948
7799
3668
1856
9154
10399
2979
1025
5502
8784
7935
5710
4948
1854
11367
5226
9648
6495
39
4461
981
1589
11517
3174
5728
4213
1109
8520
3006
5589
4152
7543
9159
8897
6671
7892
7089
8048
74
5043
7631
1471
2687
3744
9583
5568
11681
1404
1213
10314
1707
7133
10852
7068
6492
10049
1769
6173
2155
1703
6028
2220
1779
10913
2323
2190
7895
3610
10011
4711
11721
3977
11326
353
6743
256
335
8881
7408
11456
3719
11140
11560
5988
10808
1121
5222
5473
9562
9478
160
10306
4549
5192
11304
6838
441
8809
4328
3736
11834
543
9817
748
7438
3014
3238
5833
4001
9600
745
3166
5195
1657
1653
11596
10920
600
11658
5234
11500
5969
2717
4467
6202
1850
8776
1086
2653
8278
6337
10127
11942
7907
6241
6998
4445
2712
9146
1246
3815
1512
291
2500
1937
6657
3841
4564
6507
10630
10056
2578
11738
6215
2462
1907
6185
8905
988
10537
151
6160
4827
9318
10279
2151
10850
6490
9965
4665
7754
9199
1228
10926
1741
8857
3553
1877
2988
4647
3612
9947
11118
977
10354
6455
2222
4501
4723
2473
2192
8534
8144
6705
7394
7855
3678
2833
6014
6554
7890
8774
2195
10794
8522
4150
2969
1264
2234
5717
4596
1954
3184
9733
242
10104
5653
8638
11153
6681
319
6559
10616
9038
5712
1108
772
1293
11578
1310
5500
8358
3945
7078
6017
6183
797
10359
5462
9573
11680
5578
11882
1006
3967
11720
7759
10639
5151
4585
4231
5456
11966
924
8421
3341
8803
6164
9818
7437
3237
4327
3661
3579
4560
10634
8405
9477
3511
6837
7311
1895
2504
892
3163
4602
10807
5987
8435
1816
3315
10622
5706
1175
7407
8129
10924
5333
11886
9317
5230
11025
268
10538
4489
11042
4828
11450
2577
3475
7275
8516
11546
3010
9604
7061
1801
6508
1994
9191
11257
9221
1814
2239
5679
5561
130
587
10932
6658
234
9235
6997
11870
7908
8381
11672
9693
4993
6338
2186
8277
11254
8093
6149
10073
2216
1171
10128
2718
4468
1485
226
900
8539
3606
1965
838
10062
2456
10859
11711
4583
8111
1454
5011
11443
9711
402
11221
3677
279
208
3035
11203
951
3021
5504
9213
8782
9948
4648
6196
1646
9461
10100
8858
6971
2987
7931
9152
2706
4159
3180
1979
482
4154
2333
7355
1644
2230
7894
11325
8770
884
11342
3742
3968
10790
1214
7635
5577
6010
10755
6550
6018
7077
8140
3493
7293
2679
5239
3172
7123
7390
2561
8357
4975
8530
9675
7621
10253
9037
11207
10350
8637
5186
5216
10312
9556
10854
8075
6494
5718
8261
3989
7750
11238
5601
10846
2449
6486
5224
7101
9564
5194
10930
11595
3569
4318
5823
11094
749
9827
2953
3588
11992
9467
1167
5232
2208
1974
1843
1276
7886
6957
1847
6698
3012
3729
4146
11455
9445
4817
3701
1640
10751
2714
4600
9328
11923
2545
3447
7247
6204
8763
10620
5669
7351
2567
3465
11451
7265
1958
5496
6225
6591
11871
8371
5688
10391
8245
3825
3203
4478
4562
11804
9549
7791
2727
8267
2464
10117
715
10083
111
82
10287
3614
11710
2601
4573
5449
323
10352
11912
2224
1263
3645
10795
1428
7813
2194
8532
827
114
7752
10939
7395
10413
2823
11394
11220
3667
10310
5953
8772
8938
6613
1440
8301
10792
3740
8524
1613
9596
4733
171
2232
5208
1617
1466
10443
8142
3170
7392
11608
8397
6981
1699
4038
6552
6012
10916
11424
1552
8780
932
3978
5714
7045
406
11953
11439
7005
5545
1335
7067
9150
2669
6027
3182
5567
10102
10899
2496
1810
4199
486
10626
2688
8047
8898
4965
1294
10060
9665
8065
6156
1072
9723
9501
10085
5727
9647
4947
5464
27
947
11199
5436
8554
7210
9927
11116
3361
6144
4627
8705
10334
5923
6522
3257
7457
10946
9105
3533
1785
6774
11605
10830
7734
4540
3641
4130
124
1575
7986
6857
1266
3615
2254
1990
240
2109
5419
5406
8490
10322
2912
3143
7707
10470
8455
313
7574
1501
6534
2853
3773
7722
5074
4814
1177
1514
136
11480
9812
11576
17
8017
8183
10558
10482
5379
2076
7041
5633
1516
9617
4917
5541
2259
11924
11259
9753
11284
9255
11814
3107
6638
5515
5131
9081
7015
725
1881
1004
6358
8681
3925
9290
8559
9393
9120
9411
2436
10839
3090
10042
439
3377
4529
1341
6809
2923
684
11902
1720
400
4116
9415
11458
11700
4286
3055
4788
817
9307
1273
7481
3281
11656
7609
11598
5254
2406
2419
10816
4769
9441
5109
11232
5912
6881
11235
5853
8838
480
4348
2074
4139
10165
7335
1244
8215
8185
7576
1698
915
3762
8507
7690
9126
4425
10999
5076
2379
2633
3878
10735
10147
7655
2541
6905
881
9519
11954
5259
1084
8160
55
3417
2515
8337
7217
6278
2131
7187
4098
1082
9057
11209
10503
10721
8202
7505
3305
4847
6776
11736
9536
9375
8657
7321
8241
162
8998
4865
10650
3800
298
1991
11263
9918
4618
2299
3051
9544
10598
6784
1724
9292
9122
359
5887
10480
33
8599
9810
6398
1165
9134
3783
6937
5084
1928
7584
9295
10193
2910
10320
8492
8173
10472
5369
7651
2066
8028
10223
4132
11481
1970
7497
3297
1543
7720
2414
10824
1547
8743
5748
3401
9628
5246
1735
4928
337
1181
11328
4294
8495
4124
9071
7212
8671
10029
7153
10832
4542
6048
10691
5388
4893
1726
6520
8008
2444
6897
8200
5299
4911
683
10713
7695
3367
10959
11997
6431
3802
10652
7471
1971
3271
1983
3345
11701
4779
8451
3760
7831
1469
2887
1852
6871
7692
8958
699
8697
2084
8162
10463
9097
11213
4058
3785
10211
1510
9848
5910
3095
5066
4806
2369
10175
4308
11437
6526
9787
7566
216
5414
120
2748
1337
2246
3868
6289
7994
6119
7726
11028
6766
3889
9347
10040
6268
3092
7228
10954
3428
10326
9251
4875
6136
2388
945
11197
8546
9365
5444
1
9685
4985
8060
10898
1094
8626
2668
9243
11293
9340
10047
9026
5176
3979
4960
9844
10065
1975
1655
9660
6484
8085
9510
10780
11077
11341
5002
7884
5325
9702
8102
9157
8899
5587
1519
7380
1135
6646
2689
7283
2031
3483
11049
4198
7087
10524
3155
7797
10938
10772
10301
4016
8792
10397
2977
10004
8916
2610
4704
1446
7372
3323
10142
5448
8443
3190
6332
5961
429
3220
7420
8795
4842
4039
2174
179
308
627
10532
11910
6597
4593
6820
11712
8352
5209
2744
3687
8413
11222
8310
30
6324
8939
4006
1892
10245
326
4983
7141
10371
9683
11671
5668
11928
8391
10267
3710
4611
8117
713
9329
8083
2176
8287
3502
7302
334
7771
6731
669
9020
7363
11377
11041
9548
4479
8751
3460
7260
2325
1531
6571
7115
7531
368
7285
2587
3485
10763
8620
5689
3207
5031
522
7643
9181
11349
1367
9487
9205
4506
4319
3568
11126
6044
5977
5610
6950
1998
2448
7866
2961
6826
7110
4336
5174
3728
8930
6699
4575
6466
7426
3226
11167
8846
5744
2209
3043
549
9956
4656
4030
3589
6001
3833
2678
1920
5238
8253
6822
8350
6019
9964
4840
4664
5736
10357
10530
7434
3969
3234
8854
10075
6474
10261
10637
1729
3195
7757
4344
8312
5166
10770
3988
6834
2553
11340
5719
8790
1818
7874
6036
7370
1236
6233
3192
10140
7273
3473
6330
7422
6557
4514
3222
8755
11018
2612
10782
75
5000
9700
2945
5841
9512
11289
7382
9453
10858
8100
2967
6991
11911
4158
11053
10111
9342
11
2184
9197
8062
8859
4962
9662
4649
5815
9949
223
3001
4973
9673
10381
2238
11670
5678
4014
11872
6316
6509
1762
1432
787
8932
2736
14
4032
7781
4829
10539
4488
10277
714
1772
10093
8073
1371
2166
8128
9715
11488
1582
11040
5553
8538
7013
4469
2719
9741
9996
10129
8924
7053
4696
11686
510
6148
6339
7909
11568
7112
71
9171
4024
6581
6659
11318
10516
1648
6952
5612
11452
4725
1705
7262
3578
912
3462
6654
8807
6605
2841
5945
9819
9022
8622
3151
1375
7876
5967
10435
526
6476
11353
10803
9836
926
10421
3653
7805
127
9034
5184
3717
4565
7300
3500
7403
8634
10405
2815
3712
4547
7177
198
6118
8040
3072
6288
3869
7023
8954
12012
2749
9360
9527
6786
9263
5523
10546
11315
11064
6922
9385
3933
4309
5901
2368
11565
8326
4054
9640
4940
9864
7586
8175
36
9767
11989
2389
5086
6346
7680
11079
1690
7229
7974
3429
11485
9745
6934
6269
9137
3888
11047
24
5625
9402
1137
3747
10697
4404
3135
3623
10451
7672
1449
6891
11231
2867
10958
6632
117
4900
1453
3765
4517
1819
8211
5796
5298
11920
2845
5941
8463
10162
839
11774
8713
9849
5915
3387
9052
3080
4059
4862
685
1728
6624
10200
4276
6096
2764
11901
11977
3291
8959
7491
2427
3525
8652
3121
9113
4778
9091
3410
4274
10495
4929
3313
9629
7513
1381
5749
1478
724
7161
2523
11364
11015
3914
2901
4873
5368
10671
9383
8029
7452
3252
8832
1233
9280
11931
1431
8691
4433
8009
6314
6852
2086
5389
6049
8320
7240
10492
8193
3440
8472
1395
1437
11379
10173
8223
7343
10028
6913
11347
7663
520
2625
8824
10743
9896
1365
376
155
7976
1831
5867
8480
213
1649
10599
962
11965
6064
2796
4619
11950
2298
2941
340
9919
5845
2915
62
4356
1042
11169
4636
9936
3063
6399
516
5764
8598
5427
9272
9423
9801
8721
10202
8503
5258
9518
7167
9050
10337
5756
3082
6127
4644
9944
4860
3879
10241
2378
10998
4885
8650
4364
7737
10657
7145
895
10507
7670
8999
6630
3811
6056
8165
10215
2804
9777
10185
6537
316
10160
1284
4099
7984
8735
4902
6279
133
8147
8816
9904
7682
2877
11230
1518
4789
11856
5861
9303
6808
2094
9400
11287
4528
6306
1931
3775
10838
1950
9362
1141
4138
11434
4349
8839
1901
3906
8042
3070
617
11083
9642
4768
2418
4942
5108
11702
4266
6920
1949
7608
11900
2258
723
6104
1871
2756
4284
1681
5378
9373
10681
10559
6616
9270
4883
9761
10017
237
397
8482
10183
8558
6359
1661
3103
5804
512
11482
1694
11173
4396
6639
6850
3442
7242
10490
8322
8470
5877
6926
2861
7966
20
7201
1377
5094
3793
6354
10455
1696
7594
259
9856
10705
8334
101
7703
4046
3412
10554
11383
8830
3250
7450
9282
2108
6794
3353
5418
8946
11590
7189
6924
11486
8148
5143
3419
3406
7219
8339
4849
11274
4052
6538
5615
9013
9059
9862
8581
11850
11527
8659
3074
5773
8952
11652
9778
4113
9276
10508
567
7972
7738
1452
3923
10658
5361
11731
6932
11316
10997
1942
2377
11470
2090
9404
8509
8316
11566
7236
3436
7033
10338
5641
2281
10149
7168
6073
6128
570
11688
2055
5533
9900
1403
9517
5257
7980
11939
7607
2305
11109
8476
3131
10164
4767
3515
2417
5107
454
2800
4402
5925
4745
7674
6634
4137
4360
3379
12007
4527
8605
10837
4263
650
2762
8654
6807
9054
1737
1733
4640
9940
4864
3541
6622
4385
276
9309
3633
2878
1545
3912
2143
1258
3109
8036
8834
3254
2615
7454
9356
6790
1766
1776
10550
4272
6755
4801
1195
2773
4423
9636
229
10018
3853
8233
4936
8330
8557
999
2361
7590
11016
1586
6253
5377
1234
8822
5090
8019
6350
7676
5281
2641
9619
4919
5055
6312
2533
6854
10494
8474
2257
7555
1584
5305
462
6062
11409
6859
7709
1859
9433
2107
5417
490
7963
11843
5800
802
2925
4896
3076
1351
1764
5762
694
4091
9929
10196
9274
4629
4383
6100
10971
3259
4280
8991
7459
11934
534
1774
9873
5878
1591
1283
6751
4362
11591
1577
9138
1573
3887
2760
9349
6620
10204
9266
2785
8571
11851
77
11113
4642
3084
10225
10591
5783
9768
9942
11471
2367
6391
5051
7982
4904
11730
7551
9789
9528
1787
2345
1783
8731
4303
2271
2802
6117
7178
4400
6083
6287
11787
671
2428
1580
8466
54
4777
2092
6846
2889
10486
7970
11128
6930
8699
9099
7684
9902
11097
3388
453
5297
4050
9644
1760
9860
4944
3369
2095
4518
551
9364
10957
2868
3246
8826
7446
3748
5401
10698
1770
8044
9885
11855
8950
1332
173
806
4856
1259
11839
8003
9046
11005
5760
8646
935
5785
10027
6102
32
466
6899
11413
4282
1096
2783
5367
6626
2051
7666
998
7499
3299
1315
6060
10156
5345
8484
6085
5271
5802
1055
125
1347
5428
7843
8597
5092
8820
11512
431
5889
6352
6795
1468
4761
7592
427
9396
8324
7244
3444
6939
11397
1558
6413
6310
10613
7595
2297
9284
6792
3066
5095
3910
693
1426
533
6443
8332
735
9883
5868
4373
2401
3414
10981
4270
10552
11824
6916
8359
5163
11880
253
11682
9593
115
9842
2021
9039
5511
6482
597
11103
6558
2180
637
8639
11529
3706
5315
3987
11722
1845
8104
5341
9016
10638
7758
3456
7256
828
22
2035
1308
572
1093
5579
5661
1110
10358
2677
5237
7079
5004
8616
9704
7882
11107
10002
88
4702
7374
10144
6334
4510
10522
2989
5606
6946
9198
4157
10774
6830
7106
8794
7870
2742
8926
2968
652
10857
4243
11793
4340
1230
7430
4685
8850
3230
1887
9985
428
6322
348
6470
3333
9960
4844
3561
4660
3679
2172
2493
10534
4026
8354
5475
8056
6165
7521
2163
7125
1615
7304
875
3504
2511
5021
9336
11403
6999
8630
9575
1197
9030
6735
5180
668
8279
6147
8537
10905
2315
7903
4956
990
157
9656
9319
10278
9506
883
4205
2341
8127
6721
6503
1559
858
10776
1286
4487
5035
2579
2661
7535
2237
5677
7376
6650
1997
11407
743
6839
4548
6042
460
548
9479
545
941
10809
11634
4020
1692
5989
11502
11858
8920
800
2606
3718
492
7943
4181
417
3216
7409
7416
139
3186
9983
5742
1061
5968
11562
4683
11142
11125
6816
477
10881
1321
7439
5172
8306
3239
664
5493
4010
9611
4329
8808
3577
2475
60
3232
8852
7432
6320
8049
6193
6472
7088
4197
6223
2740
11881
9158
5588
8314
4342
5729
6824
9962
2170
4662
8913
9649
4949
3194
2645
3224
4512
7424
3601
10000
219
2614
4700
2667
6029
6832
7069
10048
3823
7872
1451
6691
10520
1309
11789
4453
342
656
5569
10897
7384
5825
11533
3688
11099
10784
6598
1487
1483
7880
8399
9514
5203
9840
4964
5447
9664
6480
1162
2978
51
10398
5701
576
10937
7296
3496
5465
9344
3669
7798
2182
8064
4034
3208
8346
9565
5740
6175
496
11837
10526
4836
2588
3953
9547
4012
2729
937
5170
11685
10289
8934
8269
10119
8786
191
4819
10766
4022
5645
7114
9725
8118
3449
10268
6040
7249
8288
1317
5614
6954
5667
6326
11194
7366
10136
1345
8922
1858
2569
1057
2825
4996
8624
9696
7863
744
6713
4741
9469
1201
1899
11957
6959
11399
10431
6652
3464
7264
3727
8096
9024
2203
4171
2447
3545
11933
1429
8891
10871
8632
9973
5978
3714
2701
4673
1913
6463
4715
2465
3567
235
9032
5182
9829
9488
663
6211
356
6300
4387
8674
6403
10694
3059
4080
3862
916
554
2441
9419
9406
426
306
3276
7476
6805
4291
8980
4525
8607
9074
4121
10835
3778
11823
4747
6876
3404
9436
10821
4135
2411
4623
9923
11131
5927
94
1708
3900
2415
6262
3517
4765
7654
5105
1972
7605
849
2307
10603
658
70
5081
9131
11414
6909
11468
9515
6112
5255
467
7581
11627
7659
1645
7952
11552
10739
2057
10995
4429
2375
8013
11036
807
4888
2536
5393
674
5120
11690
8189
6053
410
5290
1331
10169
7148
8219
11892
7339
6781
4072
5812
10716
4869
8033
10218
9379
8168
2126
10188
470
11588
5617
4933
7509
8236
11666
7316
3309
9633
8738
8972
5753
1442
3054
2519
10992
3940
11848
9541
9254
3356
8963
590
11269
9912
9109
5441
8709
9853
3636
4063
630
1486
10458
10582
562
10951
434
6382
1884
5411
10708
8459
7991
2927
2105
5415
3619
5307
2081
6370
366
3433
7233
6273
7330
11114
6422
2255
7557
1220
4440
1405
1491
5057
10214
7834
5375
8454
10730
11336
1815
5536
6874
2120
2393
2290
7036
6434
4410
1896
2812
3274
3929
7474
4313
8555
9076
1256
5126
2013
6757
10
1484
328
2617
7822
4914
7019
8676
3873
1099
2753
10570
4252
11994
8590
9259
5519
11941
553
1327
738
9887
3138
755
3349
4906
8684
10955
5810
4070
11844
8970
2097
9084
7699
3768
3942
5134
10990
2848
3266
7466
5295
6426
5918
7044
11130
7950
3789
5544
6866
7826
6110
8446
5122
10206
5292
451
11187
3528
4775
1352
263
7571
6115
11728
6531
6285
4811
5071
2347
422
6643
11691
9388
673
10179
2251
3099
6363
3902
2365
6260
1992
9369
10563
8178
10227
709
6302
6771
4082
2787
3644
4879
3860
7731
8982
107
9748
3885
8551
6141
3364
11819
5628
9246
10331
691
3046
8244
7324
4412
2810
4250
10572
5097
8592
4353
2134
8843
5848
7597
10724
2295
7820
11906
531
167
9299
2918
4442
433
6372
2544
7332
6420
6797
2122
2292
4793
8595
10732
11875
566
996
10498
6380
2071
7646
4103
6283
5347
6087
9003
5251
11273
3396
5365
9444
6884
9066
1155
9910
1658
3284
10025
5787
7484
203
1098
8499
31
10580
9414
1303
1300
11007
10686
8666
2628
3883
2213
3842
249
10890
3039
6450
8106
7794
8870
5477
2461
3593
2948
8374
4687
9987
11122
1202
10394
6703
10855
9706
2152
5006
4155
9456
6201
7354
1384
3016
6594
688
8430
7850
528
6242
2711
5818
10754
3704
7926
4323
4190
6966
4220
2675
5235
21
10759
2037
5693
7639
4002
11629
2556
38
1730
10078
497
7359
860
412
11582
4483
1306
3198
9230
5317
3985
9333
8079
7616
8882
472
993
11878
11193
100
1010
719
5604
8256
196
3960
4979
9561
7104
5221
9679
64
5191
8758
9504
5213
3336
8409
8416
4728
3575
2477
5461
11896
7920
4226
11267
6608
592
8943
5948
632
1784
4043
11534
3656
3030
1659
448
560
5152
10438
4589
445
7808
1574
8439
7306
3319
1414
3506
4568
4
741
1791
11226
6682
577
2818
10408
5711
1515
1161
11662
11860
1288
7537
5675
2235
1576
8903
1090
5037
6984
2693
4460
3479
7279
8304
5556
6670
9216
7630
9186
4485
7056
1250
8521
4207
830
8125
9718
8535
10907
2317
657
8376
3983
11742
6737
11938
11725
6145
2604
4710
10010
3611
9577
4502
6167
1786
9239
893
2221
7127
2191
52
3158
11952
7399
1325
416
285
9232
10935
2596
8880
5467
1780
11633
917
3962
3649
942
10799
8384
5445
11955
8798
7064
9601
4000
145
1570
9194
8296
5564
9224
1322
11189
10921
476
6976
5827
9823
1062
1763
4988
9688
1709
7913
318
1253
1767
10895
2665
6663
420
7009
11404
341
4192
5549
2501
4473
2723
7314
3514
4222
10133
7852
8432
6240
1777
7049
10068
8088
1427
1773
2647
6343
1587
4833
10543
1583
1986
10892
3840
6452
3664
10089
8069
10631
5328
8872
1441
4969
4234
9669
2150
6513
11817
9496
1477
4195
6161
3344
8424
11922
4653
7096
9953
9208
6491
293
10851
5596
8264
4717
3565
2467
4500
661
3547
2445
4712
7624
1725
10012
8863
3725
9449
4578
4462
2564
4151
705
11861
2827
6672
11794
1736
7891
7632
6229
6974
11585
10248
3469
7934
7269
1289
5665
10746
192
3696
636
2009
6586
9727
1734
596
2549
11104
11845
5723
5501
3024
7346
6680
9464
5647
9714
3973
7922
5014
1157
9545
11465
10386
11993
8366
2328
7118
6177
3032
3829
8249
7288
3488
5150
6023
7786
9567
8114
1436
8372
3243
5828
7443
5489
529
1619
11908
3340
10392
8420
4230
3685
2154
4333
209
7916
278
1470
4561
9979
3844
1697
4679
3660
6595
11357
1693
7792
8797
689
3026
5993
6244
7939
3702
10752
1555
10395
7413
2975
7310
3510
6843
9483
5468
11612
7352
3157
7795
10813
6592
11354
527
1372
2583
718
7085
4456
1946
9155
955
5231
5585
7626
9190
9323
786
5560
1239
6666
9220
5327
6499
11021
7060
994
4004
3011
8380
10067
5602
1035
8283
2648
8087
7102
184
7899
2159
4706
10006
8884
10045
9687
4987
7003
3683
11242
8866
2828
10886
11988
2489
11225
8110
6446
5154
9502
4239
11057
9710
5010
3329
1631
1849
4577
2993
3548
44
6684
9460
5975
449
3020
9207
1280
8426
2468
4718
1969
7846
3181
6970
4216
10101
11054
7930
11895
9485
4186
8302
8771
3205
5583
10791
9568
6178
7117
2231
7083
7287
3487
2585
8141
11571
7391
2560
2327
11726
6982
11321
269
6551
6011
2602
7620
9226
11767
10351
8643
5648
622
10265
4504
9728
8115
8531
8285
8363
5159
9589
7751
8260
11491
9043
3956
711
10247
3964
7100
1900
6459
10931
5600
8382
1951
9833
782
5817
12
9195
4496
9234
9969
4669
6963
390
2965
9988
105
4688
2199
1930
2947
7062
7859
6709
1984
9192
9473
5562
5478
9222
4194
8757
4224
3512
7312
8434
7854
4601
11338
2573
10750
6555
3700
11020
6590
4823
5318
7253
10621
3453
7350
1238
6676
4232
10635
2733
7755
3197
8370
10077
10293
8273
10390
8422
3342
10123
1254
5146
2038
10355
10894
2006
914
3662
6454
7790
3949
8874
4545
11943
1961
7622
2600
4714
10014
3673
8876
10407
2817
1548
1482
10311
4567
3715
8262
7807
3996
5965
10437
8300
6674
1915
3741
8403
7634
5199
6980
4464
6607
5947
626
4727
11996
2478
2562
8805
3171
6033
6168
3819
7073
3022
7128
4449
8781
9462
11038
5573
9578
6972
6738
11320
11294
7932
9151
2318
11570
10908
1989
11466
6236
72
3034
10275
1870
4208
11427
5733
11846
1671
10061
9717
8909
9653
11668
3836
8112
4953
2146
11490
9712
5012
6189
7924
8053
5038
11586
610
6219
1861
9500
7538
165
4379
12006
3360
2425
3527
7463
3263
659
9072
7211
9869
10831
8672
1439
11359
10692
3640
4541
3864
5917
3385
9933
4633
346
11967
11929
7959
8491
2847
7652
6264
10471
2098
190
4131
3767
4515
11384
86
2865
3402
6863
9429
7713
3745
10695
9888
1888
3137
9623
7326
11665
4923
6366
5627
2529
1855
9747
957
9135
4436
10726
5540
899
6114
2788
8177
2286
6249
7040
2116
1393
9765
10228
8023
7954
11035
11032
1037
4406
2769
4419
3849
8229
11174
8974
299
3052
9387
9080
5130
10994
9291
9525
8680
9121
5814
4074
2139
3113
2348
8586
7175
396
10566
4076
5425
6296
61
11975
3091
10584
6798
9410
9313
3629
3383
11059
9252
3280
4259
7480
11944
11991
2917
9914
8976
7598
9440
5847
1455
6880
5098
616
11084
6384
1732
5865
3896
11433
1142
7029
8452
10153
7832
6069
2627
6872
7691
5529
11008
3919
2540
1479
5788
8161
6424
5286
5116
10212
8513
50
11335
8663
620
10720
11769
4912
11332
7824
4109
5769
4254
2130
6432
7320
8240
7193
7472
5139
1447
3272
2814
6088
5348
8343
7223
3801
3423
10651
4853
1993
9009
3936
9063
10497
1549
6439
3050
9082
3944
2308
5132
9879
2806
780
4369
3518
11898
961
10609
11462
5928
4246
4748
7816
377
8682
11602
5124
9811
5294
3777
8608
6943
392
517
11228
6416
6409
10481
7839
7042
739
5893
4388
1041
5542
2875
8737
8145
1980
6535
10321
2911
5618
3904
6376
7650
2012
11363
8167
708
10217
873
287
9775
1382
10187
7721
3303
7503
10505
3400
9906
8984
7735
9070
10655
7147
911
3362
1921
6903
4887
2779
7165
6521
10335
6125
2058
10576
1618
885
6304
8670
7999
3642
10690
4084
147
10574
8594
2132
5308
5806
4066
358
10722
8201
102
4910
1973
10986
2928
8966
3373
6430
4414
8242
7322
1561
3270
1981
10707
7470
10457
2124
9103
7946
1270
2294
11905
7830
3761
8450
6106
10734
6870
4444
2893
10210
6374
2542
7334
5875
11773
8703
1304
2618
5911
4299
1572
9442
6079
6882
11063
6758
6256
10015
9793
10041
9412
243
11429
3856
721
1848
5779
1782
612
5058
11876
9250
7482
7558
3282
9353
9341
11868
5016
10909
2506
2319
1880
10112
8275
7516
11646
6739
8061
9661
6995
9579
4961
4448
407
7129
5704
10053
3818
6169
810
931
9237
11492
369
5593
10781
7539
9163
6716
2575
3477
6218
7277
1702
7093
6188
2336
9511
5039
1071
5842
8908
7381
11572
2030
2656
487
11322
9315
11448
4209
6992
10300
11393
6694
678
10403
876
7405
2983
1585
5985
8437
3317
3191
11976
826
7421
923
1279
3221
7803
10805
5960
4176
9475
2611
6835
3604
4325
11423
10876
1960
2479
6002
1075
11241
3693
6821
8407
7435
1765
3235
5198
1775
882
9606
10262
840
4587
8311
6603
1963
8077
10370
7140
8293
5319
5506
1394
2016
10273
8123
10422
8390
8635
898
6214
8894
7770
894
6730
284
10874
9035
2704
4610
3711
8355
4977
1546
9677
3948
7075
10434
2593
7261
8750
3461
7637
5575
11803
10757
4174
2039
9021
5336
2842
3213
1727
1240
8621
3152
1966
9180
5030
1723
144
5656
6570
7357
11022
7530
4744
11093
4668
5983
9968
9742
2985
11611
9493
7111
9172
2960
6582
6458
6951
5611
10382
3002
5479
11277
11807
6708
3037
582
7858
3675
8931
7782
11249
2198
309
4031
178
1544
4689
9989
3556
8265
3564
4841
10115
10531
10285
7763
1912
6000
10643
822
8351
2725
112
6179
81
8247
3827
10363
9569
10260
11389
3467
2565
7267
6563
6227
10302
9588
10771
11932
5158
8791
5
9729
3445
2547
7245
4815
10141
7371
5649
11419
6331
5962
927
3328
4736
5664
5840
9447
4238
6955
9701
11444
5001
2973
4166
9465
5344
8101
11695
6990
2488
1278
10426
2829
2032
2696
9825
2469
10866
4719
11240
8886
10110
1067
6206
1540
5514
9203
2024
1985
3549
952
11204
11475
9645
4945
6498
8067
9614
10380
3000
10283
5725
10087
4967
9667
7780
1513
1517
11089
10884
8045
5565
3596
4184
7065
1172
11253
2158
6025
9740
6580
7898
7007
5547
6686
2649
586
9170
7047
2962
8395
172
2664
2840
4678
5973
8752
9978
2344
6572
8813
7532
11610
5488
3150
6724
11506
9182
5829
5032
65
7397
5696
3665
10372
5469
7142
729
4553
8392
10420
11708
4612
3647
7524
10797
1652
11218
11799
7938
7772
5024
2514
1450
3501
3723
7301
6732
3927
11716
9361
11331
1601
8041
6759
5404
1614
7017
6078
4941
7183
2619
9641
4298
9257
4796
3105
812
5517
5900
11676
9533
7681
9143
7559
5862
5059
2356
1104
9615
11478
4915
9773
5778
8015
2636
5276
6890
4523
10450
11705
8734
8457
3812
2274
1268
2929
5940
7705
5054
10703
3753
6394
4901
5309
2873
6855
3617
7554
8210
11215
8722
10201
1077
1616
4086
3255
7455
11214
8574
9107
10594
2433
3081
9925
10242
7490
4625
3290
8707
3120
6754
3393
8986
10966
1224
891
11031
4867
984
7160
10984
3411
2404
9090
9377
8655
9055
7507
10670
3307
161
8690
4845
9281
199
11940
5619
1844
2517
3415
8335
7215
2900
7185
8576
3441
6907
7241
8321
7998
2862
5356
10737
2059
10145
7657
2778
7202
8505
4427
4764
10167
7337
8217
8187
5636
2276
1182
9762
3126
4749
8481
5929
11496
5274
10608
11600
3519
2940
1943
2054
290
4368
5873
9878
2309
6438
539
11264
580
11809
3057
9305
11279
246
4389
9417
7838
5433
10682
9800
6408
11247
11556
8609
11136
11698
3536
150
11460
1846
3375
9051
3544
4861
6895
5789
1938
10663
11330
820
8720
3918
7743
11009
8497
1840
5528
11387
6133
6068
3292
10240
7492
1467
7173
8651
343
10343
7028
3122
3810
9008
6543
7671
5349
6892
2046
8153
5138
6089
10452
6631
83
7495
3295
10513
5266
8212
4108
9783
1081
5942
5768
3134
11417
1908
1481
10161
5860
1269
2284
5644
4756
9297
816
6935
4258
877
3628
2883
1342
6799
5364
5885
9401
11995
1643
8584
1647
47
3071
6921
10976
5902
1065
2396
258
5099
7599
10974
10229
9367
6248
8994
2789
4877
11030
6746
1610
10586
11445
9345
2528
8566
2
11087
10680
4094
9802
9271
7546
11865
5046
2349
9760
6386
2138
187
10177
9785
95
2266
10023
8228
3848
8726
4418
2942
2768
3097
11813
11283
2860
5284
2644
3787
11601
10491
6851
9095
8471
5883
9868
8695
2364
7200
1878
2885
1751
4378
9889
9092
3347
4804
9428
681
7162
11797
7697
2902
3365
11461
2099
5396
7451
1813
8831
3251
10672
8692
7958
1817
972
7156
11184
4107
5767
8025
1355
11949
228
1047
9086
8686
5137
386
5745
10666
1298
10499
4925
2896
9625
1103
1015
5402
8580
9007
1100
6067
2629
7027
170
2091
766
9523
11675
5263
5527
1219
8498
12008
5360
9901
1032
5385
6045
3917
11715
506
5864
2280
5640
266
11003
11159
11539
2383
8005
3130
4615
5052
11374
6392
11508
435
9915
5849
642
4143
7981
1223
7552
11524
7613
1430
10595
2936
8732
2801
5113
4773
2423
3814
2272
10244
6752
11216
6395
4361
3627
1521
10843
9796
4257
1413
8724
11706
4533
731
8572
6813
1438
2919
10592
3540
9941
9298
4641
2767
4417
6791
3098
11309
8563
10178
4305
11779
3847
8227
9389
11919
2137
1654
2745
11619
8331
5896
10982
1789
3865
2402
4800
10551
11747
1579
7204
5629
6351
5091
11551
4762
6265
2263
7225
2527
3425
2360
7591
12005
9749
4878
983
2385
11764
11891
2864
1207
5280
2640
8179
675
9368
6247
5383
2052
6886
7957
10446
2849
11074
7698
3769
1700
1192
11132
11135
11555
9764
5936
1152
5423
3348
2113
5801
8206
5272
3139
9427
10684
4090
4377
8955
11644
3529
753
1127
9867
538
206
555
3116
1383
110
7486
3286
10970
3788
4055
6101
1656
11495
5919
9845
11990
8990
4281
2761
7494
3294
5777
3124
1957
10555
6750
1299
303
1650
8570
3542
646
10590
3893
6621
10676
6635
1706
5518
9258
7550
1218
8214
6077
5944
3132
7018
6293
5050
4297
9756
6123
6390
2270
6355
2373
4401
6894
10454
874
3928
8730
1711
7971
2856
10459
1874
5362
6931
1704
8708
382
4783
9108
2282
5642
1051
7196
11543
11163
790
10963
1857
5904
1853
502
3618
4051
7
9861
8582
5400
8458
8951
762
5303
10709
10033
7338
8218
10168
7149
5761
8188
4889
2777
4092
1488
9804
8716
4428
10972
10738
3875
1934
7658
11648
8992
1542
7997
11297
6908
10236
11866
2518
11550
6275
11827
4095
11446
1904
8739
6061
3806
7508
3308
2944
2050
11890
10189
5270
1131
8169
11692
10219
9378
5373
4868
8995
67
607
4760
3779
363
5856
2362
11623
8821
6407
9418
5282
2642
7837
11313
6311
11783
8603
1739
4785
3058
754
9877
1211
2904
3911
6437
131
10674
8694
4367
896
10980
2400
9094
4802
8835
10607
2303
4271
11956
4345
7164
5510
2020
8386
10366
7136
9325
5702
1045
2548
11741
1357
3993
1821
9587
6726
11154
7766
10114
5157
2181
3468
10249
7268
1017
4606
6228
1089
8746
5685
5340
7289
3489
2683
8248
3828
5243
6994
7119
4475
9176
2329
5026
11645
11537
7526
796
11157
5660
1249
5844
6566
4511
138
4163
640
3602
6831
2956
7871
6692
9209
4315
1919
11661
703
121
3585
2487
8851
3231
7431
10264
6471
164
2205
4341
679
6004
0
10863
4237
3327
444
4661
3560
6695
4579
9961
9448
1893
5020
2510
8892
6153
8089
7048
3975
10069
8631
10872
1009
296
2702
7520
11777
7008
8543
5548
7897
11307
11617
2157
10424
5181
11749
9031
9689
6212
4989
3154
6720
2685
2340
1738
2243
5683
9668
8895
4968
4742
10432
8133
2026
8068
5329
10088
6651
104
4493
11581
6497
2660
4172
2844
1205
7937
11303
4021
10296
9174
1122
3648
6584
10798
89
5956
9744
8921
7398
4180
3159
5487
7784
8935
848
10880
3583
5205
1125
9610
4011
10384
3004
11121
9977
4677
897
11833
1489
349
8799
4035
1557
2741
9719
11740
1553
8907
6321
10535
10376
4825
2996
4203
2171
3478
7278
3562
6217
913
6187
982
6505
152
7776
986
3817
4701
9238
2673
10001
6655
3600
7905
871
1088
10903
9736
4447
5964
1290
10521
6335
10125
1248
6576
292
1695
2715
4465
10304
9166
6690
45
1021
5342
4588
10439
2836
541
380
5197
2034
6609
1361
9815
5949
11498
11862
5662
704
11660
777
7881
4729
8408
3146
5700
11696
11138
500
11558
10943
792
2022
5512
10409
2005
10416
2819
9841
1927
6481
1612
443
4569
760
8438
5453
3318
193
7809
1008
3199
5741
9553
11678
7358
3965
10079
5996
10882
5171
7638
10758
10256
9612
11718
3947
6015
11299
6041
8759
11829
5673
9678
4978
241
2964
11580
4182
1106
11476
5715
8078
218
2342
5836
6574
11753
7534
4740
6722
2197
3733
9184
5034
2949
6986
1578
7857
4170
2662
10430
728
3038
6707
8754
7522
6457
4614
2700
3573
1226
1788
8890
97
4645
2512
5022
7774
10106
9945
5819
11505
6734
10870
8855
185
1842
2453
6210
10374
7144
11120
9967
4667
8394
1160
1520
11663
8618
1358
128
5145
10356
5737
7258
3582
3458
1295
1018
9550
3951
10636
9018
5167
7756
1116
270
4599
6675
446
1334
6037
5984
3708
10619
6556
5670
9494
166
4492
1903
3214
4028
4173
2201
2594
8132
10433
1424
6711
11743
4743
702
2242
5682
8928
2966
1498
3730
7861
1251
7108
6213
794
2450
8294
6948
5608
8124
6461
10929
4495
10274
9196
1933
9971
3570
4671
2703
8542
6152
8893
10873
1091
4200
8911
6317
7378
2145
10862
846
2737
10059
3694
11750
6604
10778
3835
6191
9508
10276
11301
2167
6221
1873
8779
4451
6235
4958
1701
9658
11831
4697
11123
9997
3821
2984
6693
1714
10404
9149
9338
3603
4162
2670
10900
8058
10517
870
7804
7094
3739
8806
1716
5201
5594
8308
9164
7877
6818
11192
294
2682
5242
1011
3169
5966
3995
7418
6477
3218
750
11583
3188
5450
9837
2608
106
3716
8875
10054
210
5703
598
11148
10940
3992
4546
10309
1232
7901
11515
4554
8627
706
11365
10046
10005
11739
4705
1359
2452
6150
3724
5023
2513
5177
11206
9027
3572
1473
2161
7523
1019
8540
63
1087
8130
5974
5229
1977
4490
7625
1215
6665
1710
2663
6501
6723
9156
4455
5586
3009
3732
1387
8814
2343
6647
7086
1247
5680
2240
7796
11915
1799
4017
1458
11175
963
3498
7298
4183
7941
1112
2976
10396
8917
367
11659
5672
9613
11684
3025
10284
6596
595
5491
793
3686
10883
7915
635
1023
3580
9981
4559
4681
442
11724
4007
1651
9552
1183
1524
11144
11564
8529
3955
6328
1007
307
10349
7368
11065
475
10138
5452
8116
5513
10266
9204
2023
2177
11300
8286
1476
5161
8788
11751
3990
7749
9591
10942
10768
9225
1143
547
11256
2229
2974
11632
8769
1948
11547
11635
10789
11830
5663
10528
4838
2586
6549
6009
11504
11579
3206
1417
8139
5343
8348
11887
7389
771
2680
5240
415
1743
4215
1174
4185
11945
9486
1747
6564
4507
1535
11970
7845
8425
5976
10902
10099
7867
6827
2672
4160
3179
4337
7764
8098
10860
10644
11962
3563
1526
6467
4202
231
2491
3227
8847
7427
3
976
10364
3331
4657
11119
9957
8865
4998
992
4241
9698
11755
6445
10885
944
11638
11196
1048
5434
2781
5757
10336
7166
10575
6126
1967
768
1297
10030
1627
1623
8001
3438
7238
8318
7736
6519
9905
49
10656
10506
2909
9278
10319
11068
5273
2112
5422
5370
6057
1186
9776
7719
5874
6536
11436
1146
11540
11160
6375
1798
8146
3408
2053
8817
643
6411
5382
8600
10479
2876
9809
384
238
2262
6415
11758
700
4763
7841
6307
221
973
2403
264
4371
10983
7815
1820
2300
504
6441
3907
4245
9881
8478
8562
2805
1221
764
10611
4267
11780
6812
8573
11310
2434
5781
10593
2757
10039
1602
3890
10842
4532
737
3855
6617
300
7678
11822
6753
3394
11620
11368
10016
2273
11514
9638
4301
5909
4772
6255
4938
2422
5112
6081
2370
425
11518
7612
4524
8733
204
4142
1208
2874
9358
7553
6290
4397
6120
10704
3754
6393
8038
5053
4780
3759
2382
5876
11002
9144
6927
1665
7967
6105
5262
9522
10198
1164
1026
189
7945
3078
9774
9857
5403
752
1128
8199
4047
1330
5300
11893
966
11178
10985
1685
4898
8965
4065
10960
5805
9534
11553
8947
7184
3851
8231
7176
8585
10565
11737
9526
6787
1049
2302
2771
4421
920
4803
10547
8560
9289
8327
9119
252
4405
2141
2531
2285
7587
1085
9766
2115
9268
5283
2643
6347
5087
10725
1499
8602
5380
1217
852
6251
4435
9136
2260
7325
1245
5884
2363
11541
6365
11161
10696
479
3746
4129
383
7961
8489
644
5420
2110
5372
7448
1301
10469
3248
8828
2866
9431
1752
5797
4516
11145
601
11657
10024
3386
7209
9871
4381
10973
399
8993
503
11272
11654
4093
93
4277
6097
8468
10829
2426
565
10032
6848
440
763
4539
10488
3935
11781
8583
10158
1826
11311
5302
1113
1005
4111
5771
9011
11621
847
10962
1894
6628
5141
3799
7668
10649
5531
5285
5115
5643
8648
2283
1835
141
7031
4782
11549
2087
2380
6071
11000
7689
4858
9048
5260
3921
9520
11889
2884
1209
5363
9897
118
8159
756
11577
8154
7610
6918
7977
5110
2420
4770
3895
2372
5866
6544
3068
6292
9784
3133
2797
6122
4140
10514
1886
345
1824
10664
3089
10840
3892
4530
7744
4357
8975
3631
9398
6810
1129
3543
197
11117
9937
4637
6134
85
10344
7174
5426
4075
4261
6295
11432
6769
9245
11435
4881
7729
10683
9371
1638
3886
5088
813
6139
9
9267
6348
5432
10329
615
7588
8549
11704
4809
8328
2366
5069
5872
10020
769
7569
10548
6529
3101
5424
6788
2114
11195
943
6116
11258
9763
10181
6286
2249
1267
2264
8467
5880
10487
6847
4776
10205
4278
7203
6098
3791
11982
6865
2863
8445
7825
5384
1176
11333
8564
5296
7465
3265
6425
974
3351
1078
5798
4905
7447
3247
8827
10956
1507
1955
1569
1503
7701
10685
8665
9898
4857
10243
6130
3392
9047
11208
10340
7170
2088
6814
8647
2432
10026
8501
10660
8723
10844
1400
9065
4534
7740
4144
2069
5366
6627
2872
3395
10510
7667
9780
3752
10702
3813
5114
7645
10157
2424
4774
6540
8150
4522
7614
5249
244
5264
8596
69
9524
2880
395
11599
9301
4638
11484
9772
9938
9397
5863
2384
11004
9142
1911
4358
11033
2296
1522
1163
9532
11280
11810
3067
2798
7182
78
11459
3045
7978
6917
9381
11329
365
10673
3407
8693
1898
11772
6779
7315
8235
4871
2903
687
2125
181
6058
212
2521
9539
7163
890
9093
814
9277
1541
2304
1271
10715
7511
3311
7579
7661
10741
2376
5079
10996
5882
9129
6911
3437
2535
8317
7237
5758
11926
8191
10171
833
7341
8221
4431
5256
8604
9516
4268
2943
7606
902
8477
5870
10022
5106
2409
10819
4766
2416
3908
1275
6875
4136
398
5374
9435
11237
4526
6308
2439
10836
9803
1079
925
9421
7475
3275
10034
1868
3061
6806
11146
4289
1678
9405
4119
11062
478
8818
5430
11029
4398
1040
8037
7180
10964
8675
9530
3931
5903
9357
5125
9075
9261
5521
4937
11603
1595
9637
8556
5304
7021
9770
7035
960
2079
5376
2882
11463
7677
6618
5535
9140
1336
2758
863
4784
1114
2256
878
6294
5943
8948
9782
272
6124
10700
8461
7989
3750
2870
8213
1712
10512
5416
5409
2106
10453
3621
305
8152
6893
4520
4897
11607
9858
2374
4048
6542
7493
11281
3293
6132
11811
3077
3123
10342
3390
1444
7172
5439
9111
3635
10197
10662
844
6928
3894
7968
7742
10949
11362
8711
2430
3355
6648
3584
10091
1679
10629
8071
4196
9495
1281
7783
824
6159
4971
3003
1925
1807
10383
9671
11391
1803
1869
1333
10280
6583
9492
9028
5178
9173
7051
1754
8628
2666
11243
7011
5551
10896
9743
2499
5982
11421
8810
929
1265
5684
4008
2244
3153
9599
6975
4494
2843
3212
8295
1756
2592
10919
8134
5970
5446
8544
6154
3720
1600
7401
8918
10936
1069
4018
2595
3497
7297
8292
3651
10423
10801
8122
10272
4550
7785
8347
1822
6602
10527
10360
12013
4837
10263
11613
10385
99
9546
261
8365
6003
7760
3831
8251
11091
10864
10640
3692
7345
8787
4164
10767
6231
11999
6585
3471
7271
7802
2178
6560
3695
10745
5666
6327
10137
7367
2551
1962
2982
5499
10402
9697
4997
11597
599
6993
5244
2684
286
9451
9958
4658
6468
7092
7889
3228
8848
5843
7428
1463
5592
11454
4149
481
3726
4338
2970
8097
9162
10052
6489
7868
11874
10849
2446
3994
146
6828
785
9200
583
401
11457
4508
11801
3566
5595
11250
10113
250
7095
3722
625
7773
6733
823
11327
11714
3574
8255
4613
8081
1568
9559
4981
7143
8290
5219
9681
10373
11390
8120
8393
11224
4552
6038
3707
10270
5189
3986
7615
2454
10761
9017
11205
1408
7641
5033
5168
3734
9183
8812
6573
7257
3457
2555
7533
2590
7361
11516
8753
5972
5738
183
1944
11420
5236
11366
2676
3210
8617
1978
9490
7925
2963
6965
6199
928
5674
1024
1166
6947
3015
5607
5980
1277
7107
9455
4156
2709
10856
2459
8927
5005
11239
9705
3041
9554
158
10282
302
8105
1841
1068
1639
964
11176
4027
1995
9202
1606
8057
347
10518
11027
10050
9337
10944
9998
4698
9241
2219
6146
11090
11255
2189
3609
946
11636
11198
8536
9657
5454
8375
4957
9507
7055
3481
2033
7281
8126
2168
11438
9215
1144
87
5555
4486
9185
10777
1750
5590
8519
195
2972
2738
9160
1184
7090
2236
11066
5676
7377
6318
10904
8441
3321
5963
7800
11756
2674
2607
3505
7305
11609
10303
2980
10400
6478
7417
6562
3217
3187
9838
5709
5459
1611
841
10362
584
1604
6817
7878
8411
6600
3655
8307
11251
7762
4591
1173
3690
4225
10642
8415
3335
4204
11800
3576
43
4049
2003
4852
9859
9062
8197
7192
109
3370
1674
6433
3422
4314
7222
8342
3273
1464
7473
5408
10711
2754
1864
11360
8662
7988
8949
3874
4913
394
2890
8512
10213
3757
7195
7969
3434
10948
7234
10461
8700
6274
6929
11396
9100
2394
1411
7833
10152
8453
5438
1759
6873
2855
1492
1054
344
5907
958
11078
9790
6356
1314
9755
1136
6636
4399
1676
8964
10675
934
9253
3382
2759
10037
9350
1038
84
6619
9312
10556
2078
9854
1866
4064
4346
1837
8034
1833
3112
3909
11168
8836
3053
10818
2408
5754
11285
11060
9634
4934
4269
4786
10477
8022
5890
8819
3781
4118
9807
11096
4288
6054
5394
6940
4922
2438
8014
9622
6309
5855
9924
7712
8996
4624
2907
10317
11786
11378
9538
3300
7500
6862
3403
8741
6059
10604
6778
7717
1952
169
6276
10191
3805
8171
10221
7653
4096
4891
10235
4632
11431
9932
11770
8673
3876
7151
5759
6404
10693
614
1630
8715
9128
9073
5078
6900
7578
3262
6517
910
7462
4359
3380
9352
3087
11812
3283
11282
7483
1363
9795
727
11361
6396
2921
9939
3884
4639
1636
9413
9310
7979
4104
9792
6284
10596
489
393
205
2935
5851
9443
2799
1456
837
6883
1625
9916
9004
4616
372
2543
8702
8006
2631
7687
8510
6046
2892
5386
959
2089
10150
1235
9899
8157
9102
4794
11017
8243
7323
5248
7190
9626
4926
2895
3372
7220
8340
1039
3420
8685
4850
10665
1194
5746
9060
8660
10723
10501
1634
8844
9085
518
11345
7155
3797
10647
4354
2133
8026
2068
1080
7207
4056
9846
3643
3115
10564
1670
4630
3285
7485
9930
3531
6902
11061
6099
3363
1860
5921
7460
3260
4279
4537
10827
8956
649
3771
8205
7502
3302
6860
4127
12002
6644
7710
10467
8487
2851
5935
1376
5799
3141
6364
867
11968
10445
6885
8548
5543
1687
1683
9751
7589
5631
10328
7043
11234
5892
8020
6349
5089
511
2386
6138
569
4920
9620
6266
8181
3426
7226
11567
7728
6768
6942
11317
11771
1609
3866
8683
2248
5895
1663
1667
3110
9391
11526
281
6789
11430
2746
312
4306
6528
11904
7568
11045
10549
613
9117
5133
265
9287
11487
8329
9083
4808
815
5068
350
9042
2821
10411
3984
5708
9839
11023
6479
1241
8362
784
10415
7811
11802
10307
3670
4571
2603
717
1373
8642
1566
2694
3737
836
1792
6983
3145
8904
9816
10441
90
3167
7879
186
4731
7082
2835
6611
5951
8303
5458
8400
5582
1344
9165
4466
2716
3608
8777
2188
6336
905
6575
4699
2218
10126
9999
9735
6030
7906
9147
7070
11048
2992
10519
6656
5570
6319
8050
6506
508
8944
7775
361
9503
2739
10057
5214
9721
8518
5730
11836
10536
2995
4826
1564
10375
3682
4044
2169
11092
4950
9650
2708
5821
11323
7002
8856
10927
11573
9334
9946
10105
1608
7103
4646
6198
1070
9830
5603
8282
5694
866
930
1366
11493
9322
6985
9470
6960
4484
2951
5835
1922
2582
2458
4597
10812
5716
6593
4820
6039
7250
5188
8761
3450
6842
7353
5218
9558
9482
4324
7412
10617
521
11422
5992
11348
10753
3703
2570
11914
6016
1537
10255
10081
1533
3594
825
3201
2214
5739
7793
1745
623
2730
5995
4332
3966
5169
10290
7442
3242
8373
11392
10393
6704
10120
8270
46
6696
585
4339
783
4148
8052
5013
3229
8849
9713
7429
11674
3974
7888
6469
4659
3680
4581
9959
11987
4952
11252
8113
2206
9652
5732
3586
6024
1459
11165
1412
1999
2955
799
11044
6973
4509
4316
7933
2990
11288
10097
5572
9463
11406
6829
459
3177
6032
7869
10848
3023
9211
5724
7072
6488
1890
1443
2227
7525
7291
3491
11979
6565
2563
7121
10787
5025
295
1758
9175
4476
8767
6547
6007
1237
5580
8402
8745
7387
11019
2331
8137
5686
7080
8527
8360
5498
12011
11375
4605
879
8263
10347
9040
58
6725
9954
7765
4654
3672
2179
10251
9326
7623
8864
8640
8385
7747
247
7135
10365
3663
4036
10918
4834
202
10544
3240
10292
7440
9598
8801
10122
3343
8423
1435
8272
5206
1397
4009
2732
8936
4233
6514
4557
4330
3452
6664
7252
6840
11971
9480
5955
10810
11344
4019
4822
7914
8919
10134
5990
3161
6344
2572
1474
7410
11106
7313
3513
10295
4474
2724
9193
5227
9320
9223
5563
9472
6158
283
2025
7063
11569
3007
8896
9824
2580
11319
10628
5331
6962
2686
6649
2498
143
11075
624
8091
11925
8629
10071
7000
9832
5179
9029
8383
9691
8280
4991
1560
1133
11489
3976
3178
2471
4721
4503
651
6487
10847
6205
8860
10098
310
8644
9044
1632
10865
28
3982
9950
3551
4650
8885
8364
9826
2695
66
855
9699
4999
10425
7084
194
9466
1374
4165
5584
2692
11191
2831
6956
7887
4735
8902
8099
4147
11832
7748
4816
10769
8789
11835
5720
11630
747
6683
2994
7246
3446
10139
413
10348
5651
7369
571
11687
509
6329
5497
8528
2566
9731
473
7388
8349
6020
8138
5153
4042
6548
3684
6008
4839
10529
11528
10788
9571
3970
8942
8768
2726
1343
10116
11302
2228
8266
5212
10286
6181
795
5471
593
11884
8284
3499
7299
7004
633
3666
8883
5695
9332
1490
4482
4558
9597
9820
2584
5692
491
5831
11859
4003
1312
9324
8396
10917
7414
4322
6685
4470
2720
6243
10130
1287
5994
6340
10814
2651
7066
6026
7910
6660
3595
2497
5566
6844
1917
370
9484
10627
8046
6510
2153
4334
1159
3244
3008
7444
6702
4830
6
6157
1196
5726
10540
3592
1528
4946
9646
5228
3843
2212
4040
5457
4954
9654
5734
3168
3033
2481
6022
458
550
6819
11405
9605
331
5210
11166
3236
7436
8309
7923
10875
8054
3738
3972
4326
798
8940
10308
1494
9476
4175
5574
6836
11127
6034
10806
7074
5722
1805
2609
11098
5986
3189
5707
163
11190
7406
7419
3219
6673
2655
7633
9316
9509
5041
1883
8404
1496
1409
1462
10779
7541
831
11631
10058
8900
11376
2576
8517
2335
4211
2690
414
7379
6715
11788
670
4463
10013
3674
4713
8862
6741
8059
1672
474
6996
9339
2321
10911
9148
7131
2187
8276
1862
667
6171
7515
2217
207
9659
11937
3980
9581
4959
8778
11752
9952
2505
3607
4652
5015
10294
6700
2457
3555
10124
8274
8929
2734
5481
6512
594
11105
6453
2210
10893
634
1996
3676
8873
1291
4832
4029
4691
3590
9991
10542
8433
7853
10132
430
6342
2574
267
4320
4193
4223
2722
4472
6197
10928
7254
6662
3454
6949
11398
5609
2986
2707
7109
7912
4824
1134
5655
2041
9019
9822
1316
6964
861
7259
4480
11974
3459
5576
11076
1718
9474
5335
1056
5690
8619
7076
9834
8356
1360
1829
3963
103
11863
9036
5321
10618
1929
1158
9233
3709
8636
936
5187
9557
5217
9330
1020
4598
1095
2015
5505
4253
2752
1329
4350
676
149
8664
8840
1262
3872
2395
3069
7823
10975
4854
7601
9064
11395
6919
7194
8344
7224
4312
3424
5101
2813
5886
2392
11108
4790
10154
289
6936
8514
1390
9399
1876
7232
3432
6801
6423
1731
6272
4755
3088
5351
7669
3798
10648
6091
2067
6629
9000
5265
304
424
3296
7496
11689
2045
10159
556
5247
6383
4100
1461
6280
933
5791
10583
8158
9314
1313
9049
200
9852
4859
3880
4062
7688
11133
8962
96
1053
8649
9913
3384
11011
6896
11821
11270
505
8973
5752
10993
9891
11594
9632
5395
3366
4932
7449
8829
10468
3249
765
8032
1423
563
8488
11854
11095
1828
4128
3114
364
5813
2101
4073
4538
10489
2886
6052
461
11408
6849
5392
11474
321
1719
1101
10828
8469
8012
4924
8696
9624
385
11286
11857
801
338
1597
1420
1593
8024
7953
9096
7208
6113
2351
9118
1790
8725
4807
10602
5067
9288
6527
9786
12009
6360
1285
7567
2265
6263
6385
9922
4622
7714
5045
1906
11973
7545
2247
6864
6640
2791
7727
6767
10231
9346
10585
11959
1936
8565
7464
3264
11785
6745
10560
10327
4634
6137
9269
9934
8547
3863
436
6402
8985
9850
5437
3882
3079
4060
10965
4626
1328
552
10199
9926
1130
11693
10947
7456
3256
297
9354
1562
8960
3758
11946
4085
488
1002
6856
7987
245
2931
5407
1796
9002
7706
11129
5311
4899
4102
9794
6282
8198
1364
11346
1794
5061
519
5275
2635
1571
423
10733
7679
8016
2123
9104
7561
2390
2077
4792
2293
2355
1505
6373
3430
7230
4916
8704
9616
6270
10038
7333
4443
1193
672
1406
2894
1210
834
8039
6761
3106
4795
8842
3870
697
10573
2750
9359
11312
4352
8593
11782
4413
11622
3374
4310
11820
537
4939
1781
2621
5908
9639
6904
3535
2437
3376
11271
1529
8983
1959
4391
8611
4117
6303
1940
4287
6400
9808
4083
843
10562
9306
10478
11916
564
3903
6362
5931
432
2002
11734
18
648
2407
10817
10600
645
8479
4751
2311
41
3304
7504
6642
3521
9920
4620
3125
11046
8010
2061
6518
7577
5635
2275
3439
8506
6050
7239
8319
5390
5123
92
6944
5077
5293
9127
457
5355
10146
11162
11542
1346
11525
5894
864
8336
7216
3416
352
3409
8575
7186
9630
4930
11838
5750
1050
9056
3943
7718
6777
4846
9537
8656
568
8030
1097
10318
9279
2908
5621
