79
19
40
78
20
78
3
73
22
34
34
63
44
63
69
63
46
63
16
28
26
28
29
44
4
8
53
72
15
72
30
38
18
24
59
24
48
66
50
66
47
66
46
66
42
55
44
62
49
62
70
62
71
62
73
17
5
1
60
83
81
85
81
17
48
51
48
6
57
16
57
75
26
75
35
67
47
67
71
67
43
67
27
50
22
35
40
58
3
13
14
80
86
27
45
7
40
7
79
54
56
54
24
76
38
61
48
61
45
61
70
61
77
69
23
69
58
25
56
25
20
25
18
77
28
30
75
30
25
30
36
30
4
0
8
0
5
0
6
0
3
0
7
0
2
0
1
0
4
9
11
9
0
82
2
17
49
51
49
6
41
41
53
26
53
60
79
10
12
13
12
72
27
30
27
52
27
33
39
19
31
76
31
56
31
29
47
86
83
80
83
5
70
30
37
82
84
82
84
24
56
28
29
75
29
32
29
58
21
50
65
49
65
39
65
37
65
55
52
53
52
3
10
9
10
2
18
4
42
60
20
83
85
33
46
82
80
82
80
5
13
72
71
52
71
59
23
38
68
35
68
69
68
39
68
54
32
25
32
31
32
36
32
55
15
76
36
21
36
20
36
41
57
32
43
78
26
24
26
73
51
53
51
42
51
8
59
54
22
31
22
74
22
1
77
74
59
74
34
64
45
64
37
64
43
64
6
11
32
33
22
33
