19
79
78
40
78
20
73
3
34
22
63
34
63
44
63
69
63
46
28
16
28
26
44
29
4
8
72
53
72
15
38
30
24
18
24
59
66
48
66
50
66
47
66
46
55
42
62
44
62
49
62
70
62
71
17
73
5
60
1
81
83
81
85
48
17
48
51
6
16
57
75
57
75
26
67
35
67
47
67
71
67
43
50
27
35
22
58
40
3
14
13
86
80
45
27
40
7
7
54
79
54
56
76
24
61
38
61
48
61
45
61
70
69
77
69
23
25
58
25
56
25
20
77
18
30
28
30
75
30
25
30
36
0
4
0
8
0
5
0
6
0
3
0
7
0
2
0
1
9
4
9
11
82
0
2
49
17
49
51
41
6
53
41
53
26
79
60
12
10
12
13
27
72
27
30
27
52
39
33
31
19
31
76
31
56
47
29
83
86
83
80
70
5
37
30
84
82
84
82
56
24
29
28
29
75
29
32
21
58
65
50
65
49
65
39
65
37
52
55
52
53
10
3
10
9
18
2
42
4
20
60
85
83
46
33
80
82
80
82
13
5
71
72
71
52
23
59
68
38
68
35
68
69
68
39
32
54
32
25
32
31
32
36
15
55
36
76
36
21
36
20
57
41
43
32
26
78
26
24
51
73
51
53
51
42
59
8
22
54
22
31
22
74
1
74
77
74
59
64
34
64
45
64
37
64
43
11
6
33
32
33
22
