773
2175
2974
2107
2897
1910
3101
3100
2402
2586
380
382
1606
1727
415
416
1737
2612
20
591
3521
1124
1133
2351
1133
454
1042
642
643
510
2049
421
1663
19
312
207
145
190
145
712
3679
876
2140
3625
3540
1870
3540
3087
2888
2440
3011
471
3452
2743
3452
1774
2402
2633
2402
2894
2402
3892
2239
1992
2239
3077
3151
2995
1104
2083
1252
909
1252
601
606
3819
3003
2297
3348
486
2323
2719
2724
1020
932
476
932
3245
932
2776
848
1328
848
1735
848
3755
848
1934
3827
2291
2919
3351
2919
65
16
69
23
3906
1776
1018
1776
1880
3625
2978
2868
132
2814
943
1294
825
1294
1600
3461
1530
3461
870
3162
3837
3162
1599
3162
3153
3162
3809
3162
3848
3162
1884
1441
2260
1547
1549
1547
2988
1693
2100
2345
1304
461
1707
461
2361
461
2624
461
1647
3434
1324
3434
2023
567
835
567
1633
1817
637
1817
1565
3698
216
227
1478
2001
404
2001
2384
2370
1501
1500
2152
625
3798
625
1731
625
3226
625
3278
2544
3117
2544
2729
2544
3118
2536
2556
2536
2730
2536
976
1495
3171
2297
1740
3824
1307
3824
3864
3824
367
2170
537
878
54
57
1610
3099
2531
2269
1466
2269
3266
2097
831
1915
1483
1915
884
1915
424
428
1356
673
3686
673
428
1072
433
1072
2155
2392
2155
2392
1936
1094
1550
596
1575
2181
3706
3680
3217
2898
3874
2898
3861
2898
2810
2898
2907
2898
1711
711
2593
711
720
711
2075
3539
1432
3539
67
34
1554
554
1592
554
2425
2145
985
1526
3011
821
996
821
2185
821
2309
1379
1587
1379
3747
1703
2547
3556
2583
3556
2979
2340
2736
3281
3813
2991
3532
2508
2588
2574
2993
1304
1580
766
814
2653
818
2653
1227
3663
3955
3935
2129
2123
1556
3078
488
3255
2881
2737
3680
3437
1874
3437
2914
2262
1527
2262
1856
620
2841
620
1999
3892
3909
3892
2471
2375
1022
2375
2449
1505
878
1213
3602
1213
3116
1471
3115
1471
1883
2307
410
1577
408
1577
3239
1577
1060
1059
1060
1059
1807
1490
423
1734
3902
1991
1750
1746
768
2838
3315
1929
2423
1929
2323
3126
3625
3126
878
3126
1865
3126
2075
3126
1870
3126
2066
3126
3449
3126
1432
3126
3127
3126
1435
3126
783
3126
3626
3126
3410
3126
1323
3126
1868
3126
862
3126
2849
3126
3271
3126
899
3126
3602
3126
2852
3126
930
3126
2056
3126
1424
3126
458
3126
469
3126
1381
3126
914
3126
1462
3126
1198
3126
785
3126
778
3126
1460
3126
2851
3126
2423
1333
3275
2687
2585
573
1705
573
3838
1971
2585
2366
1469
3658
3034
3897
1799
3897
790
3897
3059
740
3574
740
3556
3083
2313
3083
1619
3083
3558
3083
1581
3083
3525
3083
3510
3083
3685
3083
1587
3083
1593
3083
495
496
63
132
1680
3176
1337
3529
3046
3529
2864
3529
3008
1429
2745
1156
3652
654
1109
654
8
137
525
1626
1409
707
705
707
72
123
3086
775
962
1283
832
1283
3882
3860
3084
3860
1698
1684
53
505
1879
3329
2980
3287
2980
3224
3194
1991
1760
2461
1760
2462
1760
2598
3290
1056
3290
2134
3290
3783
3290
1912
3290
3756
3290
3721
2872
3256
520
634
1605
852
1677
1704
3691
667
1590
1303
3309
2819
3309
1527
3309
877
928
2744
852
2608
2755
2606
2755
2407
2755
2406
2398
866
1248
944
1248
2451
2892
1986
2231
188
166
353
166
1004
1038
3207
3217
3324
3874
1553
1791
149
306
215
306
826
2674
2427
2608
1693
2553
2370
2553
1896
2553
541
2859
3634
2311
1442
2311
2975
1415
87
93
2183
3802
2418
3802
1049
3802
2897
3802
377
378
634
3447
1070
2842
675
1849
3163
1563
2667
1563
717
3582
3599
813
3591
3530
3183
3197
503
506
1088
506
699
961
2752
2111
1908
2111
314
355
356
355
17
311
1854
745
3559
745
278
155
2366
1221
3564
1221
3888
1765
1796
1765
3881
1765
530
3675
2148
3711
3971
2258
2899
3289
1325
2979
2557
2486
275
299
1704
3703
1957
1941
2438
1941
3113
3859
2749
770
3057
770
2367
770
770
2512
2723
2512
2329
2512
1849
697
2037
697
2486
543
3102
543
2742
3444
1428
3444
1898
3444
1591
667
666
667
963
2902
3911
2902
3723
2750
3182
2388
3444
1083
2262
3310
3309
3310
3899
3877
2906
3877
3031
3877
3320
2419
2431
2419
591
1600
1787
3214
3966
1014
3629
1068
1713
525
2767
525
1470
525
2125
525
3895
432
427
432
3872
2644
3860
2636
3843
2636
1684
1595
1090
1595
1089
1595
1745
882
187
223
233
324
329
324
2545
1410
2533
1410
3833
2166
3314
2166
3311
3353
1940
2998
3913
1801
2913
1801
1806
1801
495
3571
1660
3571
2536
723
3263
723
852
916
2975
916
657
1356
3557
2017
3129
2017
477
1647
3070
1967
3964
2003
3747
1406
995
2256
2468
2256
1805
2256
2209
2430
2355
2855
3673
2855
98
463
793
900
389
900
375
900
2856
752
2286
752
1019
895
476
895
800
1037
3321
1582
3209
1582
3941
3927
798
3383
3550
3383
1584
3383
2873
2964
3312
3325
3326
3325
2098
3325
2768
2759
3583
2046
1376
2046
2314
2046
3280
1443
1152
1443
2867
1443
3715
2034
3100
2880
3177
1691
2131
1691
3734
1691
3317
1691
1099
1691
3765
1691
379
1616
958
1616
779
1616
213
259
228
259
2855
3476
3575
3476
3114
947
310
347
1017
3035
1608
2148
2766
2148
1942
2618
773
2618
2186
3813
1371
1661
1632
1358
3058
1358
3050
1358
2195
3801
3635
3147
2382
840
2165
2589
3259
2589
501
3648
1327
2321
2952
1425
873
1425
2357
1532
2638
2787
3181
3692
3182
3692
1092
3692
365
2772
1748
3745
2180
3745
166
335
3802
510
502
510
664
1860
765
1131
2322
1131
526
3507
3266
3507
3192
3507
1112
641
3038
1784
1950
3850
3014
3850
2202
3850
68
126
2896
875
864
875
3841
875
1882
807
3757
3712
713
905
1756
977
1465
977
3602
1211
930
1211
1883
2076
1612
1473
2393
1473
658
1473
1607
1473
601
890
3353
1628
3299
1628
88
3964
2783
1331
2405
1331
1556
1331
1570
1331
2859
2522
2201
2435
38
218
372
3846
3301
3846
3295
3846
70
125
2497
529
1851
529
2041
529
863
1993
1619
1396
1581
1396
8
2850
3170
2348
3
2885
817
3793
2733
3581
2369
3581
2563
3581
369
823
1579
823
1579
823
797
1701
3083
3363
1586
3363
704
1158
290
191
143
191
171
191
1903
2121
7
3872
2651
184
222
3861
3218
3801
845
1749
845
3811
845
2773
845
1538
845
3320
845
608
3504
657
671
2319
1420
2025
1420
3792
2599
1414
2599
2178
2599
1476
2599
2078
2027
64
1768
368
2077
3572
2226
1954
1559
1954
833
713
2118
713
1417
713
1710
713
1981
1749
3321
1749
777
1749
2117
926
1918
2742
1753
2183
984
797
894
797
2779
797
2617
797
2
811
3144
1448
3144
3187
3186
2237
870
2224
870
933
870
1572
3849
2181
579
2609
579
3215
579
2610
579
1096
579
1939
579
2908
3898
2072
1266
2554
3273
1675
2957
3210
1478
3770
2409
299
283
345
283
332
283
4
1024
481
1865
3495
3485
851
3485
920
515
505
515
129
1793
3856
1050
3214
3012
2444
3012
2648
3012
3568
3451
1228
3451
843
3451
3837
3152
3153
3152
3848
3152
1986
2233
2725
2714
2428
2768
2891
2768
861
2768
415
2909
1889
1876
2495
1275
2715
1275
707
3223
573
2551
2262
2457
1993
2457
2460
2457
414
2457
1884
2313
3703
1207
1750
1920
2613
1920
2210
1920
3005
1920
1743
1920
949
1920
3437
3400
3489
3400
2064
1362
952
1362
2075
3268
914
3268
3645
3609
3647
3609
3880
1528
3104
1528
130
3963
2375
426
3923
426
3914
426
1730
426
3217
2622
2793
2622
905
1240
825
1240
1576
3522
2068
1139
1593
1139
3022
1454
998
1454
2650
3836
1966
2204
2772
2152
3120
2152
626
629
830
629
3248
629
3060
1717
3690
2385
3831
2385
3530
3134
3313
3134
3588
3134
3641
3134
3133
3134
1511
3134
493
3134
873
3134
825
3134
1413
3134
2306
3134
916
1281
3657
1281
2582
479
534
1827
675
3590
301
242
2893
1578
2200
1578
2205
1578
2714
615
2717
615
57
390
1522
1973
746
748
1673
2065
2397
2065
3318
2065
636
2824
1906
477
2582
477
1313
477
1715
477
1480
571
2246
571
2916
405
2820
405
2005
405
3597
3358
2836
3358
835
1369
2063
1369
387
2499
2844
2499
221
199
229
199
2988
1896
1446
3462
3524
3462
3291
3788
1616
3161
3222
3161
312
238
148
238
2704
2935
2697
2935
1737
1482
2094
1197
3260
1197
506
3265
2509
2837
2531
2837
3273
1270
867
1270
23
249
1006
3936
2411
3653
3122
3653
982
1169
702
866
2795
3808
3667
3566
3002
1055
2662
1516
3878
1516
3950
1803
813
721
1525
721
371
372
2503
1245
2325
1245
467
1081
471
1081
1551
2194
1399
2194
3037
2194
2895
2194
1956
2194
3180
2194
2985
2738
3134
1846
3135
1846
460
1834
3645
3610
3644
3610
3004
1925
2421
1925
1144
1925
1855
3399
768
3399
3289
987
3300
987
3811
987
2445
987
3055
987
3227
3735
1859
3375
850
3375
1160
1162
1408
1162
2728
1162
3309
2464
1038
2464
3924
2464
414
2464
837
610
832
610
79
109
2007
3922
2915
3922
2679
3922
2006
3922
532
3589
1224
1223
1331
541
2120
541
2070
3426
3098
3426
432
447
33
315
2351
1339
1326
1339
7
2352
3100
2380
2149
2380
2151
2380
1302
1943
3120
1943
630
3045
1028
3045
2467
963
3921
963
2512
3282
2710
3282
3137
2992
3137
2992
3379
2518
2938
2930
3204
1984
1301
1984
1300
1984
3111
811
354
164
224
164
3915
1467
3040
1467
1552
1467
3796
1906
1568
1561
3210
1561
337
175
295
175
797
2060
3440
2489
2175
3137
1942
3137
3771
3137
3957
395
3650
1632
1193
3378
3580
3378
2136
2113
2260
400
1355
1866
70
2092
3531
1521
3531
3802
516
2168
516
3125
2758
1590
1265
671
1265
804
803
804
803
2194
1721
265
256
171
256
112
482
3542
2101
3670
2101
691
3753
522
3710
1528
3837
3301
925
371
925
3849
2783
3093
2783
2802
2783
596
2502
586
2502
587
2502
313
207
1589
1372
1153
1372
3759
3564
3318
3564
3927
846
847
846
1616
834
3222
834
2046
3108
2114
3303
1243
3303
965
3303
713
3048
3103
1541
3863
1541
3521
1447
2040
1447
2700
1447
2292
1447
3406
1447
3976
2912
791
943
3565
943
792
943
2608
3635
2606
3635
2407
3635
1094
1610
1920
1610
1093
1610
3166
1610
2536
3311
3144
3311
3451
3311
3265
3311
2518
3311
1159
3311
865
3311
2530
3311
3160
3311
1380
3311
1457
3311
3702
3311
1165
3311
1492
3311
2515
3311
2318
3311
789
3311
2540
3311
1199
3311
1367
3311
788
3311
1192
3311
819
3311
3561
3311
3597
3311
3263
3311
1446
3311
3524
3311
1678
3311
540
3311
507
3311
3587
3311
3584
3311
1229
3311
2537
3311
3966
1004
3188
2886
927
3689
2703
2040
1486
2040
2506
2040
1485
2040
1444
2040
3623
2040
3129
2040
3689
2291
3533
2291
2947
2291
3327
2291
2847
2291
3534
2291
3594
2291
3488
2291
1377
1395
3323
1395
410
1033
1034
1033
2657
2436
2236
2436
42
1626
1142
2326
1142
3150
2444
1792
2444
2614
2149
1311
632
3044
632
3917
2250
1503
2250
2157
1400
756
2619
1680
2075
416
2007
3889
1963
416
1811
3494
1359
1720
2588
3278
3570
3117
3570
2729
3570
1467
906
3238
906
2701
3424
3511
3424
849
561
1146
561
462
467
2861
2953
1675
2953
2163
3567
3738
2091
1141
1184
923
1184
3793
876
1567
876
1670
1342
1666
1342
3255
2349
985
793
689
1159
3161
3834
683
1260
3442
1260
2298
2023
838
1426
3534
1426
3062
3861
3879
3861
3089
3088
1304
454
3844
454
1707
454
3777
454
1590
1629
3297
1629
2364
717
1417
717
1752
2187
483
2187
1751
2187
2301
2492
2498
2492
1928
920
2168
920
3828
920
1945
920
1028
362
3012
3291
1440
3291
1455
2981
21
2989
3709
3718
528
3714
3690
3714
3690
1457
3427
3587
3427
878
578
1424
578
1897
2731
2674
994
3042
994
3919
994
195
180
206
180
3726
2045
1068
1615
2968
1615
2106
1615
3410
2474
914
2474
2419
2408
3722
2408
664
1172
3224
3852
1052
1479
2640
1479
3212
1479
828
827
828
827
510
896
1227
3136
2133
3136
2573
3136
547
2070
1067
3569
3006
2598
42
3973
3958
1997
1159
1390
1678
1390
2543
2856
2303
973
1025
1748
2316
2301
2916
1477
3949
1477
3953
2255
398
1571
1798
1571
1549
1571
489
1405
1014
3893
1993
3893
3924
3893
3911
3893
1780
369
3094
1529
557
3519
3974
396
2595
2592
765
3612
1558
3612
2165
1905
1932
1905
3781
1905
1924
1905
1316
1905
2623
1905
1769
1977
465
473
2009
2681
440
2681
1700
1890
2045
1138
780
1138
626
628
3629
628
2106
628
2855
3477
3500
3477
108
107
3877
3009
1947
3009
3015
3009
1970
3009
3784
2769
2778
2769
643
3149
606
3149
1590
3149
1600
3149
1358
3149
671
3149
748
3149
632
3149
879
3149
1618
3149
635
3149
3555
3149
553
3149
3683
3149
3054
3149
844
3149
3423
3149
1633
3149
1377
3149
3067
3149
637
3149
3620
3149
968
3149
633
3149
639
3149
1209
3149
662
3149
3297
3149
1623
3149
695
3149
1336
3149
3323
3149
986
3149
445
3844
3895
3844
3054
1823
639
1823
2750
3681
2127
3681
2748
3681
1849
701
2043
701
3004
2974
2421
2974
1144
2974
3952
2908
3085
2908
1493
2908
3185
3184
3077
3146
3947
3146
2767
2990
3691
3280
762
2498
2304
2498
2044
2498
2290
2498
1931
1314
1143
1368
2092
1368
2586
954
3749
954
3750
954
1535
954
2153
954
2884
1713
748
749
3620
749
3853
1926
3805
1926
2177
1926
2208
1926
2192
1926
1679
3459
862
1845
2849
1845
1227
1671
350
196
209
196
370
2794
349
303
3053
3894
3220
3894
1667
1246
2024
1246
3622
1234
873
1234
757
420
2582
478
3586
3506
1691
865
2530
1203
1192
1203
3198
1515
1684
2317
1090
2317
1089
2317
3006
1056
385
2453
3948
1797
2171
2762
76
3206
3205
2225
3205
1559
3205
1761
3205
1560
3205
1783
2237
3751
1870
1712
1870
2660
3093
2811
3930
2010
3930
440
3930
3145
1579
893
1752
3769
1900
1979
3847
3206
3101
1559
3101
1560
3101
2389
2739
2389
2739
3267
3402
2712
3402
629
2944
2860
2936
1711
1895
907
2117
3703
967
3635
967
2317
3474
780
3474
2820
406
403
406
2607
2602
75
2100
3520
1783
2224
3240
3113
2249
3113
2908
3298
1811
3053
2255
3053
2673
3053
2238
1463
1464
1463
3029
1463
492
2066
1045
2066
1893
2066
442
443
277
246
3644
3541
802
3541
1052
691
2640
691
2777
691
3795
691
3212
691
3077
3150
875
2412
1968
3010
2101
1114
1431
1114
652
1168
1380
616
1492
616
3031
1947
3933
1947
3592
582
2933
582
3699
2386
3699
2386
1454
983
231
203
235
203
845
1227
2764
1227
2842
1840
2496
1840
3205
3748
2238
2804
1566
2804
75
25
984
532
3706
532
2293
425
421
425
3303
2519
1595
3460
3507
3460
103
2707
3279
3366
3279
3078
2989
3778
2989
2605
2989
2405
2989
1741
2989
2940
2488
2699
2488
1169
661
1110
661
3434
1641
451
2011
3642
784
899
1276
1460
1276
712
1875
1810
1807
536
3592
2087
1193
1436
1193
3498
1193
421
2833
541
3645
207
297
2368
1510
3179
1510
2323
1338
1865
1338
2173
3187
2473
860
856
860
366
2889
2154
3177
2492
2694
2458
2238
782
1031
1050
1745
1051
1745
3167
1745
422
2293
24
188
971
3449
1888
3449
1682
3449
1693
849
2370
849
1896
849
807
563
1531
563
1003
1813
1929
3682
82
3510
2918
1494
2918
557
2530
3670
1506
2390
2376
3262
2376
3707
2376
1528
1961
3153
1961
3658
3603
3657
3603
990
941
169
192
149
192
123
1770
186
221
3670
1697
3303
2862
907
1543
315
357
358
357
211
291
3011
3775
2185
3775
3131
3775
3347
3335
3234
3335
3356
3335
3365
3335
497
765
3556
2048
3566
2048
3645
2048
3644
2048
908
2048
3647
2048
3573
2048
886
2048
3578
2048
3646
2048
3558
2048
1581
2048
3525
2048
1494
2048
3685
2048
802
2048
1434
2048
3527
2048
2320
2048
3646
3611
3685
3611
2872
600
2739
600
2389
600
2362
600
2387
600
3696
600
3862
2781
2630
2781
2791
2781
2408
2146
2408
2146
1433
1432
704
1525
3767
2134
1720
2327
2318
595
1446
595
698
1667
3099
3393
3096
3393
2233
3025
860
801
1306
801
1578
1723
898
1723
904
1723
894
1723
3692
2580
13
349
2457
3901
2664
3901
2248
3901
872
1916
572
3159
1445
2869
3270
3446
956
647
645
647
2562
3515
1124
1137
929
1137
3690
1324
1314
1324
3308
1324
1315
1324
1044
1324
3714
1324
52
59
2123
1882
2113
1882
954
1882
1145
1882
2680
3924
863
3924
3123
2103
409
410
3936
2664
1967
3216
3108
1496
1447
1496
2813
3899
1305
3899
424
429
3126
1654
3824
3542
1314
3542
961
3450
2039
3450
3168
2535
2757
2535
1144
2535
2587
2535
1746
2422
2435
2422
3005
2422
1694
1124
3738
1124
2878
1337
3745
626
3752
626
1731
626
3226
626
1683
3495
2566
3495
2095
3495
245
254
358
254
2516
2303
590
1573
1459
1217
1668
1217
2571
971
2956
2704
2156
3758
3937
3196
3869
1740
2803
2899
2450
2899
3972
760
3053
2657
3220
2657
1787
3243
2648
3243
461
2346
292
320
269
320
2349
2334
2754
2127
3147
3102
1207
3102
997
3102
2737
2733
1150
3401
3441
3401
154
160
350
160
2993
1707
3519
3413
1487
3413
441
1775
1802
3174
683
684
869
684
1473
879
1463
2214
3506
2268
2032
2268
2254
3063
1996
3063
3846
1058
925
1058
3038
3876
297
286
266
286
336
286
71
569
2021
2784
1520
1097
1520
1951
1520
947
605
784
605
3704
605
2110
605
1860
677
1653
677
343
264
3725
3591
2573
3591
2124
3591
2130
3591
2572
3591
1157
3591
3229
3228
1346
3228
1011
3228
1012
3228
1615
2839
3047
2839
579
590
2403
590
1608
3783
116
3967
3732
1852
3794
1928
100
415
521
2509
2376
2093
2376
2093
3685
1378
2309
1378
2523
2951
2898
2585
1476
2585
68
715
3160
3654
791
1943
2176
340
338
193
338
955
1201
2847
1201
2612
1355
1482
1355
2741
1355
3317
1355
1099
1355
2994
1355
2579
2557
2837
3233
508
3233
2236
2451
840
1878
1890
1878
868
1878
3800
3778
3001
3778
36
626
915
169
340
215
340
3790
2165
63
12
237
150
839
3058
316
244
642
1596
547
3580
2759
1711
3139
1711
1923
1711
2446
3826
1310
3826
1309
3826
2869
1554
2965
1554
2966
1554
2721
3532
2653
2635
2643
2635
2982
526
50
3962
2385
1428
3759
1673
1006
1039
195
169
2419
3763
1576
2052
1967
3799
3851
3799
2652
3799
3814
2609
331
318
293
318
922
1821
960
1821
781
703
3640
703
378
379
2071
1287
3154
1287
2358
2485
3405
2485
2251
3124
1996
3124
2672
3124
2359
2858
1500
1766
1988
1766
2808
1766
1859
734
1655
734
2721
2922
3687
2922
2365
746
2573
746
2124
746
2572
746
1157
746
746
3554
1433
2360
501
929
1506
3408
1697
3408
1899
3408
2250
2242
762
2683
919
2683
2404
2399
3076
3312
3887
1620
690
1620
114
881
1249
2047
1249
3627
1150
2711
1150
3595
1150
1910
505
1928
505
3828
505
1945
505
3768
505
3525
577
1587
577
464
471
2258
3238
3915
3238
482
490
2333
2284
3189
727
3236
2259
184
292
1769
2160
2975
1416
3447
3388
1158
3388
3504
3388
3569
3388
3554
3388
922
3388
869
3388
3640
3388
3443
3388
867
3388
1206
3388
3442
3388
871
3388
3508
3388
490
2013
3882
3862
3084
3862
3782
1643
2408
3292
2146
3292
3165
3292
2990
2982
3761
2982
764
2982
1846
3345
3744
1350
2943
2831
1704
910
4
274
1042
2084
447
2084
1124
2084
2358
2084
2104
2084
1585
2084
3270
2084
457
2084
2351
2084
1326
2084
472
2084
3405
2084
2555
2084
3449
1191
1435
1191
1156
1382
3613
1382
1226
1382
1648
1848
3790
1932
3125
2756
1441
3075
641
3075
1158
3075
3572
3075
3554
3075
3272
3075
922
3075
869
3075
781
3075
3497
3075
885
3075
867
3075
1206
3075
854
3075
3577
3075
1588
1062
654
663
1653
663
479
1087
2359
1087
2392
3579
2155
3579
2607
3579
2642
2630
53
29
1025
1606
2180
1606
2281
2480
298
241
3832
2272
104
441
478
3436
3578
3436
3527
3436
2113
547
954
547
2129
547
1165
693
1678
693
2911
3923
2470
3923
1022
3923
2681
776
2263
776
2783
3800
2383
2564
211
194
2398
3725
2409
3725
1354
3725
1140
3557
2112
3557
2119
3557
1580
981
2122
1155
3826
500
2156
500
2150
500
1738
1625
3254
495
3762
495
1045
495
35
590
3127
827
2389
828
2389
3743
2389
3314
1567
2792
1567
2437
1567
3164
1461
2130
2365
1969
817
1465
817
2212
817
2197
2418
2880
3598
2151
3598
633
1069
1602
3851
2626
2158
386
3036
2536
3299
3144
3299
3451
3299
3265
3299
1159
3299
865
3299
2530
3299
3160
3299
1380
3299
1457
3299
3702
3299
1165
3299
1492
3299
2318
3299
789
3299
2540
3299
1199
3299
1367
3299
788
3299
1192
3299
819
3299
2546
3299
3561
3299
3597
3299
3263
3299
1446
3299
3524
3299
1678
3299
540
3299
507
3299
3587
3299
3584
3299
1229
3299
2537
3299
166
195
346
195
1405
1121
913
1121
276
300
506
1651
1626
1348
1664
1348
1895
1885
2970
1885
3274
1885
1712
3693
1917
769
822
3883
1000
3883
2535
3644
2568
2701
3255
908
857
908
3564
974
1517
2331
3103
3207
2463
3207
3880
3207
2562
1435
1803
1522
2252
1522
2002
1522
391
1522
3061
3746
3261
3746
218
217
194
217
96
95
605
1850
1933
2396
1471
993
1563
993
2659
993
1600
592
3555
592
3180
3812
2234
2211
2903
2211
1003
2473
455
1076
448
1076
1860
681
2501
681
3965
3954
3070
2628
3404
2266
304
233
1781
1957
2905
1957
3879
1957
1494
2478
2392
2988
2602
2988
2368
3278
691
1409
1334
1409
3071
1409
3797
1409
1691
2865
2532
2024
3844
453
1707
453
2141
453
539
762
1954
3749
189
273
1571
3081
1583
3081
2380
3382
2967
3382
3403
3382
2
1027
3197
498
794
498
1046
498
2761
498
1442
3326
2352
2954
1675
2954
3164
2749
3217
1742
3218
1742
3219
1742
1458
1183
1593
1183
83
3918
3912
1523
3912
1030
3912
1926
794
2052
3475
3585
3475
2786
2420
2786
2420
2639
1599
1772
2443
1794
2443
794
1046
794
1046
3549
2691
409
1034
2990
1880
1713
1880
3761
1880
764
1880
527
1880
2125
1880
411
412
242
179
344
179
290
179
2627
2616
1576
3272
3827
2582
2999
2582
1937
2582
2414
2582
135
386
2114
3518
1243
3518
965
3518
3174
3204
3952
3204
2815
3204
3877
1964
1970
1964
1971
3300
2447
1759
2227
1759
3319
1759
3938
3928
927
3647
3059
739
3189
739
3731
3573
2330
3573
705
944
3149
3148
973
936
3017
3008
1617
3008
2635
3185
682
2037
2883
2967
1050
2406
3167
2406
3968
1003
758
602
2600
602
3533
1256
1665
1256
3008
1430
2505
1855
911
1855
3223
3486
943
3486
1631
3351
3753
2131
1519
2784
1760
3750
2893
3750
2301
3362
96
3213
3792
3497
3458
867
3458
2980
833
1766
3845
918
1772
111
3643
2860
3677
2358
2887
2358
579
3701
537
1589
895
804
1762
804
2346
1321
472
1321
2865
2532
2452
2425
2448
2425
2780
2425
1795
1787
108
515
519
3653
1148
2335
1618
1448
1618
2757
3713
1536
488
3816
488
2177
488
1613
488
1398
2661
2247
2661
315
245
515
3637
1656
3637
849
2925
3384
2925
72
19
1619
3463
3646
3463
2754
783
3723
783
8
3774
502
1048
502
2150
502
2161
502
303
263
408
2245
1790
2245
3176
1194
2060
1194
1769
1738
3665
2081
1864
2846
2713
2834
3733
3708
3633
2055
1700
2055
3581
2516
3592
2516
3515
2516
2346
2516
929
2516
2084
2516
3523
2516
3517
2516
859
2516
2721
2516
1453
2516
1147
2516
3208
2516
2534
2516
2088
2516
3260
2516
921
2516
3687
2516
2341
2516
891
2516
2343
2516
987
758
1719
758
3720
758
1984
2803
2031
2482
1758
2197
2202
2197
2321
1837
2322
1837
3636
2270
2231
3089
1975
3089
3007
2169
3842
2169
1811
1489
2012
1489
811
3110
3296
1060
1952
1060
3650
3050
95
436
115
444
2441
2632
298
255
332
255
1610
3523
1068
1113
1064
1113
2106
1113
3323
619
986
619
1848
1518
2030
1518
2425
984
2776
984
1328
984
3755
984
3773
984
2169
1930
872
588
2383
2561
1775
2906
2262
2467
2096
2339
2783
3001
378
3222
779
3222
74
2171
1352
1783
912
3659
1380
3170
1380
387
2943
2844
2943
1993
1987
963
1987
3860
3835
1735
2162
1566
1464
3639
3568
2235
3153
501
886
1984
2223
3859
3013
1963
3013
2645
3013
689
3661
2460
2240
1469
1622
1990
2454
3130
2139
3739
3736
1922
1152
2540
3376
540
3376
2530
1204
3381
1204
614
2717
484
492
3515
3425
3270
3425
2311
2920
1866
2920
3721
2362
445
2993
3095
3283
3513
3283
2912
3917
1001
3917
1488
3917
2675
3917
411
3953
2347
2528
1921
1714
122
1768
1111
953
1774
3090
2633
3090
2894
3090
915
3046
757
2876
3767
1909
3105
1909
3796
1313
480
2275
815
1551
2093
1457
1155
1457
571
2207
948
2207
1491
2207
250
213
1530
2050
3207
2793
778
1233
3892
3884
1601
3634
542
3688
1763
2896
2589
3266
1713
3266
527
3266
1530
598
1377
598
314
237
1954
1935
3749
1935
1627
1935
799
856
3744
2973
3682
3565
2391
3565
3745
1065
3752
1065
2027
1824
2315
1824
2464
3906
3920
3906
3801
3049
3811
3049
1538
3049
2381
2369
3176
3109
813
3109
807
3109
890
3109
2065
3109
2060
3109
3710
3109
2327
3109
3159
3109
3661
3109
3688
3109
2072
3109
2062
3109
2069
3109
3624
3109
1609
3109
2057
3109
1161
3109
1531
3109
2071
3109
1611
3109
2067
3109
3407
3109
3154
3109
2853
3109
806
3109
1484
3109
3141
3109
523
3109
1501
1499
239
298
2380
2578
3423
731
1623
731
407
408
2998
474
935
474
2413
474
3697
3652
1159
1385
865
1385
3148
2281
2033
2281
3557
2827
3623
2827
885
1392
3577
1392
1585
1181
859
1181
1701
2094
1910
3780
56
31
2377
1898
2733
3626
2563
3626
2350
3626
634
635
3553
2526
2136
1145
3963
3942
389
3942
43
217
326
225
326
2332
3389
903
3389
1357
2072
111
110
3027
3060
2429
3060
2191
3060
3764
3060
3821
3060
982
1170
2910
3163
3041
3163
795
3163
444
451
2160
557
2396
557
3257
557
1933
557
719
3578
1199
1269
1192
1269
2795
1097
418
2915
1409
3724
37
211
2570
2734
1477
991
406
991
3760
922
3669
922
830
922
2755
2746
3567
2746
2401
2746
429
1838
3648
2929
896
2929
2732
2333
3007
3002
3842
3002
3145
3221
3945
3221
666
683
3954
399
2817
399
1544
2213
2232
2213
2229
2213
3527
3453
2320
3453
2065
1375
805
1375
2570
2505
2390
2577
3262
2577
3707
2577
941
2471
3864
1307
3864
1307
1654
2490
2859
2059
599
3074
652
1653
3682
3599
1733
3599
2378
3599
2877
3599
3208
1123
2088
1123
1462
609
983
1737
1054
1737
1053
1737
2868
3410
3550
3410
3325
1262
2073
2703
3677
2379
2972
485
484
485
1325
858
2066
1340
2849
1340
1193
3344
2282
3344
2909
3240
3904
3240
354
353
277
353
1879
2304
1532
2304
3507
2304
2101
2304
3570
2304
474
2304
3074
2304
919
2304
1084
2304
3621
2304
1222
2304
3619
2304
2549
2304
1153
2304
2718
2304
1631
1574
2026
1574
2252
1508
1509
1508
392
1508
1884
3059
3912
3905
3244
3905
2774
3905
1324
1323
2376
3555
2093
3555
1155
3555
1738
1724
3272
3390
1206
3390
2438
756
2412
1919
979
1919
1353
1919
1400
3727
1402
3727
1588
3727
2395
3727
2147
3727
1791
2663
1000
2663
2441
3779
1027
630
3064
630
137
304
3596
1888
2168
3256
3651
1140
3526
1239
917
1239
1403
1402
3174
2252
3085
2252
3693
2104
924
2104
1407
2104
3738
2727
957
3662
1475
1612
2514
2042
2398
2133
2409
2133
1354
2133
1753
1049
239
345
2944
1175
1658
1175
1108
1107
1742
831
904
3125
399
2910
2818
2910
3437
1586
3566
1586
478
1586
3645
1586
3644
1586
908
1586
3647
1586
3573
1586
886
1586
3578
1586
2068
1586
3082
1586
892
1586
3646
1586
3489
1586
1494
1586
2309
1586
802
1586
1458
1586
950
1586
970
1586
1434
1586
3527
1586
2320
1586
3715
2500
3356
3347
1435
1370
1864
1370
1785
1544
3891
1544
1751
1536
893
1536
3563
2495
3572
1297
871
1297
1800
389
1302
365
1804
2817
359
228
417
418
365
3798
3120
3798
3969
1001
1914
3651
1725
3651
2394
3651
430
2294
1324
480
3942
3077
985
3077
468
3239
307
331
205
331
348
337
270
337
2898
2441
3676
2547
1558
1345
887
1345
217
159
156
159
2695
2693
214
232
1855
3409
1657
3409
980
2776
2049
3600
3684
3600
2336
564
802
564
461
1868
416
1814
1004
1814
443
1814
490
1814
412
1814
1003
1814
451
1814
418
1814
1001
1814
409
1814
1006
1814
799
1814
439
1814
468
1814
3956
1814
990
1814
1005
1814
3976
1814
782
1814
1002
1814
407
1814
800
1814
511
1814
1962
3803
302
170
193
170
2305
2941
1476
3759
3898
1512
1539
1512
2653
3027
2091
862
2727
862
1694
862
3901
2221
1481
2221
3823
2765
909
1258
3490
1258
2195
3811
2965
1486
2966
1486
1445
1486
1400
1111
1062
1111
1105
1111
1401
1111
702
889
1611
694
3407
694
67
635
1842
633
1842
2737
2563
2340
2849
1891
2849
2363
2849
355
354
187
354
92
918
1328
530
3143
530
980
530
2637
530
1683
3517
2566
3517
2095
3517
375
376
1983
2801
2696
580
806
580
2497
3229
1851
3229
2041
3229
665
869
438
1017
3564
2356
1976
2647
2452
3175
2788
2410
308
332
676
1166
659
664
3729
664
238
149
348
149
273
317
334
317
204
317
2141
3777
1337
1419
2864
1419
1632
3494
3058
3494
3050
3494
2028
3337
2409
2600
987
2600
2406
2600
1691
781
3726
2068
1814
2014
3617
1644
1873
1636
1625
2595
3130
2595
1927
2595
3847
1750
2232
1750
2442
1750
2583
1902
1866
1388
1867
1388
2336
3082
1894
3381
2111
2083
3724
2083
70
15
3599
3514
2422
2760
1104
657
1692
657
3251
657
1591
657
25
142
1609
733
3154
733
3680
1872
447
3448
457
3448
2343
3448
3108
2283
1451
3352
1456
3352
3367
3352
3387
3352
3769
3760
3348
2684
3293
2684
1706
2879
542
3271
2198
2429
103
102
2217
2156
3020
2156
2417
2156
3250
2156
2167
2156
2219
2156
268
138
2375
422
420
422
3923
422
2876
422
3736
535
874
535
3730
535
1726
535
2805
2626
1310
2626
1309
2626
1976
3024
3306
1687
2944
1366
1857
1366
2989
2971
2131
704
3791
704
2596
704
3734
704
573
899
3045
1311
2983
1311
1502
1553
1805
1553
999
1553
2504
1859
2962
1859
1754
2415
3802
509
502
509
522
3702
2366
951
2599
585
1705
585
890
1231
2069
1231
3176
2038
813
2038
807
2038
890
2038
2065
2038
2060
2038
3710
2038
1168
2038
2327
2038
3159
2038
2951
2038
3661
2038
3688
2038
2072
2038
2062
2038
2069
2038
3624
2038
1609
2038
2057
2038
1161
2038
1531
2038
808
2038
2071
2038
1611
2038
2067
2038
3407
2038
805
2038
1517
2038
3154
2038
806
2038
1484
2038
3141
2038
523
2038
3265
3334
3299
3334
3561
3334
507
3334
989
3334
2644
3774
2651
3774
2626
3774
1047
3774
3065
3774
2376
3497
2093
3497
2122
3497
2040
3230
2292
3230
3862
2791
3862
2791
2734
1674
911
1674
3846
1608
925
1608
3364
3361
3623
3361
3296
1755
1952
1755
2872
3676
2362
3676
3121
3676
1529
1398
1815
2248
2751
1892
3775
2605
3094
2677
2006
2677
3185
3158
1479
3791
3071
3791
3727
839
2140
2590
2137
2590
3719
2590
1543
3583
1787
3947
1792
3947
1789
3947
2988
2707
2384
2707
2781
2775
3897
3882
3242
3882
1985
3882
3265
3660
789
3660
844
1214
1209
1214
3449
1268
1198
1268
591
1657
1696
1346
2549
1127
2539
1127
1479
1334
2178
872
3213
872
945
872
2616
1733
2775
1733
1332
1733
1772
3026
1167
687
3560
687
2591
2573
2011
1303
1032
1303
1030
1303
3857
2217
1746
1704
964
1704
2190
1704
3005
1704
949
1704
1764
366
3893
3858
1773
3858
3092
3091
3202
3091
2046
3392
3406
3392
2562
3516
1905
2740
3542
1899
902
3445
3595
3445
548
3445
170
174
295
174
147
174
46
2953
2496
2955
2496
2758
2978
2756
2978
2159
2978
2752
3288
1038
3931
1039
3931
1029
3931
353
165
235
165
117
116
2454
2654
3845
1535
2225
1535
1761
1535
787
1422
836
1422
3152
3215
2133
2124
845
2337
2371
2337
509
1585
1703
3674
1406
3674
1708
3674
845
608
2371
608
3711
674
1909
674
1687
674
1103
674
786
674
1335
674
908
1176
950
1176
514
859
1686
553
3085
1509
3656
3602
1936
1093
772
2378
2771
2378
2164
2378
3795
2378
2795
1951
3643
2520
86
141
272
699
3683
2499
1839
2496
1839
3581
2928
1453
2928
2
276
3971
3957
1478
3913
509
2852
3009
2999
1307
2999
3869
2999
3630
2058
2488
3336
2160
3776
3160
755
1229
755
3965
398
444
1021
497
892
3892
3875
3826
1048
43
85
2557
3528
488
486
2972
486
2128
3659
213
281
359
281
2798
2770
2681
512
2059
2697
3649
1862
3591
2543
846
842
435
3782
2295
3782
2467
2813
2998
1918
935
1918
2413
1918
2554
1530
702
2961
1543
1376
545
2506
3112
1889
3148
2031
2036
2031
1702
1694
3518
1238
917
1238
3593
1293
939
1293
2600
2745
3063
3062
3124
3062
14
187
2138
2882
1716
1103
225
156
521
1664
3589
3412
1487
3412
643
3051
606
3051
1590
3051
1600
3051
1358
3051
671
3051
748
3051
879
3051
1618
3051
635
3051
3555
3051
3683
3051
1530
3051
844
3051
3423
3051
1633
3051
1377
3051
3067
3051
3620
3051
968
3051
639
3051
1209
3051
662
3051
1623
3051
695
3051
3385
3051
3323
3051
986
3051
2596
3111
3710
3496
2072
3496
523
3496
45
3831
3308
369
1580
1579
1580
855
1580
3630
2723
3104
3103
941
3929
642
1869
760
2916
77
115
384
3242
1498
3195
2553
2324
1728
2137
994
2667
3039
2667
795
2667
3627
902
2711
902
748
750
3067
750
1800
388
2422
3000
3827
3677
1937
3677
2414
3677
102
419
3597
3543
3584
3543
2465
1781
3908
1781
1031
2432
2102
2525
643
644
1336
644
1882
1146
2985
1134
1067
636
1926
1327
488
1327
2964
2062
1881
2062
2558
2062
3579
2087
3579
2087
823
1630
981
1630
974
3313
2356
3313
951
3313
3595
3098
2082
3098
1017
888
2459
888
2913
402
2618
2606
3146
3301
3514
724
3097
724
2055
2932
3313
2932
1876
2848
1154
2848
2726
2848
906
1756
2224
1756
912
1756
2082
3627
546
919
190
266
2369
2350
264
282
272
282
181
282
3580
3538
2847
3538
1326
1831
3208
1831
1050
2191
834
2191
1051
2191
3444
1084
2599
586
2599
2382
879
1259
695
1259
2490
3350
1498
3350
345
183
289
183
236
183
3810
3254
2417
3254
3817
3254
2167
3254
2111
1160
1926
3762
3936
1013
1039
1013
3906
1013
2248
1013
1961
2416
3504
612
946
612
304
284
329
284
3322
2643
3579
2567
3902
2461
829
1365
3073
1365
2070
1418
3514
1418
2064
1418
2074
1418
952
1418
1008
1418
51
58
1895
2069
3274
2069
603
2069
1714
3079
2135
3079
316
359
360
359
516
3751
2806
370
898
2155
2779
2155
2617
2155
674
3533
977
2625
977
2625
1662
544
2035
544
1650
544
3735
536
2992
536
3137
536
2399
536
2601
536
1565
536
3327
1389
1867
1389
1478
1564
1561
1564
3064
3700
1718
3700
2204
3825
803
3825
804
3825
3633
868
3036
814
2670
814
779
814
880
1981
1491
1981
1994
1480
2251
1480
145
146
857
3232
2284
1272
2528
1272
340
295
267
295
61
3191
2428
3961
3952
1529
2673
513
2673
2787
3257
2420
3257
3090
3257
2621
3257
2174
3257
3520
3435
3495
3435
3960
392
1333
2596
2616
2596
2410
2596
2775
2596
1332
2596
3728
2596
3142
898
2960
2711
2991
3726
3781
3726
1924
3726
3754
3726
2381
2554
2881
2554
829
1635
682
1165
1011
3624
1010
3624
1012
3624
2492
3349
2117
2355
3852
2201
3193
2201
3138
2201
3236
1557
3529
1451
3518
1451
3514
1451
3098
1451
558
1451
3128
1451
1261
1451
1621
1451
3526
1451
1649
1451
1008
1451
917
1451
1706
2878
2971
3678
3883
1399
1748
2620
3530
1242
905
1242
2115
1683
2909
2249
2673
2249
3916
2249
2161
2150
2161
2150
3963
375
2062
1284
3141
1284
1734
3914
3918
3914
1754
3914
2888
1922
1093
1922
614
838
953
1360
1871
1360
3373
3346
1847
3346
3081
3080
311
271
69
3561
2821
2089
2287
2535
1485
2885
2983
2510
1858
2503
1858
2950
1858
3106
3293
2453
3887
1985
3887
2455
3887
844
574
968
574
2034
508
1852
508
2500
508
1056
2766
643
653
1358
653
2463
3863
3880
3863
707
2039
3634
3076
1620
1052
2403
3699
2077
1609
3622
737
1511
737
66
24
2639
3809
3045
3044
361
3044
2806
3943
373
3943
1470
3761
2073
1023
3089
2426
2534
622
1582
2629
454
3636
2296
3636
3260
1187
921
1187
614
1492
2854
3398
3511
3398
137
323
329
323
262
323
2890
2159
2621
2159
2174
2159
311
348
2126
3270
3618
3270
3753
3734
3530
3374
2855
3374
3383
3374
3648
3374
905
3374
3223
3374
943
3374
2045
3374
896
3374
3681
3374
2317
3374
2055
3374
889
3374
3313
3374
3588
3374
3575
3374
2299
3374
1208
3374
3622
3374
2507
3374
3641
3374
2952
3374
780
3374
835
3374
1511
3374
493
3374
2054
3374
3500
3374
2063
3374
873
3374
825
3374
2061
3374
1413
3374
1452
3374
3973
2260
2517
768
1965
1953
1717
714
3013
2184
521
1091
1473
909
2353
3302
1881
2342
2109
2342
1091
1349
3285
1349
1554
551
3440
551
446
457
1679
1856
3262
2390
3262
2390
3723
2748
247
154
1357
824
1667
2477
1935
2571
2411
2571
3122
2571
2287
1255
1669
1255
3959
1301
3775
2405
3197
499
794
499
1046
499
2334
3231
486
3231
3232
3231
2079
3231
2712
3588
1311
1070
3044
1070
1604
1070
631
1070
368
1598
366
1598
3815
1598
1940
935
3703
997
3724
1408
3741
1474
2430
2172
2182
2172
2785
2172
1894
3379
353
231
2620
3752
2180
3752
2076
3360
383
385
1626
3264
2512
3264
3590
3264
3506
3264
1667
3264
2717
3264
3516
3264
1664
3264
499
3264
2521
3264
2511
3264
2948
3264
2705
3264
2716
3264
1670
3264
1666
3264
3275
3264
1863
3264
1486
2479
1485
2479
2193
3790
3818
3790
2188
3790
1997
1994
3948
1994
2176
1731
364
1731
310
260
492
1045
492
1045
1745
2615
349
208
3642
2372
3922
1502
1488
1502
3556
738
2313
738
3250
3810
1630
3737
2540
3377
1199
3377
3163
1783
2667
1783
54
30
3383
3135
3648
3135
905
3135
3223
3135
3575
3135
3622
3135
2507
3135
2952
3135
780
3135
835
3135
2054
3135
1452
3135
3568
837
1228
837
843
837
1102
1101
232
212
260
212
306
176
192
176
2211
3853
3726
2866
1622
3608
959
3608
145
339
1067
3047
1040
1758
3910
1758
2344
3269
1466
3269
3637
2265
49
3970
2107
2721
2103
2721
2108
2721
456
1075
449
1075
3178
2963
2896
1007
3754
518
1088
518
2743
2359
1610
930
504
2811
3787
1588
2997
1588
1872
3267
1874
3267
3576
3267
1906
489
1313
489
484
489
1715
489
3556
1291
3558
1291
2769
2395
2216
2142
2567
1436
2050
2033
541
1149
770
1444
2058
1444
2723
1444
3327
1250
2047
1250
1925
2400
840
1619
1890
1619
868
1619
3249
464
2624
464
1939
2610
3975
2004
2799
3789
3255
1886
1016
1040
3033
1040
971
2541
1888
2541
1682
2541
2657
2447
3134
3359
3135
3359
61
33
3105
1912
74
26
377
380
2724
3380
3208
3380
3913
3092
2004
3092
961
1386
2043
1386
2324
3391
3489
3391
2242
1983
1472
1983
2244
1983
3146
3145
3943
3145
300
319
181
319
3786
964
86
92
3975
759
3885
2227
6
141
1533
880
2456
880
3883
3037
862
1412
785
1412
3497
3484
3508
3484
3859
2168
2183
2168
1963
2168
2197
2168
2645
2168
3628
2114
2311
2947
1356
2947
1866
2947
1193
2947
1573
2947
3580
2947
1622
2947
953
2947
2848
2947
838
2947
3360
2947
2312
2947
881
2947
1459
2947
1624
2947
533
2947
959
2947
955
2947
1668
2947
1871
2947
2328
2947
1873
2947
1867
2947
2047
2947
1603
2947
3686
2947
1665
2947
3173
1602
1989
1602
3891
1602
2514
1224
426
430
427
430
2568
3505
3145
855
406
3900
402
3900
1564
3900
1806
3900
3569
1066
1467
2463
3238
2463
2654
2900
2165
3747
1932
3747
3259
3747
969
2752
237
200
356
200
1541
1739
2226
3206
1505
1944
812
1944
774
1944
1555
1936
3182
1936
1759
2895
1865
1117
1323
1117
3013
2193
882
772
3835
772
3158
772
2615
772
3843
772
3865
772
3619
1833
2714
2510
2526
2510
2059
2510
2713
2510
2513
2510
2709
2510
2702
2510
2360
2338
2242
2641
1472
2641
2244
2641
52
1696
1011
3697
3650
3515
2276
1147
2276
73
122
2793
3219
3768
2875
3768
2875
440
2807
606
618
986
618
3663
3613
3094
1488
3925
1488
60
133
3689
3601
1668
3601
2512
589
2716
589
2523
2840
2235
3848
826
1804
531
787
2218
1519
1965
1519
3110
3327
3111
3327
1449
3327
585
885
928
1769
3888
1769
1774
1769
1786
1769
1779
1769
602
3593
3162
3744
2436
3781
2184
3781
2193
3781
3569
2823
1113
2823
1594
1974
1778
1974
1917
1908
2228
3061
641
651
1110
651
3062
2905
2583
2977
1925
2138
2738
1681
500
1681
3780
1681
2875
1681
2787
2890
3647
3487
3525
3487
382
3034
368
3944
1764
3944
520
522
3186
522
516
522
1317
522
3895
435
427
435
60
1469
3646
798
2529
2722
2529
708
850
2580
1592
2882
1592
2986
1592
2902
1762
3028
1762
476
1762
3968
2797
2007
3220
1811
3220
3953
3220
3916
3220
1480
3324
2246
3324
278
350
216
350
2702
1237
1863
1237
2145
2870
1703
2870
1406
2870
1944
2870
1708
2870
3773
2870
32
250
625
3649
3072
3649
1676
3649
927
2579
772
957
720
957
918
409
667
2515
374
2203
2385
2056
1918
2056
590
1453
3256
1317
708
3411
1744
3052
977
3112
3793
3112
2625
3112
1739
3112
1562
3112
1513
3112
514
2845
2001
2671
2259
2671
2253
2671
2813
1794
1997
2246
1797
2246
1996
2246
3763
599
2575
599
3722
599
2128
599
1776
2234
2457
2234
2003
3241
3178
2368
2383
2368
1689
2314
2323
1498
3625
1498
878
1498
1865
1498
2075
1498
1870
1498
2066
1498
3449
1498
1432
1498
3127
1498
1435
1498
783
1498
2846
1498
3626
1498
1323
1498
1868
1498
862
1498
2849
1498
3271
1498
899
1498
3602
1498
2852
1498
930
1498
2056
1498
1424
1498
458
1498
469
1498
1381
1498
914
1498
1462
1498
1198
1498
785
1498
778
1498
1460
1498
305
144
2883
3403
2956
2713
3529
2926
2521
742
2524
742
262
185
846
853
3865
3843
3865
3843
2541
559
1592
559
2014
1809
630
2976
953
1361
3686
1361
3915
2465
393
2465
2257
2465
572
2318
3804
2893
3742
2621
2614
2151
2181
3057
3152
3057
1877
2289
3179
3117
3649
1658
1091
3671
2845
3671
12
314
136
3959
2529
3366
2545
1128
2549
1128
3769
638
1106
638
3733
638
775
1985
381
1985
1799
1985
500
3715
759
2820
1490
394
393
394
2677
3916
3246
3916
1723
2552
2999
3796
390
1539
1577
3094
860
3094
937
3094
1308
3094
863
3094
1527
3094
2345
2710
2585
572
1705
572
1529
2247
2677
2247
312
270
3592
3482
3517
3482
2206
1054
2390
3630
2143
3630
2022
2927
1602
2796
2116
1450
3804
2200
2519
1236
1863
1236
3638
2099
1140
3276
2112
3276
2119
3276
3144
1244
865
1244
3634
1688
916
1282
3128
1282
1953
2195
1972
2195
2218
2195
3127
1835
1424
1835
1112
956
3049
1719
3813
1924
576
3575
2744
2873
3850
3828
56
665
2057
2156
3183
3813
1316
3912
3907
2782
3907
1788
371
699
2299
3161
3322
2981
1569
1061
1569
1913
1569
2396
2384
3776
2384
470
1082
466
1082
335
167
260
167
214
167
3700
1067
3225
1067
1397
1067
1695
1067
2457
2903
1018
2903
3921
2460
3716
1937
53
55
430
433
1382
3418
837
3418
2739
614
3717
614
2371
614
1083
1116
2101
1116
1170
668
810
668
879
1387
3683
1387
1013
1481
827
3114
828
3114
3743
3114
3046
3054
1419
3054
3697
2064
632
2825
1878
3473
962
3473
1806
404
2469
404
2819
3918
2914
3918
659
883
1500
2226
1499
2226
1988
2226
64
14
2039
3386
850
3386
2368
2729
391
1980
1777
1980
2705
2934
2942
2934
3144
722
3263
722
3616
2946
3755
1328
3755
1328
55
3961
3225
3629
1397
3629
2449
812
3175
3742
2900
3742
2448
3742
2513
2843
1567
1562
1915
3695
2725
2715
62
134
2337
3558
2307
1631
2311
1631
1356
1631
1866
1631
3689
1631
1193
1631
1573
1631
3580
1631
1622
1631
953
1631
1862
1631
2848
1631
3533
1631
838
1631
3327
1631
2312
1631
881
1631
1459
1631
1624
1631
533
1631
959
1631
955
1631
2847
1631
1668
1631
3534
1631
1871
1631
2328
1631
3594
1631
1873
1631
1867
1631
2047
1631
1603
1631
3686
1631
1665
1631
3488
1631
2204
3816
803
3816
804
3816
3691
1208
1903
1208
1380
1274
2318
1274
1716
786
1408
1161
1672
1161
2728
1161
1789
2648
1717
2118
385
3032
2455
3032
28
278
1331
542
2120
542
1598
1455
3807
1455
491
2277
1760
2205
1891
2351
2363
2351
2544
2513
2102
2089
704
3097
896
1830
3681
1830
1904
1698
1725
1698
2394
1698
125
2806
2210
2190
2347
3563
40
48
604
1581
1770
3945
1771
3945
150
163
356
163
3675
836
3651
836
3656
844
119
118
2121
2867
2995
1692
2760
3656
3000
3656
2611
3656
1736
3656
2639
1955
221
280
357
280
51
39
959
1278
2328
1278
124
1780
2961
1669
3850
3754
2186
3754
1945
3754
3000
3262
2611
3262
788
751
1229
751
51
74
121
1
1025
3410
1864
920
514
505
514
3516
568
2705
568
205
181
308
181
769
699
1409
699
3288
699
1908
699
134
383
2194
904
2641
904
3772
904
3143
904
2777
2771
708
3423
485
2548
1058
2995
3806
2995
1057
2995
2097
3285
526
3285
3192
3285
3954
3042
272
293
343
293
1156
1887
3613
1887
1226
1887
2805
2446
2216
1043
892
1132
950
1132
2801
2434
3868
2434
2631
2434
3708
642
3727
642
1107
642
1106
642
2201
2613
21
88
1059
3251
1630
3251
412
2679
2263
2679
2181
2403
2619
2403
3215
2403
2416
2403
1096
2403
3840
2403
437
1006
1162
1253
2074
1253
2173
2884
1172
2030
1525
2030
2038
2030
758
3639
2289
3372
1662
3372
3397
3372
1650
3372
502
3732
90
91
3552
1662
3558
3468
1581
3468
906
933
2340
2322
3758
2322
2363
2322
3201
3200
3362
3304
1438
1437
557
1531
2564
2960
2561
2960
2963
2960
1495
538
535
538
2374
538
1943
3226
364
3226
303
226
204
226
2761
1702
1758
1950
1812
2263
2010
2263
3917
3902
1503
3902
208
334
511
2009
1461
2122
2749
2122
3056
2122
2577
1424
2115
1424
3147
3525
1207
3525
997
3525
2172
3757
1602
2652
446
456
450
1639
1468
3833
3290
659
2132
659
2139
3178
1724
3178
1927
3178
1208
1212
1413
1212
2261
3155
3932
3155
3899
3015
2797
3015
1757
3015
482
1020
2781
1332
2196
2427
3156
2427
3157
2427
2547
2521
2090
2521
3116
1785
3115
1785
1681
1558
539
808
3216
874
3851
874
2628
874
3803
874
2796
874
3839
874
1330
874
1367
1186
2537
1186
248
268
1975
3307
3522
2854
2364
718
1417
718
1882
3621
3866
3838
3142
894
3099
3465
1621
3465
769
689
1612
689
3288
689
1474
689
1908
689
1607
689
628
1857
180
307
870
3199
1599
3199
1955
3199
2874
2965
671
672
662
672
434
1073
449
1073
1648
2476
1661
2035
1473
3640
3741
2393
2440
996
3177
2741
456
1078
459
1078
2798
3261
1723
1438
1960
1556
463
1015
1664
524
2511
524
222
325
138
325
342
325
3889
2645
1790
1594
307
289
308
289
2746
2871
1437
3489
2126
3489
2354
3489
441
799
357
356
186
356
1533
1972
3247
1972
2402
2597
2153
2597
453
458
395
1998
2291
3330
2026
3330
2891
3770
2790
3770
861
3770
380
2670
3479
3234
3142
2779
155
240
216
240
3529
3371
3382
3371
558
3371
1905
3731
1495
3666
2374
3666
2373
3666
2959
2286
1979
2232
3754
2767
1793
1792
196
351
2312
650
1871
650
640
2312
3857
3020
606
744
3067
744
1977
3168
2214
3168
3169
3168
3534
736
3594
736
2814
3946
385
3946
380
3946
1799
3946
3567
3553
2401
3553
3604
3553
3676
939
3438
939
3439
939
713
3510
1977
1959
2214
1959
3169
1959
121
1764
3970
3041
641
1363
960
1363
926
851
2355
851
3286
851
2592
3123
3713
3123
2587
3123
431
3252
3617
3252
434
3252
1005
1029
2198
3764
3750
2153
3750
2153
3016
2891
848
1680
530
1680
2658
2623
1318
2623
3854
2623
974
1222
2356
1222
951
1222
654
3237
1605
3237
2842
3237
1849
3237
961
3237
1860
3237
2499
3237
2944
3237
2839
3237
1596
3237
1850
3237
2037
3237
1855
3237
1653
3237
2042
3237
1859
3237
1657
3237
2496
3237
2039
3237
1856
3237
850
3237
1658
3237
1857
3237
2841
3237
1655
3237
1659
3237
2501
3237
1854
3237
2043
3237
3559
3237
2487
3237
767
3237
2939
3237
3312
3490
3326
3490
2098
3490
1620
2640
518
789
1150
3455
636
3455
3632
3455
362
1604
630
1604
1696
1010
3223
1163
586
587
586
587
2324
2949
1958
1942
382
818
2670
818
958
818
2241
818
920
2754
245
151
2574
2353
2581
2353
69
127
2187
2417
518
2511
1671
2841
2342
2841
3012
3006
1440
3006
1782
1988
2099
2086
3664
2086
1548
2086
2152
3769
3798
3769
1598
3769
3807
3769
3316
3329
36
3975
2420
2607
2786
2607
3785
2607
2468
2675
1677
962
1415
962
1416
962
499
2019
2934
2019
2494
2019
3275
2019
3651
2112
1941
1414
1471
1468
3132
1468
2659
1468
27
347
346
249
346
1615
1633
3047
1633
2463
3880
2463
3880
856
1757
3294
881
3628
881
1429
3767
1430
3767
1930
3767
1938
1483
3151
3019
1792
3019
846
1802
3196
1802
654
655
1596
655
2731
708
3682
708
2391
708
3118
708
2877
708
2730
708
1504
774
2577
2566
3873
2901
1790
2901
1778
2901
1454
969
1054
969
624
969
600
3622
1941
2178
3659
1685
1788
373
1919
3165
876
537
2137
537
907
537
426
431
1148
3509
1907
3509
3694
3509
474
3339
1084
3339
3304
3339
3619
3339
838
1290
2328
1290
464
469
2845
3672
887
3672
246
224
587
1377
1550
1377
531
2507
2163
2401
1577
1305
866
1251
2083
1251
2433
2575
1509
1533
1509
1533
392
1533
2755
3604
62
2243
2810
453
931
1508
3247
3709
2540
1371
2540
1042
3069
2508
3069
3581
3069
447
3069
3459
3069
3592
3069
3515
3069
1124
3069
2346
3069
929
3069
2358
3069
3523
3069
2104
3069
3517
3069
1585
3069
859
3069
457
3069
1453
3069
2351
3069
1326
3069
1147
3069
472
3069
2534
3069
2088
3069
3405
3069
3260
3069
921
3069
3687
3069
2341
3069
3068
3069
891
3069
2343
3069
1663
2308
428
2308
2321
2308
1405
2308
765
2308
3408
2308
2707
2308
433
2308
2322
2308
1558
2308
931
2308
3585
2308
1041
2308
455
2308
3503
2308
913
2308
448
2308
470
2308
466
2308
2145
3706
1944
3706
2893
3706
2200
3706
2205
3706
3773
3706
1551
1504
3037
1504
2984
2374
2431
2773
152
161
360
161
3656
3585
1605
1819
2839
1819
110
3968
2670
381
2972
487
3812
1735
2184
1735
3818
1735
1956
1735
1009
1735
2188
1735
3451
3417
1492
3417
126
1788
2166
2611
422
1041
3093
2228
2802
2228
3960
3950
3302
2696
3088
462
2142
462
1043
462
452
462
2813
2666
2668
2666
3136
3067
1728
3719
3950
2002
628
637
492
1326
1045
1326
1893
1326
545
1147
1718
1709
3025
1968
1975
1968
3530
753
1511
753
2162
1914
367
3787
3815
3787
853
3915
79
3098
3394
3096
3394
2862
2720
2860
2720
2532
2720
2333
2720
2338
2720
2089
2720
3563
2720
2959
2720
2078
2720
2958
2720
1319
1583
401
1583
3744
1095
2052
2917
1486
2917
3368
3356
1101
1100
2327
555
3688
555
3205
2136
3517
3481
1453
3481
2107
1199
2103
1199
2108
1199
1102
1442
2159
2144
2658
2449
1318
2449
3854
2449
1166
686
883
686
1571
3173
1583
3173
877
3888
3575
3548
1452
3548
1974
2216
2222
2216
2953
1071
2955
1071
1768
367
3519
3414
2541
3414
537
1459
2002
2815
2866
2497
1733
2391
2209
2182
2379
2743
2584
2743
2747
2743
3582
1295
934
1295
2759
712
3139
712
1923
712
720
712
2491
3340
1911
2570
3951
1300
1754
3244
1523
3244
3928
3086
1802
3086
2553
2336
3667
2344
1573
3607
1622
3607
3188
979
90
2544
2706
1734
1730
2415
1730
1804
1798
3867
3321
355
220
223
220
522
1656
438
439
900
624
2904
624
796
624
3890
624
2053
1126
2302
1126
3119
3118
497
2545
2096
1347
3662
1494
2962
1494
993
3070
2974
2108
2434
2174
1305
3031
3926
3031
2668
3031
2669
1472
2669
1472
2574
3397
1661
3397
2946
3397
2581
3397
2559
3397
1861
3397
2671
1992
3155
1992
2762
3720
1352
3720
1536
3805
775
958
790
958
2353
2523
1553
822
2060
1189
808
1189
969
3741
3641
2829
2054
2829
2439
3784
3822
3784
2740
1090
1541
1938
2625
1938
2051
1177
2080
1177
1059
1105
2769
1105
1060
1105
3737
1105
2147
1105
1443
550
903
550
75
120
851
1218
2085
1218
1677
2725
1415
2725
1416
2725
29
209
46
50
246
352
354
352
1561
2261
991
2261
1606
3064
1026
3064
1055
3105
3291
3105
520
1712
3186
1712
1317
1712
3224
3193
3003
2157
3784
2157
2230
2627
2789
2627
2388
1686
3052
1686
3181
1686
2189
1686
1151
1686
1092
1686
2001
1999
2003
1999
3819
2778
3509
2565
2339
1367
1347
1367
3606
1367
453
459
3573
3492
2068
3492
3655
1439
3689
1202
955
1202
3666
1154
3502
656
2250
2452
2669
2452
3176
3545
3624
3545
712
1624
1532
3416
1222
3416
3254
494
1325
494
2707
2280
2506
2280
2673
3904
2143
3707
3060
2364
3329
2364
942
2364
3287
2364
3572
730
3048
730
2868
798
776
3246
2915
3246
2012
3246
1985
3084
384
3084
148
302
756
2763
1305
3921
475
3921
209
247
3590
2921
2764
2593
718
3620
3026
3886
1794
3886
2666
3886
1960
3786
3025
3249
1964
3249
2426
3249
1043
3249
3307
3249
1962
1958
3172
1958
58
3958
771
3066
2655
3066
6
1028
3036
2241
1033
3873
2666
3873
2912
2676
2678
2676
465
472
535
2085
66
129
61
135
2091
2051
2727
2051
1702
2051
2436
3818
5
275
1131
3357
3612
3357
519
3357
3372
3357
3429
3357
460
3357
519
1822
498
3641
800
938
170
253
271
253
2128
1550
56
136
2841
3428
3559
3428
2870
533
1582
3704
2632
3704
3779
3704
2603
3704
1937
1931
1934
1931
1785
1989
964
3087
2190
3087
1743
3087
2127
2560
1699
2560
3766
1061
1113
2484
627
2484
552
2018
195
215
2381
1469
2881
1469
2215
3772
936
3332
972
3332
133
377
1624
735
3594
735
3663
788
2745
788
990
3940
109
504
3674
3606
2522
2948
2856
2948
2519
2948
2704
2948
2528
2948
2520
2948
2525
2948
2710
2948
2715
2948
1669
2948
2706
2948
2527
2948
2319
2948
2326
2948
2315
2948
2310
2948
2325
2948
2524
2948
2833
2832
2357
3685
261
197
294
197
2571
1192
1682
1192
3281
819
3665
819
3293
2285
1437
1487
2126
1487
2354
1487
608
1381
3770
1354
1868
3512
458
3512
778
3512
3372
1637
1150
3396
1206
3396
494
2080
1618
709
3683
709
2644
1753
2651
1753
3065
1753
797
914
538
968
2191
2179
1671
1462
2342
1462
3829
2164
3134
3354
1846
3354
889
3354
3135
3354
493
3354
2061
3354
2211
3250
2208
3250
711
3619
2647
2603
3024
2603
2416
2603
3200
2603
2763
2603
3840
2603
405
3919
1557
3919
1568
3919
417
1016
3253
2413
579
2357
2403
2357
2647
3213
3201
3213
1960
1555
3402
2271
99
442
2441
2634
2799
2646
3151
3022
3150
3022
1978
3022
3324
3201
2810
3201
1113
3443
683
3443
3632
3443
627
3443
960
3443
665
1167
1621
583
3095
583
1105
982
3729
982
3316
942
3666
2726
2839
1818
1857
1818
3972
2913
2352
2861
3168
3004
1889
2309
3666
2309
127
1789
882
2130
3158
2130
1098
2130
1979
2229
1108
1106
3763
604
2575
604
3704
604
3722
604
926
1587
2355
1587
3286
1587
1900
3072
1004
414
1902
3438
463
468
532
1143
782
1032
1070
633
814
3865
818
3865
142
265
2662
2660
3198
2660
419
757
485
3208
169
193
3248
3669
2887
2584
35
3974
2022
3342
2029
3342
1042
1320
2346
1320
105
3768
2985
3194
1962
3852
1962
3203
1962
3146
3295
547
802
4
718
1655
605
2534
2548
1125
2539
1125
3381
2546
921
2690
891
2690
2873
1881
848
3667
904
3667
2974
1198
3123
1198
1990
2448
1224
3433
2086
3433
548
2705
2791
2777
2642
2777
932
483
2220
483
1031
2782
1021
2782
1032
2782
477
1431
1858
1537
3264
1537
3110
2335
3111
2335
881
1296
1603
1296
2665
1774
1721
1708
2257
2816
2433
3722
3132
1969
2659
1969
188
235
2057
685
1611
685
2961
2503
348
296
805
1373
806
1373
1505
2215
1504
2215
2649
2215
3586
556
3702
3535
2537
3535
274
301
3698
1524
2399
1524
2601
1524
2597
2135
2597
2135
1575
1096
3581
594
2341
594
2656
3868
1381
978
1460
978
386
1799
1021
3903
2432
3903
3244
3903
9
3236
106
438
77
2312
1173
44
509
1458
3690
3670
3308
3670
3714
3670
3553
2527
3748
2421
2187
1325
3810
1325
3816
1325
3805
1325
2177
1325
2444
3007
2203
3007
3019
3007
1991
2665
2461
2665
2462
2665
973
972
3069
972
2217
3823
3020
3823
2219
3823
141
309
343
309
205
309
2327
2695
2840
2695
2936
1343
1666
1343
3507
1188
1141
1188
3836
1744
3789
1744
2646
1744
218
243
1744
1736
1949
1736
2189
1736
3156
1736
81
101
604
2952
423
3956
1663
2700
428
2700
2321
2700
1405
2700
765
2700
2052
2700
3408
2700
3557
2700
1486
2700
2707
2700
2506
2700
1485
2700
1091
2700
1444
2700
2845
2700
433
2700
3285
2700
2322
2700
1558
2700
931
2700
3585
2700
1041
2700
887
2700
455
2700
3364
2700
3503
2700
913
2700
448
2700
3623
2700
3129
2700
470
2700
466
2700
922
2828
627
2828
5
1468
1939
3314
1939
2437
1939
145
206
274
206
149
206
344
206
3808
3188
1951
3188
1519
3188
2034
3631
1852
3631
1651
3631
2500
3631
241
182
332
182
289
182
3787
3766
2997
3766
2548
1120
1431
1120
3654
792
1443
1219
2085
1219
80
106
2788
3315
3709
1650
2887
2747
2862
2493
3701
3664
2646
2210
2650
2210
1352
2109
1719
2109
1351
2109
3264
2022
869
680
854
680
196
257
153
257
2866
2330
573
959
1813
1306
1036
1306
2882
2576
2986
2576
2767
764
1026
363
76
98
176
178
328
178
3731
1851
1929
2877
888
2805
2809
2805
3203
3138
426
424
422
424
1441
1230
946
1230
2080
1129
2302
1129
900
2206
796
2206
244
152
585
3657
2899
2790
3838
2790
3649
639
809
1456
485
2053
2491
3341
3855
1310
3055
1538
494
950
2596
702
841
702
1515
3224
2662
3224
3878
3224
208
148
189
148
1749
3320
1749
3320
1681
785
3276
2319
536
2716
3579
558
3079
558
3079
3498
3576
1874
3576
1874
1034
1808
2008
1808
1035
1808
2331
2923
3688
2923
2764
2591
3356
2288
596
1659
586
1659
587
1659
3305
3071
3588
2682
2507
2682
3063
2243
3124
2243
243
287
330
287
770
2945
2058
2945
2329
2945
539
1894
1688
2098
2140
1689
2137
1689
3719
1689
3150
3030
2158
2761
2765
2761
1047
2761
3817
2761
1766
2225
1027
1718
1149
2826
2550
2826
3049
3721
2171
3721
2651
2897
2446
2897
3066
2897
1309
2897
3408
1115
913
1115
1441
3479
641
3479
3572
3479
3273
3479
1169
3479
3048
3479
967
3479
1150
3479
3272
3479
781
3479
3497
3479
636
3479
885
3479
1110
3479
854
3479
3577
3479
946
3479
2179
3740
2198
3740
2593
2970
2855
3133
943
3133
2045
3133
896
3133
3681
3133
2317
3133
2055
3133
889
3133
1208
3133
3500
3133
2063
3133
2061
3133
858
857
3901
3855
1481
3855
1160
1672
3490
692
3560
692
538
2517
1935
2411
1935
2411
276
343
3429
2273
1931
1315
1686
955
3767
3756
207
328
266
328
819
581
3587
581
1949
2196
3964
3955
3724
2728
2801
2800
2656
2800
1444
1836
2088
1844
3405
1844
571
2795
948
2795
1491
2795
2536
1235
3160
1235
3199
3227
483
1751
483
1751
897
864
2023
1514
3374
1514
847
1568
1510
2298
525
780
2404
2601
824
669
2064
669
2378
3654
2451
3319
78
112
2535
2847
2449
2649
889
1642
2902
2220
1299
2220
3675
2119
418
2012
776
3910
512
3910
2247
3910
1016
3910
73
2305
2940
481
2088
2245
1986
1015
1986
2458
3029
1158
1383
781
1383
2750
1699
2748
1699
3
139
1474
3306
2393
3306
1475
3306
2162
1904
510
887
2420
1933
2786
1933
3785
1933
984
531
3706
531
107
437
2194
1329
1111
1110
3658
3480
1008
3480
910
1209
1877
1209
3800
3739
3001
3739
1741
3739
2564
3632
2561
3632
2963
3632
2243
2907
410
2466
3760
1063
652
662
3704
2975
82
100
3936
937
414
937
1507
937
3235
995
1703
1433
1721
1433
1905
1433
3573
3491
1434
3491
2050
2036
718
2044
1450
1614
3499
1614
535
1668
396
3116
2910
3116
3043
1000
999
1000
3057
3056
2311
1257
3533
1257
60
32
2937
2475
2874
2966
2427
2407
3552
1371
667
2501
2623
3259
548
569
3240
3885
2249
3885
3173
3891
3173
3891
2967
3384
2578
3384
3403
3384
3823
1047
1578
2617
1479
3797
1506
3405
1697
3405
1899
3405
872
1722
2850
387
1906
481
1314
481
3825
481
1315
481
1901
481
3099
3367
2070
3367
3382
3367
3593
3367
2064
3367
3097
3367
939
3367
2074
3367
3095
3367
3513
3367
26
190
2551
1279
1222
1279
3654
2102
940
2102
3962
2254
2358
1404
472
1404
2578
1883
3403
1883
1765
2440
3845
2440
2225
2440
2046
2292
2052
2292
3557
2292
1091
2292
2845
2292
3366
2292
3285
2292
2308
2292
887
2292
1870
1185
783
1185
3693
1141
924
1141
1407
1141
443
2678
362
631
2976
631
1796
1786
193
204
1059
3729
1060
3729
3737
3729
2132
3729
3383
3369
2063
3369
511
1812
47
3971
3712
3642
1916
3642
1722
3642
2960
3595
807
562
1517
562
3652
2863
495
2549
1742
1542
194
330
3844
455
3929
2911
3940
2911
3760
830
1355
698
658
698
1969
3814
1465
3814
2212
3814
3445
3277
3041
3039
2471
2470
2529
3364
3667
3260
969
658
841
658
3112
2397
3363
2491
3373
2491
2897
3794
419
990
2742
1853
1428
1853
2377
1853
2800
1559
2983
361
3099
809
3658
809
3529
809
916
809
1162
809
3382
809
3518
809
1262
809
1166
809
3098
809
1418
809
824
809
3593
809
956
809
883
809
3097
809
939
809
3657
809
558
809
3128
809
3096
809
1621
809
3526
809
3095
809
917
809
3513
809
829
809
645
809
3073
809
194
158
243
158
931
1077
455
1077
3967
1005
357
229
3658
3387
916
3387
1162
3387
1166
3387
824
3387
956
3387
883
3387
3657
3387
3096
3387
952
3387
829
3387
645
3387
3073
3387
2870
2092
2055
1394
2952
1394
2323
1341
2066
1341
2337
3128
3866
2445
3125
539
3257
539
2144
539
27
9
468
2008
1355
2074
528
3331
3494
3331
3293
3331
2285
3331
1521
3331
1958
3771
2321
1638
1405
1638
73
18
151
162
358
162
2104
3615
891
3615
3862
2423
2630
2423
2791
2423
5
1026
2593
3274
2221
3817
2217
3817
3853
3817
2208
3817
2192
3817
3739
3730
824
1264
883
1264
3383
3370
2507
3370
2215
3143
2049
1180
2698
1180
467
1079
459
1079
3913
3202
1564
3202
2000
3202
1327
2302
1971
3021
3884
1572
3875
1572
3140
1572
84
1759
1956
556
2267
2364
719
3705
719
3751
924
1892
2732
3699
2732
2735
2732
40
37
2574
3511
1524
3511
2559
3511
3678
3096
2565
3096
2105
3096
2258
3040
435
450
2379
3503
2584
3503
2747
3503
1172
1171
1040
3889
3910
3889
2037
688
2501
688
545
835
2981
1112
3727
1112
1061
1112
1913
1112
436
1019
3716
2414
443
2468
1736
3665
1779
2633
1170
660
3502
660
3010
3253
2199
3253
1946
3253
2770
2757
3261
2757
2228
2757
1605
1841
2842
1841
3311
988
989
988
895
3869
1762
3869
821
3122
2049
3421
479
3421
3589
3421
2502
3421
467
3421
3519
3421
2509
3421
1554
3421
471
3421
2701
3421
2541
3421
1224
3421
456
3421
2086
3421
431
3421
487
3421
2743
3421
2344
3421
459
3421
2051
3421
1487
3421
2080
3421
2053
3421
2945
3421
2302
3421
3511
3421
3684
3421
2698
3421
3617
3421
2531
3421
1466
3421
434
3421
449
3421
479
1086
487
1086
2526
584
2716
584
45
3976
3741
1607
2885
1675
3045
1675
3847
1949
2229
1949
2442
1949
3522
3440
2706
2942
1655
726
1854
726
84
97
481
913
2914
1754
1148
3552
1907
3552
3694
3552
602
1511
3060
1417
3740
1417
1923
1417
299
236
3188
1353
3016
861
2213
3314
2343
1640
1809
3210
2901
2222
3078
2604
2605
2604
2405
2604
439
2010
1736
2163
413
782
78
3679
3189
1885
3189
674
3561
2239
1566
1044
1901
3251
816
2054
1178
2061
1178
3271
2685
930
2685
3774
503
1048
503
2150
503
2161
503
1572
2802
3292
3534
3639
3534
676
3297
1065
2987
2712
534
2586
546
3205
546
3750
546
2153
546
3897
690
3032
690
3874
3867
2810
3867
2907
3867
432
448
81
691
705
2378
705
3867
777
3408
2483
3503
2483
2498
1597
3304
1597
1617
998
2424
3317
771
3870
2655
3870
506
1670
2884
527
420
421
2876
421
345
205
275
205
1501
1779
1782
1779
2999
2972
1613
2972
3290
665
2132
665
532
3623
1897
2556
1262
2015
1166
2015
1042
1645
457
1645
1938
2594
3702
3668
789
3668
72
1112
1871
1981
3209
2256
3896
992
3896
3087
3166
1961
2438
2977
3439
170
279
270
279
296
279
1367
3456
3584
3456
40
1441
747
3554
747
489
493
114
113
1947
3864
3015
3864
1858
2029
576
1153
2077
1623
1037
2680
2013
2680
3758
1891
388
3190
2166
2984
2760
2984
3000
2984
957
3294
3625
3537
1432
3537
1887
2959
1461
576
2374
576
3056
576
976
576
2367
576
2373
576
875
2764
2891
2764
979
2764
975
2764
3191
2764
2681
3925
412
3925
1489
3925
2979
2363
428
1312
1041
1312
2201
3005
675
695
3050
952
839
952
3661
700
3407
700
3321
828
777
828
3209
828
3009
3831
2313
1286
970
1286
890
1232
2062
1232
1522
1767
3833
2792
3091
2656
2461
2656
2443
452
1974
452
2901
452
3886
452
1546
1545
1438
2126
52
28
572
2347
2522
2494
2843
2494
625
1706
1024
364
3080
1979
1545
1979
1982
1979
1897
2730
2804
2798
3029
2798
1853
3429
465
3429
3051
763
1358
1391
662
1391
2297
1497
2285
1497
446
2295
783
1182
2852
1182
3786
1743
1885
2300
3830
1570
1569
1336
3072
1336
1676
1336
915
627
1706
627
1555
3181
1879
1344
923
1344
3102
1216
1589
1216
711
2071
600
778
1663
3355
3434
3355
496
3355
3571
3355
529
3355
473
3355
3402
3355
425
3355
2833
3355
429
3355
3637
3355
480
3355
3445
3355
3782
3355
544
3355
508
3355
3636
3355
3231
3355
1444
3355
1041
3355
556
3355
3631
3355
569
3355
450
3355
534
3355
491
3355
3404
3355
3832
3355
552
3355
575
3355
1147
565
2835
565
1398
2459
91
1815
142
344
1972
2218
1972
2218
2149
3618
3101
3618
2151
3618
1329
1725
3325
1261
3746
2189
3582
3107
1221
3107
1443
3107
866
3107
528
3107
3520
3107
1875
3107
849
3107
3495
3107
1878
3107
1382
3107
944
3107
1170
3107
3494
3107
2083
3107
1146
3107
909
3107
837
3107
851
3107
3490
3107
962
3107
2085
3107
1167
3107
1143
3107
3384
3107
2092
3107
832
3107
2332
3107
1521
3107
3502
3107
934
3107
903
3107
3560
3107
810
3107
1763
3841
1681
3684
1654
1829
3195
1829
2941
2938
2699
2938
3438
2090
3439
2090
3816
2177
3816
2177
3509
2105
1502
992
2678
992
2468
992
3235
992
1433
921
2042
593
1657
593
3221
3820
772
3705
2771
3705
2164
3705
3795
3705
313
305
1723
3586
3257
3586
3956
1523
3952
3938
3959
3938
3950
3938
3951
3938
3589
3547
2344
3547
2590
3673
3290
676
1687
676
1690
676
639
1174
1336
1174
1400
1108
1062
1108
1401
1108
451
2472
2386
2735
2317
3430
3588
3430
2636
2788
3329
2788
942
2788
674
1611
59
3960
2330
2041
3292
1228
3718
1696
2489
1540
1592
1540
3421
1540
3929
1308
1002
1308
1755
3806
1532
1374
1153
1374
3662
2504
880
948
1014
1773
1987
1773
2964
832
1881
832
2558
832
1029
2819
2911
2819
1507
2819
3715
2533
3732
2533
48
1810
1146
560
2332
560
62
22
1595
2290
2551
2290
3102
2290
1589
2290
3059
2290
1149
2290
787
2290
836
2290
2548
2290
2545
2290
1431
2290
1141
2290
3189
2290
2533
2290
2539
2290
923
2290
3574
2290
1534
2290
1752
484
483
484
1751
484
1613
484
2157
1401
1005
1507
1918
2377
2854
2305
2708
2305
870
1575
3809
1575
1955
1575
1807
2251
842
2251
1998
2251
2577
2095
841
1917
217
216
210
216
94
413
1915
2100
1350
2100
2973
2100
2569
2100
3127
3544
3626
3544
1544
2442
2233
2199
3307
2199
929
1136
1585
1136
3700
634
1604
634
631
634
1695
634
3753
1449
3765
1449
645
646
3073
646
3748
1144
625
3248
1802
3085
2146
2583
1919
2583
3052
1720
3739
1720
2189
1720
1151
1720
1732
1720
2360
2326
1403
2147
2465
3104
3908
3104
2345
2709
1064
2968
2470
2914
1507
2914
542
3687
503
1666
139
269
3173
3172
1989
3172
3891
3172
855
3819
1771
3819
2439
3819
967
3471
3508
3471
1815
1002
2970
603
3574
617
1534
617
1959
3182
41
531
3597
3244
1729
1747
1729
16
11
34
11
21
11
76
11
82
11
96
11
111
11
19
11
31
11
15
11
26
11
14
11
77
11
32
11
84
11
37
11
81
11
28
11
22
11
119
11
80
11
87
11
13
11
812
980
774
980
2649
980
3009
1934
1964
1946
987
2387
3148
2481
2033
2481
338
172
263
172
204
172
2045
1825
3681
1825
2987
1064
3663
1226
439
440
2348
1460
1685
1460
2969
1460
2509
2937
2857
2937
689
3275
49
3655
2116
1008
3483
3513
3483
119
1807
3937
3957
3937
3958
3937
3948
3937
860
475
901
407
500
501
3780
501
1134
501
2875
501
490
966
2339
3129
3674
3129
1347
3129
1037
1299
1020
1299
938
1299
3162
2569
3735
2569
2992
2569
2870
3576
347
168
335
168
261
168
1162
1384
3097
1384
2120
2082
46
38
1922
1903
2386
2067
1892
2067
3699
2067
2834
549
2527
549
938
863
966
863
2814
2455
2551
1277
3074
1277
1567
1513
1510
1205
1413
1205
2762
1351
2740
1089
2569
911
2940
2830
2699
2830
2560
2698
403
1806
30
251
1531
1190
808
1190
2104
3614
859
3614
291
288
3817
2161
1172
1648
1525
1648
3109
1648
808
1648
805
1648
1323
1118
2056
1118
3825
1715
192
336
105
104
3388
3365
1167
678
810
678
1983
2631
3858
2208
2199
3716
1946
3716
3018
3716
3571
2274
390
3951
947
2328
2372
2328
2110
2328
1100
3407
1614
3407
2444
3842
374
3842
1208
1843
3500
1843
3829
3795
20
89
2392
2562
2602
2562
2155
2562
2597
2562
2135
2562
1921
2562
635
1820
1633
1820
2443
445
3907
445
3886
445
3903
445
533
3258
1873
3258
3488
3258
842
1552
853
1552
3717
3696
1327
2539
2430
2128
2182
2128
2603
2128
2785
2128
760
3949
269
140
1398
3033
512
3033
342
341
248
341
350
327
247
327
3946
985
3086
985
3221
3815
222
322
292
322
140
322
3281
1621
2081
1621
2542
1621
3762
1893
464
470
3746
1151
996
3130
1948
3130
3131
3130
2717
1289
2521
1289
300
234
3871
2658
396
397
486
491
602
3594
1520
3743
3777
2361
1781
1976
2905
1976
3879
1976
3035
2809
2661
2809
2459
2809
223
201
230
201
1969
1465
1969
1465
3871
1318
80
3586
3404
1652
3404
2746
2719
2935
2924
638
1873
813
732
1609
732
2788
3728
3401
3368
3075
3368
3422
3368
1083
2316
1595
2316
1532
2316
2551
2316
3570
2316
3102
2316
762
2316
1589
2316
3074
2316
3059
2316
3528
2316
1149
2316
836
2316
3621
2316
1222
2316
2545
2316
1141
2316
2549
2316
3189
2316
1153
2316
2533
2316
2539
2316
923
2316
2538
2316
3574
2316
1534
2316
1058
1057
1058
1057
3582
3171
1221
3171
1443
3171
866
3171
528
3171
3520
3171
1875
3171
849
3171
3495
3171
1878
3171
1382
3171
944
3171
1170
3171
3494
3171
2083
3171
1869
3171
1146
3171
909
3171
837
3171
851
3171
3490
3171
962
3171
2085
3171
1167
3171
1143
3171
3384
3171
2092
3171
832
3171
2332
3171
1521
3171
3502
3171
934
3171
903
3171
3560
3171
810
3171
3298
2450
1301
2450
3951
2450
1999
1796
3909
1796
3555
3472
968
3472
3446
1200
1195
1200
3885
2236
2424
1099
2669
2244
3624
2688
1484
2688
1701
1195
2076
2282
3532
2835
118
423
494
2054
2563
3617
2350
3617
1738
1927
2908
3038
3204
3038
1539
3038
632
3385
553
3385
3054
3385
637
3385
1071
3385
633
3385
3297
3385
1336
3385
1717
1710
599
3323
944
1247
934
1247
3692
2332
2138
2332
1346
1521
1010
1521
1012
1521
3518
1427
3514
1427
3
2207
2785
1992
3140
3002
2996
3673
3286
1618
716
3423
716
2109
2558
1963
2186
3113
2186
1950
2186
3014
2186
2202
2186
514
923
3570
3551
3621
3551
2973
591
3695
591
1095
591
2569
591
395
3908
2816
3908
1552
3908
393
3908
1781
3879
1781
3879
1455
3733
1061
3733
3437
3373
2313
3373
478
3373
2048
3373
2068
3373
892
3373
1619
3373
3411
3373
3489
3373
3510
3373
2949
3373
2309
3373
1587
3373
1458
3373
950
3373
970
3373
1593
3373
1756
2212
1687
682
666
682
1335
682
1690
682
544
2020
1356
1263
1665
1263
1801
877
3900
877
576
805
2397
3318
2397
3318
908
1122
2320
1122
1759
1009
2081
3500
2542
3500
2736
3500
139
342
1334
2424
3797
2424
3305
2424
65
292
321
268
321
342
321
2087
1652
2567
1652
3498
1652
2234
3857
2903
3857
3086
790
993
2639
2796
2639
2652
2639
1805
3043
1626
2950
2512
2950
3506
2950
1667
2950
2717
2950
3516
2950
1664
2950
499
2950
2521
2950
2511
2950
2720
2950
2705
2950
2716
2950
1670
2950
1666
2950
3275
2950
1863
2950
2387
3121
3504
3422
3273
3422
1169
3422
3048
3422
967
3422
3640
3422
1110
3422
946
3422
3442
3422
871
3422
3508
3422
2543
2702
3876
897
1512
897
407
1035
166
214
711
970
853
1996
394
1996
1019
3028
1850
1393
1659
1393
3276
2078
1570
1741
2560
2857
3599
3263
0
1601
3655
1973
1965
1980
1965
1674
2073
977
1476
3218
1476
2622
1476
2625
1476
1739
1476
1941
945
3254
3738
809
761
15
189
3679
1854
2300
1854
2051
3562
3684
3562
3973
826
1577
3926
1808
3926
2338
2025
2879
2864
2654
2780
2408
601
2146
601
3165
601
3721
601
3121
601
3740
3139
2256
2669
992
2669
2663
3854
2014
847
3506
3466
3516
3466
658
1867
3503
2692
470
2692
2852
517
785
517
97
411
2957
2955
2861
2955
473
2278
1524
2581
3582
728
1875
728
436
800
1439
3499
306
290
146
290
3974
795
3935
3932
2259
3932
2005
3932
1868
1322
469
1322
1606
3225
363
3225
2213
2437
2097
2531
2982
2531
66
2239
1960
1516
1960
1515
1960
2238
1960
766
1403
823
1403
1303
2006
3931
2006
3940
2006
1306
2006
1808
2006
2680
2006
1002
2006
2739
1679
784
1679
2389
1679
2372
1679
3114
1679
3696
1679
3935
2253
3956
1030
758
1884
2600
1884
31
316
3591
3526
2294
3832
424
3832
462
466
3736
907
874
907
3730
907
1726
907
3188
975
2812
2662
2598
2132
1056
2132
3783
2132
1755
2132
1057
2132
1596
649
2939
649
698
2043
2554
1446
1698
1434
1089
1434
355
230
803
1613
1740
1613
1307
1613
3864
1613
1966
1613
3157
3156
3157
3156
3841
3016
3023
3016
3565
940
877
3881
3905
3895
3907
3895
3903
3895
1729
3895
1780
1771
1457
3478
3524
3478
3701
1548
249
261
2998
2887
3253
2887
2612
1601
1482
1601
3317
1601
820
1601
2154
1601
2086
3431
2945
3431
1563
3132
71
17
3083
1847
1586
1847
2603
2751
2386
2514
1673
2514
2397
2514
3318
2514
2751
2514
2525
1298
2493
1298
1543
2568
1689
2568
16
310
2636
3287
2170
2997
3820
2997
3815
2997
1646
1196
3488
1196
874
1728
131
1800
89
3965
3379
2836
2850
2844
2954
2844
128
1795
2237
2235
912
2235
933
2235
3701
867
3638
867
2848
3464
1459
3464
1879
1411
2533
1411
2580
1517
2576
1517
2552
2315
3273
1273
885
1273
2592
3179
3713
3179
2587
3179
2223
3856
2450
3856
1172
679
2057
679
759
403
3642
2110
2647
2209
3024
2209
3200
2209
717
3154
3870
3014
1938
884
3172
3839
3653
1907
546
2063
1347
1466
3606
1466
408
1975
1015
1975
3873
1975
1035
1975
2871
2933
638
960
3630
2329
2183
1088
2418
1088
1049
1088
3774
1088
2624
1940
2049
2699
479
2699
3589
2699
2509
2699
471
2699
1224
2699
431
2699
459
2699
2051
2699
2053
2699
2945
2699
2302
2699
1466
2699
434
2699
449
2699
1679
986
2396
2383
3776
2383
1933
2383
793
2904
388
2904
2811
771
2807
771
2459
771
2123
548
2113
548
1145
548
546
548
1573
3470
2848
3470
432
446
445
446
628
1649
430
434
2709
1220
2310
1220
3887
2642
690
2642
1914
1012
1904
1012
1329
1012
2100
3524
487
1119
2053
1119
3504
613
3577
613
1547
3198
1995
3198
2069
1288
2071
1288
2382
3633
1471
2659
87
1221
3467
3520
3467
359
358
250
358
3596
1682
3294
1243
3905
427
3914
427
1730
427
1729
427
516
521
3187
521
1317
521
3919
1319
2818
1319
271
147
624
3305
3788
1716
1055
1716
2996
1716
1501
2808
3653
2874
2604
2874
3711
1591
1058
1591
1103
1591
786
1591
3806
1591
1057
1591
2768
1923
2732
2310
820
2994
2663
3180
2658
3180
3347
3284
1879
2538
3507
2538
2101
2538
474
2538
919
2538
787
2538
2548
2538
3619
2538
1431
2538
251
153
3616
1877
1488
1805
2904
2230
3890
2230
2971
1206
2105
1206
1105
652
3729
652
1463
2129
3169
2129
1508
2456
2206
1053
1794
1790
2466
1790
2254
2672
3294
965
3812
3755
2895
3755
1009
3755
963
476
477
3527
2980
1897
714
1897
1710
1897
210
225
117
3112
2115
1957
3840
3899
1970
1775
1970
3957
393
47
3451
741
788
741
41
3972
1765
1761
2065
1225
2067
1225
34
277
657
854
2550
2718
3834
3821
3322
3821
3048
3469
3554
3469
529
1826
3794
1945
1350
3638
3695
3638
1095
3638
2665
2894
1745
1098
3022
3017
3836
3157
3789
3157
2646
3157
1143
2689
3384
2689
433
1074
448
1074
2099
1008
3664
1008
1548
1008
3894
3871
3313
3419
1452
3419
1557
3939
3742
2638
1429
820
2169
820
1959
1092
2162
2394
585
2341
1331
1445
2289
552
2946
552
1861
552
1714
3596
2597
3596
2135
3596
265
143
604
3577
2604
3694
2588
2559
498
3643
2331
2853
3302
2853
1399
1990
3037
1990
815
1990
291
157
817
976
1562
976
1513
976
462
465
3249
465
957
2077
3705
2077
3955
2005
3893
893
1773
893
1850
621
1856
621
2173
1470
571
1491
571
1491
1727
1397
363
1397
196
360
251
360
1526
796
389
796
376
796
3808
2171
2784
2171
1097
2171
3136
3559
994
3115
2910
3115
397
3115
1007
3055
864
3055
3841
3055
2121
2956
3280
2956
1152
2956
3285
1267
3129
1267
3803
1732
3839
1732
1330
1732
2337
873
3705
3628
2790
3191
22
186
1024
2180
1943
2180
63
1525
710
1161
710
1886
2079
120
1302
2591
2572
1674
3406
819
1423
540
1423
2291
2026
801
3920
3926
3920
3231
2264
3194
3830
3193
3830
3138
3830
2886
3717
2412
3717
1353
3717
1920
927
2989
927
719
825
3631
2279
2863
3502
1109
3502
2612
1102
3788
1102
1055
1102
2996
1102
2994
1102
2074
1254
1261
1254
2196
2404
3156
2404
3157
2404
2758
2883
2756
2883
2144
2883
3243
1440
3019
1440
705
2047
3030
1617
1978
1617
1624
729
1603
729
1104
3697
1402
3697
2395
3697
816
3697
2147
3697
600
3574
719
934
3640
3420
3442
3420
601
946
3598
2722
1584
2722
1429
1475
1430
1475
1930
1475
3081
3203
1545
3203
1810
2257
3751
1407
827
2371
1916
2371
1520
2371
588
2371
3757
2371
3092
1501
3202
1501
932
1966
2220
1966
383
384
3569
3441
1113
3441
683
3441
636
3441
3632
3441
627
3441
960
3441
3772
3142
3143
3142
2637
3142
148
267
536
3095
3678
903
2565
903
2105
903
454
460
400
1995
1319
1995
1549
1995
3620
3211
1623
3211
2632
2433
2629
2433
2634
2433
799
1036
3824
1044
3310
2668
2467
2668
2434
2614
2638
2614
67
130
2004
2000
3249
3714
1658
648
2939
648
715
1863
2818
1549
3665
2542
512
513
2012
513
676
3560
3698
1911
2992
1911
3137
1911
3227
1911
2404
1911
1911
806
760
3941
3954
3941
1557
3941
3970
3941
759
3941
3955
3941
826
3941
795
3941
3835
3829
3843
3829
3865
3829
2671
2812
3155
2812
3292
843
180
308
3725
715
2365
715
833
715
714
715
2118
715
1157
715
1948
2185
939
1292
3128
1292
1101
1678
3655
1678
452
2141
1686
3616
2801
2786
3868
2786
2631
2786
1720
540
1
239
1795
374
496
1832
3799
773
2628
773
3884
1948
3875
1948
3140
1948
351
198
153
198
3090
3785
3074
1285
1534
1285
3858
2192
0
2487
2898
2381
1483
2381
1542
2381
2594
2381
3066
3065
1381
611
1462
611
3570
3549
1149
3549
3297
696
695
696
2334
2061
858
2061
2079
2061
227
202
155
202
1880
1484
437
1018
888
3872
2809
3872
1333
3119
2410
3119
3728
3119
3949
2469
2674
401
398
401
1804
401
503
507
538
575
2454
3804
3175
3804
1357
810
425
2931
2800
1560
3299
989
3107
3106
2187
2167
3184
720
2429
720
2615
720
3764
720
2179
720
1098
720
1546
1982
273
333
208
333
715
917
1104
1357
1692
1357
816
1357
1591
1357
3566
3493
1434
3493
3578
2016
2869
1413
2874
1413
2871
2555
1195
2555
3159
1271
2067
1271
442
1634
1883
1646
1526
3890
793
3890
3190
3890
435
449
3091
2462
1165
1164
2148
666
2134
666
1912
666
3756
666
1716
666
3523
3415
2719
3415
3626
3546
899
3546
717
1603
3618
2354
2982
3192
2641
2637
938
3245
931
1080
466
1080
2427
2753
1911
3587
2511
1179
1670
1179
3935
3934
3949
3934
403
3934
3939
3934
1450
3442
1100
3442
3499
3442
599
3141
956
1364
952
1364
368
3807
2889
3807
3820
3807
3661
706
1161
706
762
3395
787
3395
192
171
339
171
3598
3550
897
3023
347
294
214
294
1980
1763
1767
1763
2230
3212
983
2154
1054
2154
1053
2154
3870
2202
1770
2439
2357
1452
71
124
3088
2624
1043
2624
2216
2624
452
2624
821
545
954
545
1935
545
2411
545
1221
1280
1878
1280
632
3338
553
3338
2288
3338
1209
3338
54
2401
3501
3604
3501
1634
999
3271
2686
1198
2686
901
1778
2175
1565
1942
1565
3771
1565
3164
2367
20
10
23
10
25
10
103
10
12
10
114
10
29
10
83
10
108
10
86
10
24
10
30
10
33
10
39
10
27
10
79
10
90
10
105
10
44
10
18
10
78
10
38
10
17
10
117
10
3896
815
3961
391
1046
497
3183
497
2761
497
1875
743
1382
743
848
2712
530
2712
3221
3120
3944
3120
1876
3513
1154
3513
2726
3513
3725
1157
3725
1157
919
570
3621
570
3446
3068
2094
3068
3380
3068
1535
1627
3437
2822
3566
2822
341
329
184
329
629
829
1680
3584
44
94
338
173
333
173
301
285
344
285
171
285
2579
2550
3856
1051
2991
3718
3781
3718
1316
3718
1735
3718
1158
725
871
725
305
252
336
252
83
99
3510
1241
970
1241
1648
2028
3962
3948
1944
3773
3195
3333
1498
3333
1569
1676
1569
1676
2056
1085
469
1085
7
248
515
1593
1954
1921
3749
1921
1627
1921
6
3648
3605
3641
3605
982
3686
2552
2958
68
13
518
523
659
1665
1088
3723
2042
597
1659
597
928
2458
1786
2458
3881
2458
2609
3164
2610
3164
1169
670
854
670
1031
1527
1523
1527
2472
1527
1595
1421
836
1421
775
779
2865
2325
3523
3432
3687
3432
2440
3131
2892
2173
2447
2173
2227
2173
2186
2173
1887
2524
638
645
886
1135
1458
1135
2158
3768
2765
3768
1047
3768
3322
3328
3718
2096
1793
1978
791
871
792
871
940
871
3849
2799
2660
2799
2802
2799
244
258
360
258
1847
3343
1962
1330
1094
1576
1920
1576
1093
1576
3166
1576
1510
2306
65
128
176
177
144
177
336
177
3136
2851
413
1747
1803
1493
1968
3018
2744
3170
967
1210
3272
1210
3967
1022
1111
1109
525
891
2534
623
2341
623
3583
3508
1376
3508
2314
3508
1784
3866
1512
3866
2001
3909
3241
3909
2261
3909
2812
3878
3669
3073
1063
3073
830
3073
0
262
1625
2120
2139
2120
1724
2120
2770
2120
3061
2120
3261
2120
2221
2219
2838
767
654
767
1605
767
2842
767
1849
767
961
767
1860
767
2499
767
2944
767
2839
767
1596
767
1850
767
2037
767
1855
767
2943
767
1653
767
2042
767
1859
767
1657
767
2496
767
2039
767
1856
767
850
767
1658
767
1857
767
2841
767
1655
767
1659
767
2501
767
1854
767
2043
767
3559
767
2939
767
3505
3454
2945
3454
3080
2650
1545
2650
1982
2650
2348
2343
1685
2343
2969
2343
1709
1695
3064
1695
64
131
1749
2744
3779
2744
2629
2744
2773
2744
2634
2744
3320
2744
3013
2188
2618
2736
2753
2736
2517
1828
2400
2986
3712
1700
588
1700
1722
1700
2794
3296
373
3296
3295
3296
113
3966
3301
1952
370
1952
373
1952
640
2939
2775
841
624
841
2627
841
1872
3488
1874
3488
3576
3488
3310
3911
2240
3911
3920
3911
2978
1584
489
2320
3159
607
3141
607
2731
2962
2556
2962
3119
2962
1601
675
1102
675
2958
2032
2610
2143
1939
2143
3814
2143
3791
3765
498
1660
3834
3316
3027
3316
3328
3316
834
3167
1900
640
3708
640
1107
640
1569
640
1106
640
1676
640
1052
2789
886
1130
892
1130
1065
2106
746
1229
2595
2587
3786
949
1732
1726
3210
2818
3934
2818
3766
1913
3593
754
3526
754
39
210
504
511
101
417
3855
1309
910
1861
1747
2774
467
2708
3519
2708
1554
2708
2858
2708
2541
2708
3505
2708
1592
2708
456
2708
2086
2708
487
2708
2344
2708
1487
2708
2080
2708
3511
2708
3684
2708
3617
2708
2857
2708
2531
2708
93
901
2506
566
1485
566
1579
3822
1771
3822
1977
3169
1977
3169
3659
2969
3054
1816
637
1816
3710
3536
1484
3536
85
3969
2283
1215
3585
1215
2984
2373
3922
1503
1001
1503
2676
1503
1801
1782
3900
1782
3969
3235
1880
2537
1953
2431
1972
2431
2218
2431
2070
3457
558
3457
3306
1335
461
2296
180
184
309
184
856
3933
2797
3933
1036
3933
1909
1690
3162
2881
1542
2881
2594
2881
884
2881
3289
2198
2445
2198
3021
2198
1449
1448
18
313
3792
1705
2207
1705
1414
1705
2182
1705
945
1705
1803
1777
1509
1777
331
219
181
219
234
219
1
3930
2655
2661
2655
608
1534
1547
1546
1995
1546
2589
2125
