2175
2107
1910
3100
2586
382
1727
416
2612
20
3521
1133
1042
643
2049
1663
312
145
3679
2140
3540
2888
3011
3452
2402
2239
3151
1104
1252
606
3003
3348
2323
2724
932
848
3827
2919
16
23
1776
3625
2868
2814
1294
3461
3162
1441
1547
1693
2345
461
3434
567
1817
3698
227
2001
2370
1500
625
2544
2536
1495
2297
3824
2170
878
57
3099
2269
2097
1915
428
673
1072
2392
1094
596
2181
3680
2898
711
3539
34
554
2145
1526
821
1379
1703
3556
2340
3281
2991
2508
2574
1304
766
2653
3663
3935
2123
3078
3255
2737
3437
2262
620
3892
2375
1505
1213
1471
2307
1577
1059
1490
1734
1991
1746
2838
1929
3126
1333
2687
573
1971
2366
3658
3897
740
3083
496
132
3176
3529
1429
1156
654
137
1626
707
123
775
1283
3860
1684
53
1879
2980
3194
1760
3290
2872
520
1605
1677
3691
1590
3309
928
852
2755
2398
1248
2892
2231
166
1038
3217
3874
1791
306
2674
2608
2553
2859
2311
1415
93
3802
378
3447
2842
1849
1563
3582
813
3530
3197
506
961
2111
355
311
745
155
1221
1765
3675
3711
2258
3289
2979
2486
299
3703
1941
3859
770
2512
697
543
3444
667
2902
2750
2388
1083
3310
3877
2419
1600
3214
1014
1068
525
432
2644
2636
1595
882
223
324
1410
2166
3353
2998
1801
3571
723
916
1356
2017
1647
1967
2003
1406
2256
2430
2855
463
900
752
895
1037
1582
3927
3383
2964
3325
2759
2046
1443
2034
2880
1691
1616
259
3476
947
347
3035
2148
2618
3813
1661
1358
3801
3147
840
2589
3648
2321
1425
1532
2787
3692
2772
3745
335
510
1860
1131
3507
641
1784
3850
126
875
807
3712
905
977
1211
2076
1473
890
1628
3964
1331
2522
2435
218
3846
125
529
1993
1396
2850
2348
2885
3793
3581
823
1701
3363
1158
191
2121
7
2651
222
3218
845
3504
671
1420
2599
2027
64
368
3572
1954
713
1749
926
2742
2183
797
2
3144
3186
870
3849
579
3898
1266
3273
2957
1478
2409
283
1024
1865
3485
515
1793
1050
3012
3451
3152
2233
2714
2768
2909
1876
1275
3223
2551
2457
2313
1207
1920
3400
1362
3268
3609
1528
3963
426
2622
1240
3522
1139
1454
3836
2204
2152
629
1717
2385
3134
1281
479
1827
3590
242
1578
615
390
1973
748
2065
2824
477
571
405
3358
1369
2499
199
1896
3462
3788
3161
238
2935
1482
1197
3265
2837
1270
249
3936
3653
1169
866
3808
3566
1055
1516
1803
721
372
1245
1081
2194
2738
1846
1834
3610
1925
3399
987
3735
3375
1162
2464
610
109
3922
3589
1223
541
3426
447
315
1339
2352
2380
1943
3045
963
3282
2992
2518
2930
1984
811
164
1467
1906
1561
175
2060
2489
3137
395
1632
3378
2113
400
1866
70
3531
516
2758
1265
803
1721
256
482
2101
3753
3710
3837
925
2783
2502
207
1372
3564
846
834
3108
3303
3048
1541
1447
2912
943
3635
1610
3311
1004
2886
3689
2040
2291
1395
1033
2436
42
1142
2444
2149
632
2250
1400
2619
2075
2007
1963
1811
1359
2588
3570
906
3424
561
467
2953
3567
2091
1184
876
1342
2349
793
1159
3834
1260
2023
1426
3861
3088
454
1629
717
2187
2492
920
362
3291
2981
21
3709
528
3690
3427
578
2731
994
180
2045
1615
2474
2408
1172
3852
1479
827
896
3136
2070
3569
2598
3973
1997
1390
2856
973
1748
2301
1477
2255
1571
1405
3893
369
1529
3519
396
2592
3612
1905
1977
473
2681
1890
1138
628
3477
107
3009
2769
3149
3844
1823
3681
701
2974
2908
3184
3146
2990
3280
2498
1314
1368
954
1713
749
1926
3459
1845
1671
196
2794
303
3894
1246
1234
420
478
3506
865
1203
1515
2317
1056
2453
1797
2762
76
3205
2237
1870
3093
3930
1579
1752
1900
3847
3101
2739
3402
2944
2936
1895
2117
967
3474
406
2602
75
3520
2224
3113
3298
3053
1463
2066
443
246
3541
691
3150
2412
3010
1114
1168
616
1947
582
2386
983
203
1227
1840
3748
2804
25
532
425
2519
3460
103
3279
2989
2488
661
1641
2011
784
1276
1875
1807
3592
1193
2833
3645
297
1510
1338
3187
860
2889
3177
2694
2238
1031
1745
2293
188
3449
849
563
1813
3682
82
2918
2530
1506
2376
1961
3603
941
192
1770
221
1697
2862
1543
357
291
3775
3335
765
2048
3611
600
2781
2146
1432
1525
2134
2327
595
1667
3393
3025
801
1723
2580
349
3901
1916
3159
2869
3446
647
3515
1137
1324
59
1882
3924
2103
410
2664
3216
1496
3899
429
1654
3542
3450
2535
2422
1124
1337
626
3495
254
2303
1573
1217
971
2704
3758
3196
1740
2899
760
2657
3243
2346
320
2334
2127
3102
2733
3401
160
1707
3413
1775
3174
684
879
2214
2268
3063
1058
3876
286
71
2021
1520
605
677
264
3591
3228
2839
590
3783
3967
1852
1928
415
2509
2093
1378
2951
2585
68
3160
791
2176
338
1201
1355
2557
3233
2451
1878
3778
36
915
340
2165
12
150
3058
244
1596
3580
1711
3826
1554
3532
2635
526
3962
1428
1673
1039
169
3763
2052
3799
2609
318
1821
703
379
1287
2485
3124
2858
1766
734
2922
746
3554
2360
929
3408
2242
2683
2399
3312
1620
114
1249
1150
505
577
471
3238
490
2284
727
2259
292
2160
1416
3388
2013
3862
1643
3292
2982
3345
1350
2831
910
274
2084
1191
1382
1848
1932
2756
3075
1062
663
1087
3579
2630
29
1606
2480
241
2272
441
3436
547
693
3923
776
3800
2564
194
3725
3557
981
1155
500
1625
495
35
3127
2389
1567
1461
2365
817
2418
3598
1069
3851
2158
3036
3299
195
1121
300
1651
1348
1885
3693
769
3883
3644
2701
908
974
2331
3207
1435
1522
3746
217
95
1850
2396
993
592
3812
2211
2473
1076
681
3954
2628
2266
233
1957
2478
2988
3278
1409
2865
2024
453
762
3749
273
3081
3382
1027
498
3326
2954
2749
1742
1183
83
3912
794
3475
2420
1599
2443
1046
2691
1034
1880
412
179
2616
3272
2582
386
3518
3204
1964
3300
1759
3928
3647
739
3573
944
3148
936
3008
3185
2037
2967
2406
1003
602
1256
1430
1855
3486
3351
2131
2784
3750
3362
96
3792
3458
833
3845
1772
111
2860
2358
3701
1589
804
1321
2532
2425
1787
108
519
1148
1618
3713
488
2661
245
3637
2925
19
3463
783
8
502
263
2245
1194
1738
2081
2846
2834
3708
2055
2516
758
2803
2482
2197
1837
2270
3089
2169
1489
3110
1060
3050
436
444
2632
255
3523
1113
619
1518
984
1930
588
2561
2906
2467
2339
3001
3222
74
1352
912
1380
2943
1987
3835
2162
1464
3568
3153
886
2223
3013
3661
2240
1622
2454
2139
3736
1152
3376
1204
2717
492
3425
2920
2362
2993
3283
3917
3953
2528
1714
1768
953
3090
3046
2876
1909
1313
2275
1551
1457
2207
213
2050
2793
1233
3884
3634
3688
2896
3266
598
237
1935
856
2973
3565
1065
1824
3906
3049
2369
3109
1499
298
2578
731
408
474
3652
1385
2281
2827
1392
1181
2094
3780
31
1898
3626
635
2526
1145
3942
43
326
3389
2072
110
3060
1170
3163
451
557
3578
1269
1097
2915
3724
211
2734
991
922
2746
1838
2929
2333
3002
3221
683
399
2213
3453
1375
2505
2577
2471
1307
2490
2059
3074
1653
3599
1123
609
1737
3410
1262
2703
2379
485
858
1340
3344
3240
353
2304
1574
1508
3059
3905
1323
3555
1724
3390
756
1919
3727
2663
3779
630
304
1888
3256
1140
1239
1402
2252
2104
2727
3662
1612
2042
2133
1049
345
1175
1107
831
3125
2910
1586
2500
3347
1370
1544
1536
2495
1297
389
365
2817
228
418
3798
1001
3651
2294
480
3077
3239
331
337
2441
2547
1345
159
2693
232
3409
2776
3600
564
1868
1814
3803
170
2941
3759
1512
3027
862
2221
2765
1258
3811
1486
1111
889
694
67
1842
2563
2849
354
918
530
3517
376
2801
580
3229
869
1017
2356
2647
3175
2410
332
1166
664
149
317
3777
1419
3494
3337
2600
781
2068
2014
1644
1636
2595
1750
1902
1388
3082
3381
2083
15
3514
2760
657
142
733
1872
3448
2283
3352
3760
2684
2879
3271
2429
102
2156
138
422
535
2626
3024
1687
1366
2971
704
899
1311
1553
1859
2415
509
3702
951
585
1231
2038
3334
3774
3497
3230
2791
1674
1608
3361
1755
3676
1398
2248
1892
2605
2677
3158
3791
839
2590
3583
3947
2707
2775
3882
3660
1214
1268
1657
1346
1127
1334
872
1733
3026
687
2573
1303
2217
1704
366
3858
3091
3392
3516
2740
1899
3445
174
46
2496
2978
3288
3931
165
116
2654
1535
1422
3215
2124
2337
1585
3674
608
674
1176
859
553
1509
3602
1093
2378
1951
2520
86
272
3683
1839
2928
276
3957
3913
2852
2999
2058
3336
3776
755
398
1021
892
3875
1048
85
3528
486
3659
281
2770
512
2697
1862
2543
842
3782
2813
1918
1530
2961
1376
2506
1889
2031
1694
1238
1293
2745
3062
187
2882
1103
156
1664
3412
3051
3111
3496
45
3308
1580
2723
3103
3929
1869
2916
115
3242
3195
2324
2137
2667
902
750
388
3000
3677
419
3543
1781
2432
2525
644
1146
1134
636
1327
2062
2087
1630
3313
3098
888
402
2606
3301
724
2932
2848
1756
3627
919
266
2350
282
3538
1831
2191
1084
586
2382
1259
3350
183
3254
1160
3762
1013
2416
612
284
2643
2567
2461
1365
1418
58
2069
3079
359
3751
370
2155
3533
2625
544
536
1389
1564
3700
3825
868
814
1981
1480
146
3232
1272
295
61
2428
3952
2673
3257
3435
392
2596
898
2711
3726
2554
1635
1165
3624
3349
2355
2201
1557
1451
2878
3678
1399
2620
1242
1683
2249
2150
375
1284
3914
1922
838
1360
3346
3080
271
69
2821
2287
1485
2983
1858
3293
3887
574
508
2766
653
3863
2039
3076
1052
3699
1609
737
24
3809
3044
3943
3761
1023
2426
622
2629
3636
1187
1492
3398
323
2159
348
3270
3734
3374
2260
768
1953
714
2184
1091
909
3302
2342
1349
551
457
1856
2390
2748
154
824
2477
2571
1255
1301
2405
499
3231
3588
1070
1598
935
997
1408
1474
2172
3379
231
3752
3360
385
3264
2479
3790
1994
1731
260
1045
2615
208
2372
1502
738
3810
3737
3377
1783
30
3135
837
1101
212
176
3853
2866
3608
339
3047
1758
3269
2265
3970
2721
1075
2963
1007
518
2359
930
2811
1588
3267
489
1291
2395
2142
1436
2033
1149
1444
1250
2400
1619
464
2610
2004
3789
1886
1040
2541
2447
3359
33
1912
26
380
3380
3092
1386
3391
1983
3145
319
964
92
759
2227
141
880
3037
1412
3484
2168
2114
2947
1602
1224
430
3505
855
3900
1066
2463
2900
3747
2752
200
1739
3206
1944
1936
2895
1117
2193
772
1833
2510
2338
2641
52
1011
3650
2276
122
3219
2875
2807
618
3613
1488
133
3601
589
2840
3848
1804
787
1519
3327
885
1769
3593
3744
3781
2823
1974
1908
3061
651
2905
2977
2138
1681
2890
3487
3034
3944
522
435
60
3646
2529
850
1592
1762
2797
3220
3324
350
1237
2870
250
3649
2579
957
409
2515
2203
2056
1453
1317
3411
3052
3112
2845
2671
1794
2246
599
2234
3241
2368
2314
1498
144
3403
2713
2926
742
185
853
3843
559
1809
2976
1361
2465
2318
2893
2621
2151
3057
2289
3117
1658
3671
314
3959
3366
1128
638
1985
3715
2820
394
3916
2552
3796
1539
3094
2710
572
2247
270
3482
1054
3630
2927
2796
1450
2200
1236
2099
3276
1244
1688
1282
2195
1835
956
1719
1924
3575
2873
3828
56
2057
3183
1316
3907
371
2299
3322
1569
2384
1082
167
1067
2903
2460
1937
55
433
3418
614
1116
668
1387
1481
3114
3054
2064
2825
3473
404
3918
883
2226
14
3386
2729
1980
2934
722
2946
1328
3961
3629
812
3742
2843
1562
3695
2715
134
3558
1631
3816
1208
1274
786
1161
2648
2118
3032
278
542
1455
2277
2205
2351
2513
2089
3097
1830
1698
2806
2190
3563
48
1581
3945
163
836
844
118
2867
1692
3656
1955
280
39
1278
1780
1669
3754
3262
751
51
121
1025
1864
514
568
181
699
383
904
2771
3423
2548
2995
3285
3042
293
1887
2446
1043
1132
2434
642
2613
88
3251
2679
2403
1006
1253
2884
2030
3639
3372
3732
91
1662
3468
933
2322
3200
3304
1437
1531
2960
538
3226
226
1702
1950
2263
3902
334
2009
2122
1424
3525
3757
2652
456
1639
3833
659
3178
1212
3155
3015
1020
1332
2427
2521
1785
1558
808
874
1186
268
3307
2854
718
3621
3838
894
3465
689
1857
307
3199
2965
672
1073
2476
2035
3640
2393
996
2741
1078
3261
1438
1556
1015
524
325
2645
1594
289
2871
3489
799
356
1972
2597
458
1998
3330
3770
2670
3234
2779
240
3371
3731
3666
2286
2232
2767
1792
351
650
2312
3020
744
3168
736
3946
3553
939
3510
1959
1764
3041
1363
851
3123
3252
1029
3764
2153
2891
1680
2623
1222
3237
3490
2640
789
3455
1604
1010
1163
587
2949
1942
818
2754
151
2353
127
2417
2511
2841
3006
1988
2086
3769
3329
3975
2607
2675
962
2019
2112
1414
1468
27
346
1633
3880
1757
881
3767
1483
3019
1802
655
708
774
2566
2901
969
3622
2178
1685
373
3165
537
431
3509
3339
1290
469
3672
224
1377
2507
2401
1305
1251
2575
1533
3604
62
2810
931
3247
2540
3069
2308
3706
1504
2374
2773
161
3585
1819
3968
381
487
1735
3417
1788
2611
1041
2228
3950
2696
462
2666
3067
3719
2002
637
1326
1147
1709
1968
753
1914
3787
3915
79
3394
2720
1583
1095
2917
3356
1100
555
2136
3481
1199
1442
2144
2449
686
3173
3888
3548
2216
1071
367
3414
1459
2815
2497
2391
2182
2743
1295
712
3340
2570
1300
3244
3086
2336
2344
3607
979
90
2706
1730
1798
3321
220
1656
439
624
1126
3118
2545
1347
1494
3070
2108
2174
3031
1472
3397
1992
3720
3805
958
2523
822
1189
3741
2829
3784
1090
1938
1177
1105
550
120
1218
2725
209
50
352
2261
3064
3105
1712
3193
2157
2627
1686
1999
2778
2565
1367
459
3492
1439
1202
1154
656
2452
3545
1624
3416
494
2280
3904
3707
2364
730
798
3246
3084
302
2763
3921
247
2921
2593
3620
3886
3786
3249
1958
3958
3066
1028
2241
3873
2676
472
2085
129
135
2051
3818
275
3357
1822
3641
938
253
1550
136
3428
533
3704
1931
1989
3087
2560
1061
2484
2018
215
1469
3772
3332
377
735
788
3940
504
3606
2948
2832
3685
197
1192
819
2285
1487
1381
1354
3512
1637
3396
2080
709
1753
914
968
2179
1462
2164
3354
3250
3619
2603
3919
1016
2413
2357
3213
1555
2271
442
2634
2646
3022
3201
3443
1167
583
982
942
2726
1818
2913
2861
3004
2309
1789
2130
2229
1106
604
1587
3072
414
3438
468
1143
1032
633
3865
265
2660
757
3208
193
3669
2584
3974
3342
1320
105
2985
1962
3295
802
4
1655
2534
1125
2546
2690
1881
3667
1198
2448
3433
2705
2777
483
2782
1431
1537
2335
1296
1774
1708
2816
3722
1969
235
685
2503
296
1373
2215
556
3535
301
1524
2135
1096
594
3868
978
1799
3903
3236
438
77
1173
44
1458
3670
2527
2421
1325
3007
2665
972
3823
309
2695
1343
1188
1744
243
1736
101
2952
3956
2700
2828
5
1939
206
3188
3631
182
3766
1120
792
1219
106
3315
1650
2747
2493
3664
2210
2109
2022
680
257
2330
959
1306
2576
764
363
98
178
1851
2877
2805
3138
424
1230
1129
2206
152
3657
2790
639
1456
2053
3341
1310
1538
950
702
3224
148
3320
785
2319
2716
558
3498
1874
1808
2923
2591
2288
1659
3071
2682
2243
287
2945
1894
2098
1689
3030
2761
2225
1718
2826
3721
2897
1115
3479
3740
2970
3133
857
3855
1672
692
2517
2411
343
2273
1315
955
3756
328
581
2196
3955
2728
2800
1836
1844
2795
1235
3227
1751
864
1514
1568
2298
780
2601
669
3654
3319
112
2847
2649
1642
2220
2119
2012
3910
73
2940
2088
1986
3029
1383
1699
139
3306
1904
887
1933
531
437
1329
1110
3480
1209
3739
3632
2907
2466
1063
662
2975
100
937
995
1433
3491
2036
2044
1614
1668
3116
1000
3056
1257
32
2475
2966
2407
1371
2501
3259
569
3885
3891
3384
1047
2617
3797
3405
1722
387
481
3367
190
1279
2102
2254
1404
1883
2440
2292
1185
1141
2678
631
1786
204
3729
3369
1812
3971
3642
3595
562
2863
2549
1542
330
455
2911
830
698
3814
3277
3039
2470
3364
3260
658
2397
2491
3794
990
1853
1559
361
809
158
1077
1005
229
3387
2092
1394
1341
3128
2445
539
9
2008
2074
3331
3771
1638
18
162
3615
2423
1026
3274
3817
3730
1264
3370
3143
1180
1079
3202
2302
3021
1572
84
1956
2267
719
924
2732
37
3511
3096
3040
450
3503
1171
3889
688
835
1112
1019
2414
2468
3665
2633
660
3253
2757
1841
988
3869
3122
3421
1086
584
3976
1607
1675
1949
3440
2942
726
97
913
1754
3552
1511
1417
236
1353
861
3314
1640
3210
2222
2604
2010
2163
782
78
3189
3561
1566
1901
816
1178
2685
503
2802
3534
3297
2987
534
546
690
3867
448
81
705
777
2483
1597
998
3317
3870
1670
527
421
205
1779
2972
665
3623
2556
2015
1645
2594
3668
72
1871
3209
3896
3166
2438
3439
279
3456
40
747
493
113
3864
2029
1153
1623
2680
1891
3190
2984
3294
3537
2959
576
2764
3925
2363
1312
3005
695
952
700
828
3831
1286
1232
1767
2792
2656
452
1545
2126
28
2347
2494
1706
364
1979
2730
2798
3429
763
1391
1497
2295
1182
1743
2300
1570
1336
627
3181
1344
1216
2071
778
3355
565
2459
1815
344
2218
3618
1725
1261
2189
3107
3841
3684
1829
2938
2090
2177
2105
992
921
593
3820
3705
305
3586
1523
3938
3547
3673
676
1174
1108
2472
2735
3430
2788
1611
3960
2041
1228
1696
1540
1308
3806
1374
2504
948
1773
832
2819
2533
1810
560
22
2290
484
1401
1507
2377
2305
1575
2251
2095
1917
216
413
2100
3544
2442
2199
1136
634
1449
646
1144
3248
3085
2583
1720
2326
2147
3104
2709
2968
2914
3687
1666
269
3172
3819
3471
1002
603
617
3182
41
3597
1729
11
980
1934
1946
2387
2481
172
1825
1064
1226
440
1460
2937
3275
49
2116
3483
119
3937
475
407
501
966
3129
1299
2569
3576
168
1384
2082
38
1903
2067
549
863
2455
1277
1513
1205
1351
1089
911
2830
2698
1806
251
1190
3614
288
2161
1648
1118
1715
336
104
3365
678
2631
2208
3716
2274
3951
2328
3407
3842
1843
3795
89
2562
1820
445
3258
1552
3696
2539
2128
3949
140
3033
341
327
985
3815
322
1621
1893
470
1151
3130
1289
234
2658
397
491
3594
3743
2361
1976
2809
201
1465
1318
80
3404
2719
2924
1873
732
3728
3368
2316
1057
3171
2450
1796
3472
1200
2236
1099
2244
2688
1195
2282
2835
423
2054
3617
1927
3038
3385
1710
3323
1247
2332
1521
1427
3
2785
3140
2996
3286
716
2558
2186
923
3551
591
3908
3879
3733
3373
2212
682
2020
1263
877
805
3318
1122
1009
3500
342
2424
65
321
1652
3857
790
2639
3043
2950
3121
3422
2702
897
1035
214
970
1996
3028
1393
2078
1741
2857
3263
0
3655
1965
2073
1476
945
3738
761
189
1854
3562
826
3926
2025
2864
2780
601
3139
2669
3854
847
3466
1867
2692
517
411
2955
2278
2581
728
800
3499
290
795
3932
1322
3225
2437
2531
66
1960
1403
2006
1679
2253
1030
1884
316
3526
3832
466
907
975
2662
2132
649
2043
1446
1434
230
1613
3156
3016
940
3881
3895
1771
3478
1548
261
2887
1601
3431
3132
17
1847
2751
2514
1298
2568
310
3287
2997
1196
1728
1800
3965
2836
2844
1795
2235
867
3464
1411
1517
2315
1273
3179
3856
679
403
2110
2209
3154
3014
884
3839
1907
2063
1466
1975
2933
960
2329
1088
1940
2699
986
2383
2904
771
548
3470
446
1649
434
1220
2642
1012
3524
1119
613
3198
1288
3633
2659
87
3467
358
1682
1243
427
521
1319
147
3305
1716
2808
2874
1591
1923
2310
2994
3180
3284
2538
153
1877
1805
2230
1206
652
2129
2456
1053
1790
2672
965
3755
476
3527
1897
225
117
2115
3840
1970
393
47
741
3972
1761
1225
277
854
2718
3821
3469
1826
1945
3638
2894
1098
3017
3157
2689
1074
1008
3871
3419
3939
2638
820
1092
2394
2341
1445
552
3596
143
3577
3694
2559
3643
2853
1990
157
976
465
2077
2005
893
621
1470
1491
1397
360
796
2171
3559
3115
3055
2956
1267
1732
873
3628
3191
186
2180
63
710
2079
1302
2572
3406
1423
2026
3920
2264
3830
3717
927
825
2279
3502
1102
1254
2404
2883
1440
2047
1617
729
3697
3574
934
3420
946
2722
1475
3203
2257
1407
2371
1501
1966
384
3441
3142
267
3095
903
460
1995
3211
2433
1036
1044
2668
2614
130
2000
3714
648
1863
1549
2542
513
3560
1911
806
3941
3829
2812
843
308
715
2185
1292
1678
2141
3616
2786
540
239
374
1832
773
1948
198
3785
1285
2192
2487
2381
3065
611
3549
696
2061
202
1484
1018
3872
3119
2469
401
507
575
3804
810
2931
1560
989
3106
2167
720
1982
333
917
1357
3493
2016
1413
2555
1271
1634
1646
3890
449
2462
1164
666
3415
3546
1603
2354
3192
2637
3245
1080
2753
3587
1179
3934
3442
3141
1364
3807
706
3395
171
3550
3023
294
1763
3212
2154
2202
2439
1452
124
2624
545
1280
3338
54
3501
999
2686
1778
1565
2367
10
815
391
497
743
2712
3120
3513
1157
570
3068
1627
2822
329
829
3584
94
173
285
2550
1051
3718
725
252
99
1241
2028
3948
3773
3333
1676
1085
248
1593
1921
6
3605
3686
2958
13
523
1665
3723
597
2458
3164
670
1527
1421
779
2325
3432
3131
2173
2524
645
1135
3768
3328
2096
1978
871
2799
258
3343
1330
1576
2306
128
177
2851
1747
1493
3018
3170
1210
1022
1109
891
623
3508
3866
3909
3878
3073
262
2120
2219
767
3454
2650
2343
1695
131
2744
2188
2736
1828
2986
1700
3296
3966
1952
2939
841
3488
3911
1584
2320
607
2962
675
2032
2143
3765
1660
3316
3167
640
2789
1130
2106
1229
2587
949
1726
2818
1913
754
210
511
417
1309
1861
2774
2708
901
566
3822
3169
2969
1816
3536
3969
1215
2373
1503
1782
3235
2537
2431
3457
1335
2296
184
3933
1690
2881
2198
1448
313
1705
1777
219
1
2655
1534
1546
2125
