11
9
4
9
36
30
28
30
75
30
25
30
6
11
71
67
35
67
47
67
43
67
3
73
4
42
73
17
46
63
44
63
69
63
34
63
7
40
1
60
24
56
8
59
20
36
76
36
21
36
59
74
77
74
33
39
6
82
84
82
84
17
48
51
48
2
78
26
24
26
28
29
32
29
75
29
60
79
26
28
16
28
0
82
48
61
38
61
45
61
70
61
33
46
72
71
52
71
17
49
51
49
40
58
86
83
80
83
83
85
30
38
74
22
31
22
54
22
8
15
72
53
72
5
37
64
45
64
34
64
43
64
13
14
39
65
49
65
50
65
37
65
55
15
27
50
53
52
55
52
36
32
31
32
54
32
25
32
59
23
13
12
10
12
30
37
5
13
41
57
29
44
27
45
6
0
2
0
8
0
5
0
7
0
3
0
4
0
1
0
60
20
5
70
7
30
27
72
27
52
27
26
53
41
53
22
33
32
33
6
41
26
75
57
75
3
23
69
77
69
48
66
46
66
50
66
47
66
24
76
57
16
79
19
40
78
20
78
56
31
76
31
19
31
73
51
42
51
53
51
2
18
83
81
85
81
4
9
10
3
10
80
86
39
68
38
68
69
68
35
68
1
18
77
58
21
56
54
79
54
22
34
42
55
22
35
29
47
71
62
49
62
44
62
70
62
32
43
56
25
58
25
20
25
82
80
82
80
59
24
18
24
