9
11
9
4
30
36
30
28
30
75
30
25
11
6
67
71
67
35
67
47
67
43
73
3
42
4
17
73
63
46
63
44
63
69
63
34
40
7
60
1
56
24
59
8
36
20
36
76
36
21
74
59
74
77
39
33
6
84
82
84
82
48
17
48
51
2
26
78
26
24
29
28
29
32
29
75
79
60
28
26
28
16
82
0
61
48
61
38
61
45
61
70
46
33
71
72
71
52
49
17
49
51
58
40
83
86
83
80
85
83
38
30
22
74
22
31
22
54
8
72
15
72
53
5
64
37
64
45
64
34
64
43
14
13
65
39
65
49
65
50
65
37
15
55
50
27
52
53
52
55
32
36
32
31
32
54
32
25
23
59
12
13
12
10
37
30
13
5
57
41
44
29
45
27
0
6
0
2
0
8
0
5
0
7
0
3
0
4
0
1
20
60
70
5
7
27
30
27
72
27
52
53
26
53
41
33
22
33
32
41
6
75
26
75
57
3
69
23
69
77
66
48
66
46
66
50
66
47
76
24
16
57
19
79
78
40
78
20
31
56
31
76
31
19
51
73
51
42
51
53
18
2
81
83
81
85
4
10
9
10
3
86
80
68
39
68
38
68
69
68
35
1
77
18
21
58
54
56
54
79
34
22
55
42
35
22
47
29
62
71
62
49
62
44
62
70
43
32
25
56
25
58
25
20
80
82
80
82
24
59
24
18
