12
11
52
63
61
69
41
38
2
12
3
12
14
12
5
12
9
12
97
118
67
118
99
118
84
118
87
85
23
90
19
7
7
17
6
17
8
17
4
17
59
66
66
94
98
94
62
94
84
94
22
91
113
49
47
31
28
63
92
98
92
70
92
95
92
21
7
45
44
45
16
111
106
55
106
106
59
64
59
57
59
80
59
89
53
21
2
16
1
23
1
15
1
0
1
76
109
78
111
59
56
103
56
114
56
107
103
73
103
69
71
117
71
100
71
62
71
85
98
102
98
105
98
51
97
101
97
23
20
6
109
114
107
114
20
3
90
54
89
54
59
67
61
68
58
117
66
81
68
81
96
81
65
81
53
100
116
100
60
52
86
52
115
52
4
31
29
31
5
104
91
50
7
33
32
33
108
102
7
13
6
13
8
13
4
13
14
13
50
64
110
64
74
64
18
8
49
51
96
101
96
52
62
5
43
42
43
27
24
26
24
85
58
106
58
102
58
57
58
105
58
55
57
77
57
8
27
9
37
69
93
97
93
70
93
65
93
37
34
36
34
9
99
110
60
79
60
88
60
55
107
78
107
22
75
18
8
60
108
115
108
32
30
54
55
72
55
6
44
46
44
2
41
40
41
43
35
111
77
108
105
33
25
2
78
90
116
15
91
14
40
54
110
15
58
70
21
4
56
65
43
36
37
36
63
83
67
83
68
83
100
83
16
89
45
48
49
48
50
72
75
72
33
26
27
26
112
74
22
14
22
14
16
14
23
14
15
14
19
5
116
86
89
86
4
46
14
29
3
42
41
42
117
82
96
82
99
82
95
82
104
51
3
76
56
84
22
0
2
0
3
0
5
0
9
0
6
32
31
32
103
95
114
95
104
101
107
101
76
101
50
80
112
80
88
80
109
73
113
79
42
39
52
61
105
61
87
61
13
10
75
112
19
64
87
80
87
54
88
113
115
88
115
20
18
9
