11
12
63
52
69
61
38
41
12
2
12
3
12
14
12
5
12
9
118
97
118
67
118
99
118
84
85
87
90
23
7
19
17
7
17
6
17
8
17
4
66
59
94
66
94
98
94
62
94
84
22
113
91
47
49
28
31
92
63
92
98
92
70
92
95
21
45
7
45
44
16
106
111
106
55
59
106
59
64
59
57
59
80
53
89
2
21
1
16
1
23
1
15
1
0
109
76
111
78
56
59
56
103
56
114
103
107
103
73
71
69
71
117
71
100
71
62
98
85
98
102
98
105
97
51
97
101
23
6
20
114
109
114
107
3
20
54
90
54
89
67
59
68
61
117
58
81
66
81
68
81
96
81
65
100
53
100
116
52
60
52
86
52
115
31
4
31
29
104
5
50
91
33
7
33
32
102
108
13
7
13
6
13
8
13
4
13
14
64
50
64
110
64
74
18
49
8
96
51
96
101
62
52
43
5
43
42
24
27
24
26
58
85
58
106
58
102
58
57
58
105
57
55
57
77
27
8
37
9
93
69
93
97
93
70
93
65
34
37
34
36
99
9
60
110
60
79
60
88
107
55
107
78
75
22
8
18
108
60
108
115
30
32
55
54
55
72
44
6
44
46
41
2
41
40
35
43
77
111
105
108
25
33
78
2
116
90
91
15
40
14
110
54
15
70
58
4
21
65
56
36
43
36
37
83
63
83
67
83
68
83
100
89
16
48
45
48
49
72
50
72
75
26
33
26
27
74
112
14
22
14
22
14
16
14
23
14
15
5
19
86
116
86
89
46
4
29
14
42
3
42
41
82
117
82
96
82
99
82
95
51
104
76
3
84
56
0
22
0
2
0
3
0
5
0
9
32
6
32
31
95
103
95
114
101
104
101
107
101
76
80
50
80
112
80
88
73
109
79
113
39
42
61
52
61
105
61
87
10
13
112
75
19
87
64
87
80
88
54
115
113
115
88
20
9
18
