1223
2658
111
1667
6132
5054
3470
7148
2311
3546
4268
7281
3632
823
6076
5029
8484
7416
8367
3576
2730
3541
9140
3088
8414
3948
7486
4791
908
183
9390
4599
6588
5927
5427
316
7969
373
5191
1714
6698
2445
6338
4689
8162
3374
3834
8505
5817
3142
2017
2856
1496
9577
6642
7614
7762
9278
4234
9234
6217
5495
2489
6292
543
8002
6531
9441
3609
3260
6164
4458
9091
6109
2937
2419
654
9593
573
9406
8
5764
4572
913
9743
1964
8616
3328
7567
206
9553
4530
5012
5723
4174
3126
7528
5167
6626
6552
2349
3774
3434
4767
3082
8521
7460
6582
14
9432
1601
633
8227
1869
8391
4814
8663
3983
9435
7827
1363
5214
1691
9085
2877
6136
8344
3636
4924
5862
7591
6424
5362
3286
6866
2315
7917
7701
6950
2097
8967
7341
9589
9363
3651
6057
6151
7864
6278
3557
1902
3481
8122
7346
4150
4066
2890
7270
1110
9313
8873
7238
3593
8456
210
1085
2905
4820
6093
6719
1202
388
69
6838
3371
3683
5086
5220
802
4618
8897
8537
5781
361
7011
5578
4180
1981
962
8857
6181
2053
342
7454
5548
237
7743
3780
3440
9209
1643
7946
3895
7870
320
4963
4603
9496
3252
5326
769
1473
1104
8779
4144
2398
7264
6745
2884
5282
9456
2852
1169
1325
4930
7192
9102
4431
6358
4187
47
8266
7317
596
8350
7095
8023
4322
7941
9062
6792
3787
9305
6944
4858
95
6430
686
501
1533
1412
2989
2213
7361
5342
8420
7447
5702
4452
8712
8068
3517
1813
5592
6013
1720
3231
9347
9222
3464
9311
3387
5060
8918
7049
2831
2724
5128
9336
8490
7881
9648
6778
660
1808
3771
3254
6170
8787
6246
6008
464
2565
1027
7178
4524
2046
2208
4171
1970
728
5770
2921
9668
5846
5669
6241
8647
7620
5288
1429
8561
3380
3840
5841
8477
7015
8729
5638
1923
2041
4240
3452
9516
8669
1014
1798
1863
639
432
8788
5998
3989
1369
2198
4517
6534
7522
5830
668
8638
5729
4387
2343
6158
4464
7392
9122
2030
5477
4231
6230
9529
5561
8288
2625
967
1958
5758
3831
5647
1402
511
225
8592
4254
2664
2771
5920
5068
5712
7438
8702
447
3921
8342
5420
3171
3524
9348
2840
4380
4881
6316
5490
9636
8917
8128
3240
8060
9611
2717
7121
92
2135
9647
6381
370
6370
3905
8282
991
6446
945
4593
515
3618
8326
7963
1094
6118
4683
2408
4870
4946
4371
7378
180
7324
3180
1265
1229
7858
606
9605
7105
6441
2075
4941
9681
4440
2780
5023
5350
829
5266
7930
4252
3603
8220
7247
549
393
8086
7161
1455
2895
2413
6103
1212
6474
9109
3852
7820
3884
579
6847
3144
19
5456
6761
919
812
6644
8898
3322
8548
7001
3187
3431
9202
8858
8578
2787
7084
2483
5537
9162
9289
4917
7043
7330
3174
8362
4126
7924
7258
9465
5344
7711
6417
4082
2107
8968
1662
2681
4434
7077
2774
2219
6926
9613
2983
1539
6364
6487
5122
1819
8943
3877
1912
4864
6882
9185
1100
6019
4636
722
9533
7767
6816
5521
1423
7090
4286
1929
8167
7216
8723
4557
6480
1611
7562
1845
5891
6045
8214
8849
4827
4651
6566
6650
2245
3890
7814
3066
5663
472
3150
5391
7468
4481
5227
4632
2024
7627
4546
6888
3268
8495
4470
1506
5824
4762
9578
2059
9277
4576
6471
5505
7749
6224
281
5162
9253
8012
5616
3599
1020
2948
4088
6713
9240
6099
4541
3689
9293
6540
213
1615
145
422
5002
3856
4142
5367
2301
7715
9471
8029
5484
2834
7137
4374
2741
9384
5867
8054
9134
3234
3937
9191
1649
2670
176
6942
5914
2746
3458
555
763
898
8191
7056
4260
4609
4969
8427
3530
4328
6261
1479
3572
1163
6347
7791
6708
5414
366
1727
323
6072
6963
7326
4130
9296
3659
8378
604
5264
9131
7282
3631
2312
4277
9256
6509
1678
6131
4058
5095
6444
5317
2089
5192
6930
1096
6858
2613
8324
9008
4792
9505
4944
3403
3542
8105
6820
6291
7847
5238
695
4640
9679
7761
9430
7220
6641
8247
4035
4838
3141
7086
4290
585
3488
8161
5965
5011
7578
4571
63
2608
6476
109
8084
1765
3418
3146
5743
3886
7548
3070
4393
6646
6570
8001
6532
5454
2329
2165
1510
6581
3975
8946
8522
3081
4778
3707
3348
4466
4550
6551
523
2953
8937
9616
7669
5178
6457
4580
2497
2793
7288
2868
1016
9629
5620
1692
4218
3193
7638
5015
8392
6536
3818
1602
5447
413
9125
7342
6314
4697
7702
4337
1738
2425
5361
1298
3860
5861
7592
9142
3928
4587
8438
9392
5947
438
7060
4256
843
5049
9547
1901
1569
2750
3803
8121
2666
3482
9511
1243
6267
6152
7128
3526
4203
9536
3652
801
9395
5614
8749
3372
168
1943
7495
1201
8627
7888
9355
335
4409
378
9478
1449
8975
2263
4544
2026
9114
1073
748
5826
1504
4653
9722
6182
4007
1982
4574
961
7012
5567
3675
6226
5782
1047
2851
5916
359
2744
5148
5281
2757
7054
2453
1415
404
3251
9220
102
8137
3399
3157
5416
9571
8715
7029
3854
2836
4376
6791
5486
6320
4321
6493
7942
71
3236
7427
7191
1485
4432
8056
2997
9060
1988
8258
865
5591
6924
3799
8077
9565
6450
6366
8711
5788
4950
9100
5701
4451
4866
5341
4199
7362
8330
1411
8043
502
4357
6188
7882
4305
610
4124
3176
6725
2832
1345
8827
1623
7926
9513
4436
2776
3959
5270
3232
5346
9361
8090
2809
2922
5528
7723
4172
8216
7167
8981
5460
9401
3209
6564
3772
9633
7816
6767
3064
4634
174
2042
6617
9194
3735
9069
6814
5842
3117
8468
3295
8562
4284
9154
1319
1133
384
7214
6242
4816
7521
1215
9333
2799
2535
8460
9160
815
5216
3357
3199
8528
3451
5090
9200
3832
4176
6827
3124
978
124
6624
5562
3305
5468
7391
4232
7663
2959
529
7227
3776
3436
677
5043
3172
5330
849
3922
3809
1563
9489
8341
6917
7866
7950
8701
9415
4064
5711
6665
9265
7344
2772
5077
1249
85
4209
8591
5258
512
1401
232
4295
8346
8270
4117
6382
600
4735
9169
7122
6134
9094
4926
327
3634
8828
690
6426
9054
925
4882
6864
3284
2083
9271
7484
5715
7367
8416
4372
5137
1716
2619
992
8281
3409
8148
9421
3653
5056
6969
9214
4942
3544
6442
7414
6503
21
1055
8486
8876
6074
4675
3574
3007
118
6250
811
6166
3757
2645
6762
656
5627
4888
3851
1211
7505
5850
6388
5766
60
4157
4399
2475
7162
5749
2323
9477
8614
9120
1966
2050
4251
6518
3376
3836
8567
7616
9453
2854
1494
737
3432
3997
7002
4236
1038
9493
9664
3321
1661
7068
3550
3466
4348
2682
9677
4707
5438
4081
7712
6327
408
2975
1747
1308
3580
8361
9673
1629
2726
5938
6080
7420
9715
3953
8447
3218
6881
443
9548
1911
7490
3793
3868
9045
5121
2365
2818
8049
4193
2860
1500
8178
3337
264
9316
9225
3697
6087
8938
7778
9366
5522
2928
3587
721
9242
1139
1313
4482
2507
2803
7477
5392
8015
7729
6244
3256
4652
3203
2044
7647
4526
8620
7561
5892
9329
5844
1612
5161
6630
6472
2225
7838
2269
4659
3130
705
5247
1079
152
7456
4761
3058
1825
8238
6025
3277
6558
4631
4847
9231
5001
8454
258
2598
9424
1949
56
8743
5084
2688
4542
4403
7537
1443
8011
3640
9403
9556
6140
5878
8264
594
2742
6946
4488
6870
3290
2302
4141
5378
6499
9596
3035
684
4418
5105
7944
6071
7792
5324
6262
2459
3571
1106
279
8192
7023
9007
6941
9051
4070
8317
3393
1915
2886
7266
7350
8095
4146
568
3465
75
8298
5629
8738
38
3759
2976
236
5661
425
1438
2725
4159
7402
5747
5308
3032
4397
1121
2188
8569
739
7843
8823
2450
2366
1788
9080
9517
3999
5988
8243
2242
9338
9174
1522
9646
7369
5139
5313
8510
3407
1842
5500
46
2617
248
8916
8804
9637
7014
6042
409
8692
3972
162
8929
2564
8016
6967
9001
3255
5612
8772
8602
299
9381
4525
3009
141
1392
4273
8961
761
1782
3807
6812
2226
6919
706
5982
847
1161
7455
9682
2182
4207
7212
1826
6026
1247
6263
5079
9375
1084
4119
9458
4333
2904
5443
8955
4693
5943
254
1001
3718
9498
4583
8995
1378
2493
7094
2797
6945
2320
8678
3036
3359
3197
6991
3703
5106
3894
44
6829
1105
9700
6453
3051
679
1324
1916
7265
7229
2885
6744
527
8096
2957
4145
1216
2910
4815
317
2536
222
1090
4018
5215
816
8933
2993
7423
6497
2753
1468
2457
4175
50
2551
3306
3153
8133
3775
3435
8319
7611
4978
2581
1562
1711
134
4657
8865
1077
312
7662
5249
8839
207
2152
1258
5401
7865
2267
4751
3900
5901
3279
6750
6666
1043
8411
3
1330
4849
5563
4003
4296
8345
7100
1947
4736
622
8992
4925
9543
465
1861
882
240
6425
926
7539
8623
2314
5716
3113
8415
3339
9408
3699
4992
6613
9250
1715
8871
3589
1137
6089
4098
2444
5055
7163
4732
9276
2131
7727
6312
128
2509
7479
415
1056
8485
6763
6898
4676
942
7649
5211
2532
6165
6329
2646
2570
1749
4709
655
7801
4811
7506
3108
5765
2476
8449
3672
6608
31
1965
8201
1627
888
8504
3375
3835
8073
7615
5038
9030
2641
9704
8047
9719
4353
7020
4235
9144
5494
7961
2291
5201
9150
4699
5449
4339
7811
4113
6688
7496
4801
3098
1614
9024
5949
6598
479
4589
8211
6913
8494
4961
2025
1567
2558
450
5825
3732
5047
9734
8038
3676
5073
2472
6225
6269
5504
2630
5915
9451
9407
3709
6823
1416
554
1148
673
2262
1281
7992
6459
4672
7223
4108
5415
7667
8716
2071
6302
2835
4375
2499
6742
7714
5485
6908
2140
9244
1878
204
9003
9576
3235
1486
3353
8055
3018
950
733
1701
866
8563
1341
7849
5411
6365
3910
5911
198
8401
9445
4865
1591
8249
520
3993
4306
9675
7110
5623
1938
2080
3175
6726
1270
9713
1346
3753
7925
2327
4435
349
2775
9717
5345
6682
4153
2900
1844
1460
3751
272
1892
3657
6044
8215
367
2244
177
3003
1528
6507
7815
4279
7978
5319
8966
5133
3736
2087
7691
7363
3296
7601
1264
7325
7169
8856
7473
2074
5678
2442
2503
7104
2807
6769
8896
7643
3207
5096
9021
3693
3904
3333
3119
792
944
6619
1095
1317
3583
514
1192
4718
6083
291
8106
8079
3797
6802
838
696
4197
4359
7202
4036
1238
9473
7085
586
2518
1743
5966
6050
6323
483
6475
9457
1850
2894
1454
2388
1766
4703
3145
3957
1011
8443
3885
6962
6645
9497
2250
4051
9690
2166
9728
9337
3976
2759
439
1178
4465
8500
3397
8313
4032
5510
8139
2624
7027
9346
3159
778
9638
53
1015
8810
478
5602
7429
8612
5016
2999
491
1620
5692
6535
9180
7720
243
8747
8308
9074
2426
8661
1447
5738
8629
2134
7533
7412
1361
5298
2382
4407
5243
4255
560
0
2972
2665
4843
9015
1049
3273
9518
3525
628
4009
5569
8786
2933
3031
4304
7401
1344
7249
6724
5662
547
4125
8889
7563
917
301
577
6849
139
9343
3189
6925
864
2013
82
5100
5813
2789
8110
5539
6213
1122
700
5923
6041
421
4635
3294
8783
6815
1841
155
3734
590
4285
7215
1521
2241
5423
4040
1770
1846
6046
6208
1663
1391
5970
8601
1227
6565
5611
6978
3971
2170
2008
2246
5808
8691
3065
8363
827
8770
471
3553
8877
4545
8496
6053
9696
1505
7211
1162
3980
2181
5981
4575
333
5506
6811
762
3674
1781
8893
7038
5615
9724
1002
8853
2719
1616
7913
7494
2093
5020
2430
6992
9082
3855
3987
7716
8667
637
8223
2873
4519
2358
1367
1484
7823
4389
5479
6398
7908
2745
556
5163
7055
8759
1414
5727
9476
3052
5649
4898
4763
8714
8799
969
8027
5369
7313
7139
9538
4183
9035
9738
5014
3783
7500
9032
5869
2582
4607
3974
1561
7612
8429
4967
3939
215
1647
2552
3680
6349
2626
1729
1477
1420
5902
8412
8533
7629
5402
2278
4752
8720
2151
7308
7747
2057
7661
1068
8963
1712
194
305
9367
9618
6315
6097
2424
3597
8948
1862
881
1490
621
3687
2136
9317
9252
2338
7769
3906
2698
5094
6445
870
946
8643
516
8325
1927
8169
2588
4991
8990
8104
4945
8473
941
6730
1023
1350
4829
1266
3508
605
4559
4310
7106
2076
29
6311
5265
5229
188
6658
2132
4731
8202
5964
3671
8085
1764
1456
2896
3383
9573
4919
4812
9006
2109
6419
7802
7079
2164
5455
5212
2531
9041
6489
7962
9258
3740
2292
3300
4498
7443
2217
694
1537
9597
9298
4034
2642
6017
584
3513
3879
1817
431
9557
8212
8455
1086
1220
2906
2540
4802
2099
7919
9273
7812
2713
5085
820
5202
2224
330
9257
2471
3310
3559
4508
1548
704
6059
9598
1824
9297
3731
1578
6024
4962
9558
7678
2072
5473
7945
2347
4383
3896
2708
5104
4671
2261
466
1282
7991
5325
5169
5643
8094
6670
963
1914
6746
1326
4769
389
8905
1867
8265
8229
858
595
3498
4300
7096
4740
8984
930
6741
6301
4513
2879
7829
685
3034
2019
3183
1592
5720
416
5819
5912
8402
5412
5533
7738
2364
2783
7298
2487
1342
6219
1702
57
9368
6681
9617
1128
8936
2417
2939
6107
7243
2974
3607
8947
8911
7569
6843
1060
9318
4680
9537
9708
8014
6245
2566
1669
2650
351
2045
7510
5845
1891
8369
9546
3752
2480
5027
4597
7602
5929
265
1638
7692
9152
4687
7967
7016
1288
5429
4823
2980
1029
9686
648
3545
9721
4553
5223
2441
4674
6075
5667
7415
1054
3575
1427
2118
6408
7898
7763
7485
1191
5714
8649
8727
8163
791
426
2370
4908
8479
2446
7449
8878
8506
6483
2987
1495
7201
2855
9182
8812
289
326
6801
5496
3873
3519
4052
2644
7047
8020
6961
4913
3389
1012
2474
7073
6413
7504
2103
8764
8615
3125
710
8423
767
1758
8826
6625
3304
5958
2230
4031
3933
1723
6030
1167
6343
2158
1830
7133
2534
7319
5363
5691
1214
6198
492
8611
4189
5601
1998
814
8819
5863
5798
3789
6135
1362
2381
4734
7411
6717
4294
3635
538
3040
8662
3285
6865
2316
924
7623
8539
5110
8913
8100
6664
7345
4065
1920
2971
9643
1760
1544
708
2228
7835
4073
1653
5960
4504
2160
1574
3961
1007
6555
6028
7052
9076
8235
1828
3055
4047
8353
1903
3801
8709
6873
2595
6200
5589
8784
4201
2000
9482
2992
1409
4449
5699
3716
5113
5800
2685
5339
3494
854
9344
5875
1376
540
8732
1321
9684
713
3038
411
5375
8676
1432
4485
9650
26
5672
7674
2704
228
2811
4415
5108
8920
8098
1918
7553
3211
1305
2978
234
8736
5435
1124
8296
4345
566
5153
650
7065
107
4623
5306
9449
5935
959
1436
4753
6410
3865
2120
8751
7900
799
2186
3215
8657
4993
8003
140
1451
5986
7734
6722
1199
1357
1786
2368
2815
4910
4411
7294
1634
8894
6789
8175
122
1284
8854
7189
2925
487
4133
7775
4319
8018
3563
1172
2849
5279
6063
3401
7031
6933
772
3249
7513
6404
2114
5718
7894
4904
3443
4096
7300
8145
9012
1872
7740
9740
30
644
3079
1130
6579
1277
4678
2352
8964
6549
6896
7383
1058
7671
2067
4885
4957
8693
8119
1571
8333
1899
2648
293
5051
886
1393
6606
8583
2478
5703
6385
3106
7508
5197
5036
5359
6515
7807
1640
4797
436
1035
154
5859
8207
1290
4016
6194
7972
2538
4692
2091
7687
9280
1218
5794
8273
8525
7597
148
4602
818
1994
3308
3747
5954
5032
357
4510
9246
975
9574
1754
1550
3661
262
1466
9237
6129
241
475
4976
3629
6511
2154
1580
5465
2710
3843
1256
7680
9026
136
5009
803
4569
3612
4243
5255
2331
7999
6112
2422
1203
6668
534
1697
7759
1337
6289
2492
4738
51
860
3500
5407
4298
5907
3139
8397
3313
8159
928
1587
9388
9019
6639
9138
2700
5785
1951
2340
9552
3692
143
4999
8983
868
793
1857
8255
1985
3016
6185
3602
2590
8009
6102
1193
1348
1707
4661
6728
1081
2062
5159
9146
7752
1936
3510
5397
2271
4747
4308
5897
8407
9387
4629
4759
6660
9137
953
3569
2461
6204
1482
5525
6069
5273
2843
2547
6939
9580
5804
1652
1526
7607
4972
6974
3243
5
4612
2577
2004
6783
3298
8465
4500
3738
7976
8925
7183
9238
9274
8032
4313
6501
8942
4139
6686
286
8703
6879
1822
1909
7034
6022
5583
329
2637
1542
8051
1403
6596
2222
5333
5119
5693
7957
3096
2287
7885
4443
406
7498
5207
9379
745
2556
8959
1659
4079
7797
4807
3678
8359
8999
8036
8931
8197
1631
8970
1418
9710
2127
7731
6394
5145
7904
8718
4894
4106
7559
7310
2280
1146
1070
1932
2354
719
1488
1141
1876
6906
832
3345
1176
4775
172
3978
6971
1232
776
5175
6123
277
382
8763
3623
4215
7040
1
8860
2865
7285
3411
3815
8279
2621
8900
5018
7635
1117
1295
7753
2428
8869
1735
8306
8835
6283
5296
8153
3319
8435
98
3133
5736
3925
8832
2360
6633
582
6400
7910
3849
4563
922
809
5003
5657
7993
552
1064
626
4249
7125
2274
1209
5751
4900
4401
7304
3504
3073
5676
8375
9749
8914
6573
8806
6654
5732
3047
4055
1675
9176
7389
9644
531
6543
2961
8841
1372
2334
33
7519
2694
2801
5098
8108
4716
642
8672
3449
2584
3992
9350
6855
3201
441
104
6987
385
5353
698
836
5235
4494
2516
588
3485
997
8790
1236
4835
4038
5853
9694
8339
1893
460
3415
1768
757
2386
8113
3811
8699
2605
6210
7575
851
5968
8589
2168
1157
4211
2010
9726
1399
6980
5709
290
5810
7545
1251
9197
7051
6957
8498
6885
3229
3265
3962
1180
2554
2673
9157
5508
7703
7879
2829
8034
780
9173
4085
6684
2945
2991
7197
499
7359
7036
4202
6594
8803
3094
6797
1618
3802
1431
7718
8559
8310
5513
1187
6239
9098
1322
8731
8824
2039
2356
787
480
5300
6904
5839
5740
9058
1874
3212
4643
8909
3455
558
895
7906
6396
5883
3769
1603
2812
2919
88
2437
4473
419
4104
5671
6705
5383
4896
1144
4169
4325
630
8922
7009
1979
5779
1934
9218
5680
9652
6463
7255
6179
94
2967
386
353
2377
4533
4412
6721
7407
3014
8766
1452
469
4720
3369
8752
2733
9117
7939
9480
2293
5687
4429
8607
840
7974
5597
2520
1240
300
9655
771
8183
6206
6048
7032
115
1848
2390
3402
4027
1524
7465
1171
7783
5806
9698
6253
2006
2248
6976
948
3020
1871
1599
2696
3908
2336
9544
8389
6737
7375
6297
4714
2405
6115
1689
2586
3615
518
2078
1940
5674
7672
4223
2351
7108
3506
4667
7855
2257
1268
7987
3823
6656
8519
5553
6149
2467
2763
1458
2898
2384
3649
503
3727
5052
3163
3479
3913
1572
1530
8821
834
7980
7589
9736
8545
4496
4873
7699
1234
6373
7339
2514
8934
7113
8575
9282
4601
49
5995
983
255
3539
6690
1795
4789
9428
2092
4691
4363
3100
7971
2195
5189
9143
6600
6433
6512
2560
1174
2309
6155
7279
296
8635
665
3662
8040
774
8815
5755
1955
1887
8285
2628
405
4933
8986
5031
7435
6677
5065
2421
7153
6111
429
2332
6529
3611
624
1066
6753
1150
4110
239
7306
2276
3423
8125
6993
9010
8304
5734
1880
67
2138
5294
6910
2491
4539
6101
2184
3601
9243
877
5984
8885
350
4100
3363
617
7296
8065
1784
3691
9004
1952
7736
1973
7003
8294
564
1126
8801
8734
5773
2272
8972
6469
5304
6900
2147
7751
1082
2061
17
7657
1434
8761
5125
6173
4662
4611
8189
2568
1557
6005
4971
1805
9427
6775
1651
435
7789
391
725
3110
890
2205
2462
1481
7175
6610
6259
6502
8031
7933
2299
1636
5285
2739
303
4423
5040
9023
1286
5635
7018
12
2908
1088
4020
2221
7353
1541
8052
7235
493
8940
4615
6021
3714
1821
6835
9582
1632
1470
1546
5575
3667
4506
3223
7709
7873
2679
1576
5545
9706
4980
2823
2527
937
4649
8891
1609
1260
2706
3763
3898
5889
7676
1328
5389
9662
6748
6307
2395
2913
4479
7732
4163
4727
5519
8553
7098
331
856
3496
1142
6355
6233
8755
1374
1931
2033
4987
9550
4855
5833
8674
8795
7273
9118
5956
2303
6439
9039
1464
1756
1387
8597
7525
1231
6972
4974
5607
3967
8687
2156
4939
831
165
6037
2622
4014
6196
8792
4783
1837
3412
3533
989
4369
3720
5796
1996
338
1517
5183
2237
9474
375
6999
1380
3429
536
9352
9217
8680
2318
7159
5752
6275
3027
4402
400
1254
7397
6523
551
346
6759
921
9688
581
532
8740
2962
4265
646
4229
7145
8300
570
9730
2655
9097
5731
1440
3829
5559
5310
8513
6894
9057
3202
6585
2190
3991
905
8383
3945
7896
3085
6406
2116
8671
8830
1593
641
9073
2802
477
6335
4094
2448
6695
1790
4906
5990
1371
1683
7583
9198
5034
4879
8508
8902
7119
344
7333
9158
5498
6379
7693
8862
1252
2769
6143
4455
509
7207
3643
4212
2177
852
5977
3325
3169
6604
884
3104
6807
3919
3473
3812
1777
974
9386
4561
1607
7840
5955
6628
5887
7652
9136
1755
454
939
4647
7526
4831
3128
8240
473
4729
3060
9111
7482
5464
2155
5387
2512
9147
2433
5231
4477
6309
6560
2600
3592
9542
6195
7771
1183
5517
6092
3702
9028
3342
9525
2690
5795
1995
8171
783
4989
8524
3638
7193
535
6491
5880
6138
9622
3881
9248
5380
4490
6793
6868
3288
9410
8952
6276
3669
8452
6953
4420
4921
1752
5254
6332
2529
4068
6421
7707
2111
7348
4712
2677
7081
5440
4023
8322
3941
645
3548
4266
7070
7146
4350
1310
1559
8187
2656
8431
3578
6257
356
6351
7787
7418
1731
6078
5940
8603
6586
3220
906
3946
7488
5371
7895
2297
6405
3086
5683
2115
3870
7141
2737
9609
6336
5871
8144
6696
4905
2820
195
5593
8180
110
1498
2858
7542
9105
7403
6514
9262
2373
4537
7780
619
1034
423
879
9302
2930
4852
7631
9531
4884
3282
4456
5252
7659
3326
8618
2963
6467
6384
137
2149
4877
9285
3864
3214
7295
8150
8066
2721
2814
7117
7735
9469
6377
4122
7209
507
2179
1304
2463
2767
7064
5082
4344
5434
1125
6809
5934
6922
9189
1779
3917
3167
5979
3723
5126
9113
682
9657
2253
6248
6006
7983
4391
4890
7232
1806
4663
4227
6776
5481
27
5557
9653
5848
971
6390
726
6832
2206
2048
7176
5651
3827
1635
5286
6520
9500
433
8174
3362
8845
2924
1285
5636
9460
4521
6293
7774
6733
1040
9193
6997
3191
8458
7236
321
4002
3427
2594
742
4616
8530
9153
8572
5088
2791
2684
5541
6836
9340
9177
7251
5576
1545
9666
4505
3029
7157
392
980
7399
4162
6673
7834
5632
6554
5470
1575
6851
5546
8807
9634
106
6757
3054
8851
3762
8234
5328
1389
3012
211
8599
4414
2705
7948
6437
7675
4937
8689
9514
2396
9291
1883
5260
5609
3969
5874
987
855
3495
598
8268
1839
6039
6356
283
9078
360
1519
688
4856
2239
4484
5142
4367
5374
7372
4427
3002
1990
4191
7432
8260
8609
6448
9591
7321
5790
2695
9093
5689
9659
2335
7937
7376
4948
3791
2406
6116
5599
6190
6854
9053
2585
8328
3616
8374
3162
276
8142
3505
608
4029
7856
9520
78
9077
35
1553
2762
1674
4054
6655
5268
9640
8541
1052
5777
371
8088
3414
7007
7574
5572
5530
4012
1977
2604
2969
6177
5458
7653
2143
7544
181
9178
5234
9334
8546
2379
4495
8470
8632
7409
8882
4834
245
3367
613
113
3484
8808
8576
59
873
6237
8651
4214
5996
2864
7284
1796
1189
8557
9454
5837
3122
8481
3814
7890
7634
6622
4983
2196
789
2037
9494
428
6772
4774
3344
6156
3767
8636
933
750
666
1031
4723
7172
5174
9439
4167
5756
1956
6303
2439
2917
8286
9089
3227
84
7436
6959
5066
3663
3391
5150
9213
2827
7124
2523
1065
7305
9585
2275
7877
1734
7199
497
4362
8126
1294
7357
6318
7451
6799
8434
3521
8082
3924
6527
744
9602
1508
3350
6679
7393
3266
6886
4548
2941
4780
3023
9562
4578
7571
5180
418
2870
7290
4086
2946
5821
4220
2021
5618
8252
7035
7640
6221
3820
7884
7852
1833
3537
9205
4787
1300
3858
1740
5931
6033
2233
5431
3930
1513
2355
5187
363
280
8775
8440
5322
8593
7058
1671
1383
896
3456
2748
7905
4282
2307
6395
5144
7277
1889
9309
8683
6706
4895
8371
3963
7130
4326
5603
4128
3647
2173
125
6061
9236
7203
6147
9372
6272
8380
3561
8781
2469
9322
3477
9247
457
1773
9211
6803
7256
4060
3729
5973
1680
5952
9404
5784
1984
4592
8254
6928
7587
6184
287
6860
7921
7697
4342
192
2101
5452
7337
4702
1597
8231
8387
6818
8464
4638
9423
5240
7831
7218
1687
4288
6739
3490
9148
2502
468
4840
6299
2881
5524
7989
6462
2610
2259
5171
6205
7580
3420
4669
3712
9027
4771
7466
8517
3068
5805
7550
2005
6975
6568
2511
6154
5232
6890
3270
3346
4468
1175
7481
4776
664
9594
2129
8634
4832
5754
5176
7651
775
7557
9554
4562
8284
1954
4216
5994
274
8172
3341
9300
3701
1794
2950
1018
7286
2866
4090
6091
9233
3816
6538
7772
3591
717
9260
2194
7636
1296
442
2639
8124
1736
6877
8988
9419
8305
3882
1907
9485
5117
5295
8436
2289
9269
7959
5735
6492
3926
9165
1657
2668
5064
7082
4711
7799
4077
2112
6422
7434
6331
5209
1751
3460
900
4258
4043
8357
3528
625
8199
7126
4330
4922
9426
4809
6710
1003
8451
1732
6067
9364
6352
5675
2549
8376
3567
7328
7854
7609
297
7260
8432
4056
1676
2579
9314
6937
8321
9491
3942
202
9412
5872
8950
2404
7142
6114
9171
4715
7374
5372
4137
3614
6856
9620
1098
23
8653
4997
66
1859
5236
835
8544
268
2515
1353
3486
7088
9540
7541
4836
1235
8007
8574
3416
2385
5157
4749
5399
6478
2606
1709
7576
5251
4757
9661
6648
8409
7632
5899
3281
4851
7546
3888
4627
7470
3148
5786
6368
4121
7803
2722
5193
8256
1986
3015
6186
8203
3620
7380
999
2410
4793
4868
6120
7860
3178
759
9049
1935
8337
6921
4953
8697
5348
5707
5081
2778
4438
1159
8587
7928
1397
7254
8218
5652
5526
6831
9229
972
7387
7818
7464
5482
2063
4392
7231
1525
3049
1273
8768
681
7517
8466
8550
4522
8874
7975
9342
3361
8580
6989
9216
3447
9325
5542
6685
2944
1800
5403
4084
9462
2792
8571
1333
1119
741
1693
6000
4001
2200
6595
3192
9502
1583
5903
3095
7886
3317
8393
807
8640
3761
670
5828
746
2555
6852
9056
209
2028
6160
6884
9331
3264
5631
3847
1207
8290
1960
4161
6228
8035
9096
7252
5659
5760
70
4247
894
3454
7440
3743
5146
5070
5918
6704
5418
4105
9670
4324
1145
3011
7683
7371
5488
4378
319
2838
5141
8130
8058
7593
3238
1875
8277
6905
904
6584
3792
42
8418
3084
6787
3944
8070
6694
4317
4095
8146
7322
6334
61
4192
7431
489
7187
1718
3001
7144
2847
2543
4264
9156
5277
2761
369
2654
5058
3247
2573
179
9196
7603
5130
9509
8141
9745
3161
6895
8488
4886
5393
1810
4743
658
6780
6168
1703
4454
6010
885
4011
2210
1968
957
3324
7180
6605
5571
252
347
5893
5768
6386
3105
730
8403
8542
1051
797
1853
158
8659
5035
7618
3838
3378
6516
5290
1197
8631
9631
1036
1359
20
4238
5640
4015
6621
7240
8482
3121
4818
164
6840
8526
4620
8652
8767
8880
5218
9625
976
4178
2123
7524
5580
1465
7171
9642
1032
4975
3438
3778
5550
5466
6771
7793
7868
1255
9129
6274
5203
8193
5256
4049
1009
3392
9522
2400
4803
6360
2633
4928
5587
8081
3522
8348
8707
5697
7953
2283
4447
5337
7452
9116
6428
4860
1407
4361
5574
7572
5007
4567
9399
7530
218
7836
73
16
5544
2942
397
6556
9359
8979
8236
7997
3056
5653
7458
6287
7851
5409
2596
7234
1699
6222
9534
1113
1339
7757
6637
8251
2022
4614
8399
6834
5822
3137
5909
3715
9071
2686
1589
8157
5321
5876
7689
9614
308
1375
6354
5432
5932
4854
7599
8944
5376
8675
4486
6948
9320
8372
3749
6280
4416
2394
4148
7268
3627
2888
4281
1672
6127
9370
1108
2660
1306
9569
8735
4959
8987
5436
7150
8295
1897
3468
565
753
4346
8117
4270
7066
6271
5305
3562
5936
2728
1435
5124
6062
1153
185
5451
3090
3866
3950
314
4701
7922
7809
2102
132
4341
6590
5199
5357
2185
3216
910
412
5857
5985
8209
4591
9383
6340
4799
6700
8064
1785
2816
5951
993
9133
2501
5284
2882
9254
8176
7832
6983
5634
9294
2926
7776
8232
6577
3258
4460
9560
6004
6774
3077
4772
224
3711
1804
9065
724
6547
9600
2069
3330
7174
5172
4528
1279
6461
2204
3043
3658
3311
2470
2546
8379
4024
2632
1527
6508
7385
1679
2576
3730
7606
4059
2541
437
9040
2088
5684
7515
1221
8604
7977
6859
5594
821
8143
3445
4741
2374
2142
7404
6513
4301
3017
1856
5239
6300
4839
6740
3489
931
1033
7579
2609
2260
1706
7990
8695
4746
8991
5396
4670
4883
3419
8335
1937
7549
8406
6671
6383
5705
5896
2964
1395
2328
8585
2126
8829
4779
973
3349
6680
4681
2434
7112
9168
5463
4107
2082
1061
7668
5179
1147
8872
1272
2869
7289
5721
1184
522
4219
119
952
8904
7639
8523
784
8816
8985
6907
9488
3819
1877
8275
3912
6687
2636
1739
7194
1299
6597
3929
8439
3315
2286
3097
7956
6794
8923
9067
2651
5206
5048
805
3845
7796
6954
80
1568
2557
2902
1462
2481
1890
7511
4806
1205
5253
4245
8196
7129
8037
2593
1116
1190
8748
1905
8307
6875
5737
7889
2371
5297
2683
5115
4408
1448
790
4075
7833
6674
1655
749
2981
8233
627
8355
3053
5656
2440
9701
6553
5149
1177
4413
6960
8021
2252
6052
777
3398
1884
7028
1852
7555
9002
7200
5873
8962
284
5373
4483
6800
715
8771
9382
837
8610
8259
1989
4995
3213
1622
3798
3863
5690
5789
9328
1237
76
9627
996
2813
2517
278
4198
8005
6189
235
5600
4030
2231
5512
5433
7063
8939
2464
5155
2387
4343
756
1303
711
8765
3724
1831
4755
1156
3958
4625
5933
6031
8502
5677
45
6065
2808
4664
5111
2254
5529
7984
3565
259
562
3046
3208
2970
97
8101
1921
9549
6935
8173
7410
8469
2380
6734
7722
7773
4135
6294
4717
6986
1318
2923
8833
3041
2452
108
7283
2863
2798
5101
4213
1377
4984
8529
3198
7633
3813
8111
8677
934
3343
979
7400
9022
4773
3030
5469
6304
528
3625
2958
6125
4724
5173
8600
4565
848
5005
5971
1390
1771
3664
3808
9327
9628
8690
1248
1006
2171
3970
4208
4046
7995
2524
7123
83
5610
5259
5502
1840
6285
7755
1293
1733
701
6040
4041
2240
11
3923
6635
1520
8155
591
3717
3135
8512
8433
486
2618
5021
6853
3408
8149
1554
2180
3981
6968
7210
6575
8373
3075
9691
1780
6810
6545
9716
4053
5980
1673
2603
7573
8115
567
3413
8297
1895
9750
4889
8737
9009
6389
5748
5307
7543
4398
2144
7654
1437
227
6519
2322
8656
114
5355
2187
5233
2431
332
874
5987
5855
614
1039
3483
1787
1356
4833
4349
7069
4956
5439
7204
2174
1560
1309
147
5974
8886
6607
955
1628
887
6804
3107
5939
9068
1774
3681
3219
5037
1983
8253
795
5196
7806
5783
3869
358
2912
2819
4796
7501
1195
8206
8048
6183
1092
8179
8910
8463
6785
9452
7102
9167
620
4097
7779
4315
7185
2929
1491
880
1138
6752
5275
1332
2845
169
1421
5523
7728
1276
7660
3245
402
2066
8721
379
6897
2150
9487
3902
3024
1257
2268
7839
4311
7394
1351
4658
6731
743
1078
940
3059
4730
8239
6559
6310
1336
5585
871
2599
1696
8705
1948
5406
2689
5335
1586
8396
4445
7883
5695
5906
4990
1405
7022
6034
364
4017
5879
3301
407
7686
3741
1834
4489
6498
5379
1514
9034
2234
7596
4419
3670
5143
3746
1467
2458
8756
1384
8594
9479
2530
4977
5604
3964
2572
8684
8796
7853
1556
8859
2659
4225
4269
7149
4960
9031
2631
5555
3312
8899
5028
3825
1637
7810
3949
3089
4598
822
909
5200
6589
7968
1287
8210
3613
484
9108
7373
6699
1222
4688
6113
2542
4800
2403
6339
434
932
8543
4875
9444
8793
8654
9689
8573
876
6375
9751
4302
7737
2141
24
8753
7115
1354
616
7297
4742
2488
4459
3608
505
6672
1127
8870
2418
2765
6108
8777
2146
3915
9251
2070
9207
1280
7656
3329
3165
8633
7529
1271
663
936
2081
7677
6435
1062
7111
2348
4682
9697
6153
2707
8283
6306
1953
4935
9349
4726
5753
9693
5410
1793
1868
3497
9245
857
3911
985
160
8883
1340
1700
951
5993
2193
4986
18
521
1590
273
5722
4365
5910
8400
216
7690
9025
121
9528
8123
3425
6995
9042
7600
1547
7512
7433
3750
6279
7155
2901
1461
4507
2482
3666
5063
306
1577
1004
2526
4044
6755
8789
2652
7239
1694
537
1334
2372
2943
5404
4083
6718
6839
5904
8394
1584
4619
9075
6883
3263
7396
9014
3026
5579
2982
2675
5549
7705
3744
5885
474
1851
5957
1605
4645
8596
3453
893
768
1386
1757
6051
4050
2251
3966
5606
8022
4323
2399
4475
1168
2157
6703
5385
453
1010
8686
6197
6036
6359
1836
7684
5515
5797
7594
9579
4859
2236
1516
1997
2988
8960
5194
424
310
4535
9380
7804
9000
4794
1621
8069
490
8848
8204
8501
6032
4954
261
2176
7206
7048
1832
712
5129
7253
5976
337
1776
242
6806
5511
2232
6465
647
6779
8102
1922
1809
220
6009
387
8185
9081
561
6255
7179
2209
1274
5112
729
156
5668
2064
7785
7463
3042
8660
52
1428
9587
5289
2735
8969
2117
6407
7721
2295
7897
4907
1360
9288
5639
8728
4785
1186
8668
8112
638
3535
1799
5999
1120
270
3988
786
5185
2357
1368
163
2199
5102
9
2451
669
5728
7523
8639
2124
9588
7275
6159
6397
7907
2305
4897
1959
9287
2436
8289
5759
5660
9181
5204
2172
6525
8836
5069
6273
7439
7794
6956
4804
1772
8811
5972
8847
8194
8511
592
7037
8994
7196
4042
8129
2634
702
9374
8954
5501
7954
6796
2284
3083
5686
8385
3943
1595
5022
6583
8805
8606
903
1685
9175
3619
5596
448
6333
2409
6119
6693
7379
1000
6207
2653
7859
9279
1228
4026
2544
760
7143
4263
5807
8515
828
7604
6977
2574
1160
2007
3982
1704
4453
9720
548
3645
325
5394
6145
4744
5894
8404
578
3475
3323
2966
9020
918
3050
7406
8549
2376
7585
1854
2432
6990
8579
7335
87
7695
2321
754
2550
8813
9687
3682
2466
5775
9527
1975
7005
171
1154
2580
381
9683
7259
7610
6175
3726
5123
1091
2218
1538
7502
2911
9145
4497
2
8063
1818
3365
994
6018
313
1860
4425
1492
9649
2337
7935
7101
2697
5283
6296
6736
2587
1928
8919
5633
6984
5400
4666
1803
3507
3901
4750
6773
8722
8926
7986
1710
6003
2256
223
6657
2203
3044
7173
266
1422
7469
1331
6751
723
5900
68
8410
6676
9748
6889
3225
3269
2130
5573
6732
5654
2058
1067
8864
1352
74
2825
7875
2277
4312
5543
7307
7748
7355
1114
495
7233
3598
4089
2949
6098
8778
3688
9208
6833
872
8912
4613
9450
6353
9699
2640
6235
8028
8555
7960
3742
2290
3302
5835
2035
4853
7021
3765
7800
1648
4608
2571
899
3459
5210
4968
4329
4165
8200
462
1478
9107
6709
1886
4810
9151
2915
2393
5154
6232
2465
5776
1123
1976
461
7248
7006
5832
4754
6176
3725
233
7390
4624
2032
6848
3188
8461
4994
9400
7520
8547
5091
3450
8980
7293
2788
3366
5538
7733
9360
8004
8577
3242
8062
4426
7936
9319
601
1633
8271
440
6117
2842
4382
2407
6295
4134
7377
9369
5492
6735
3617
691
1283
4665
8700
6064
7951
8340
5422
5331
9583
3564
6209
7985
9101
7857
2255
1400
6979
2009
8590
9326
6934
5922
5809
9061
5710
9215
1654
4503
4442
5067
2782
9264
5352
6675
7437
4074
3226
1543
7932
8354
9692
3182
201
2826
9744
9414
7876
1573
7356
9570
7039
8127
496
77
9312
6874
4872
1904
9221
9055
5114
2718
6372
8280
9095
5997
6236
9559
8556
1797
853
3493
4518
3320
5836
9599
2036
714
2359
2197
4388
6157
3766
2703
3850
7822
7673
7909
6399
5478
667
8637
96
6251
810
4166
5757
4250
2051
8222
5648
7554
4899
8287
1885
5851
2916
1210
968
1957
7491
4786
1185
1910
5368
7138
6880
3536
1102
6193
5186
785
1993
9510
8274
5868
5793
5120
3457
897
1753
8428
8887
7276
3938
4080
3551
1660
2306
9695
5953
6348
7421
6707
2153
1728
6081
2435
9658
4327
288
3581
7332
8360
8818
804
6652
6526
3892
9486
3152
3267
7628
6887
3844
6955
2279
1204
6482
7309
7560
1069
8621
4244
2947
4087
395
9166
9092
7092
533
7195
2861
1501
9442
720
6795
3314
9425
2113
7514
6542
5685
6403
7893
2339
7768
8386
1596
2699
8605
5000
1686
8010
2589
8168
5595
100
1022
9224
3444
4903
315
4828
3131
4558
3509
4025
5160
9431
643
6631
4630
7384
8516
7467
8879
5228
4472
6659
4760
3532
3646
3570
8334
8797
6146
8694
6070
4918
5704
294
4071
6418
7351
2108
2672
3476
6940
7078
8584
4262
2965
1394
8757
7257
7405
6488
4499
2375
6141
7586
153
205
9130
8773
3641
9203
9044
4140
3878
7336
449
7696
6871
3291
9050
41
5584
7033
6931
8798
8704
5694
7918
2098
4444
9124
5334
1404
8758
62
7395
4509
146
3025
6277
3558
4131
1549
2732
6058
6130
3472
2676
1579
7706
3630
5886
6393
7679
7903
1606
2709
4570
4646
7527
8595
5168
1385
4532
5010
8000
3965
3262
5605
6571
4476
4893
251
4768
5386
3071
8685
4641
9230
7760
6035
3499
365
859
1835
8228
6821
5516
6290
4291
138
8160
175
2878
3140
9103
2235
7828
1515
7221
2353
6640
8817
2018
794
5621
9523
4536
5818
7739
1194
7299
144
6218
9685
1129
4551
3080
2938
2175
7462
1511
7205
6580
230
4457
954
4581
3327
7568
5975
1775
6805
6550
6466
2751
7147
1900
2844
4267
8120
456
4152
9472
2892
7272
5274
1112
2657
6203
1668
7061
8186
3244
2003
6256
6973
5803
7786
8368
907
5360
3861
6587
5928
8888
9192
1639
2736
9066
9504
6952
6784
3087
2296
3947
6697
4314
6337
5428
1289
5860
7184
6574
6007
1555
9299
1028
4226
6777
649
3074
3782
1807
3442
3503
6544
727
5556
9259
3826
7177
2207
9702
6653
4182
960
9155
2693
9121
5287
103
2333
7899
6409
2119
8648
5222
800
9195
5637
2583
34
8478
4822
4909
1200
6790
4493
6321
7448
4876
5354
6432
4932
5854
7190
875
6376
8352
9564
7116
8067
4320
150
615
3518
9420
506
476
5280
1894
2850
2766
8114
3388
2145
3916
9612
7872
5127
7655
9270
3250
3166
9680
1759
935
8949
8492
5959
6436
611
2397
5271
6305
3624
9619
2159
4936
4725
5062
6124
6451
7318
986
8710
9626
5590
1722
6199
131
6357
4188
1410
4857
4985
1999
8331
9283
5340
8422
410
5799
5700
4366
4951
3788
4450
6284
9354
3426
7237
8974
539
7754
6996
4242
6634
7622
9394
226
4617
189
3134
6837
28
8843
3382
8154
3842
5577
9201
5004
4564
1972
5772
8538
7156
8091
3665
662
5547
9115
7303
9161
2273
6172
2525
7994
5461
6756
9539
1063
8299
1933
9286
569
4230
2031
8739
4955
93
4887
5628
3758
5831
3830
9623
956
1439
6464
6387
4158
6231
5309
5560
8568
2189
3013
738
796
5195
7805
6517
5092
4534
1789
1037
4795
1196
3998
8205
354
5989
8462
7973
692
2294
7368
6786
5491
4381
2734
2841
4880
5138
9572
8272
602
6380
8147
7120
4316
8061
9310
7186
3241
5276
2770
2846
5921
8184
8846
510
1275
3170
6254
5332
3008
3246
7784
3920
2065
5421
1523
7952
9604
8837
6440
336
2553
6918
401
3181
8033
7931
5257
5351
7704
5078
4940
2781
2674
4441
5586
1335
1695
990
8706
6371
4118
6683
5405
3719
5336
1585
4871
8395
4446
3093
5696
4370
5905
1406
6593
3430
8982
7000
1379
7685
5514
9362
1873
8679
348
6903
3358
9402
7595
8527
5852
977
1604
5884
3745
7160
157
8221
4644
6828
2052
6252
678
1143
6760
5467
7821
4103
5384
4474
199
7228
9519
5877
984
9385
4019
9135
1101
4487
4364
9132
7492
5377
3582
1469
7331
4417
6082
6434
7422
1173
4934
9526
3552
2680
8318
3626
7710
4979
6126
773
4650
4566
5006
5248
8622
5890
7154
7837
6481
1259
1610
4480
6557
3278
4848
1005
3891
5390
3151
4045
6754
7996
3057
9063
8927
8237
623
6651
6286
5520
8303
7756
6994
9639
3424
2597
2862
1502
6636
8156
5293
2687
7091
5733
3136
7538
3338
4540
3698
1021
322
217
8177
3588
485
2927
9090
4713
6088
6541
7777
9440
4099
6576
2508
4471
7478
3076
5673
4224
6899
6632
5554
6470
6546
3132
7648
390
3824
6328
504
8190
1748
307
1307
4261
212
7067
2764
8116
2671
2383
4347
1896
4708
4072
5437
9464
9106
7352
5937
3109
7790
3914
9391
8448
3164
6260
6609
3531
889
9141
9184
2740
455
9512
6872
4874
3292
2300
3867
8655
5039
3217
5356
833
3642
5856
6142
7114
2817
340
2513
1355
1233
6374
1737
494
1297
7354
1115
5448
4790
1906
4698
3540
6689
6876
4338
3099
8437
9654
5948
3713
5116
6599
9190
5190
6932
3927
4588
298
7280
4076
3224
2559
2310
3471
1656
2731
2824
7127
249
4132
8356
8039
9470
5655
6268
55
7874
9206
4777
267
3072
3708
3347
396
3764
3261
6572
6530
9499
372
182
9241
1149
5177
4531
6458
4164
8776
2914
9459
4109
7556
7222
6234
1373
4217
9434
2498
7287
39
2867
8554
4292
9084
8673
6909
6822
5834
1879
3817
7637
4642
716
2034
5237
9235
3019
4996
2183
8390
7848
1600
4837
9232
3364
995
3487
1783
5622
5983
8248
8006
1690
8928
5774
8733
5156
755
563
1939
8293
3417
7004
7577
1974
2607
4582
1512
1433
90
6174
9339
7461
1155
4756
8520
5303
7547
4626
4552
8377
6066
6150
3566
3650
7062
1677
9163
4057
3045
1111
4151
7271
2891
1529
4278
6936
2752
3480
7590
4424
7979
5318
7934
9052
4136
7340
304
6951
7700
6985
6857
9483
3862
1980
4181
5527
9676
7010
7168
5679
2545
5780
3441
3781
8514
7386
6768
6893
2575
6180
7605
1594
8384
3118
8467
7516
4821
6618
5221
1684
3370
4093
3446
4719
8078
7940
8351
5787
1987
8257
1855
839
4931
343
5033
7584
4430
6431
4358
6187
7694
1239
2519
6322
7334
3644
1705
8696
4745
5395
7871
6144
8336
2389
9409
3474
8405
5706
3103
5895
1396
883
8586
6603
2125
2758
1463
5061
9610
1179
2304
5147
9272
7274
5272
3230
7880
8138
9422
612
3158
8491
779
4973
2830
3534
9304
4952
8421
4784
7360
8332
4013
500
191
7428
5184
1721
2998
6452
8838
8276
8560
8309
3841
3381
129
2635
86
9323
6240
7621
4241
2040
3316
8628
2285
7887
7955
5739
5840
5299
9586
747
6524
5462
6171
806
5205
3846
482
1253
7795
3770
661
8092
5771
4805
2920
1206
1048
4008
4246
629
8195
1971
4170
5568
2760
9396
3228
8499
6264
7745
3160
8140
7878
9356
5509
8976
2828
5131
9603
2055
6095
5444
2903
4694
6317
4334
3595
498
6192
105
1083
253
7358
3000
1992
7430
4584
8262
5792
459
3685
5944
2716
8071
1619
7093
2494
5291
8558
8025
7719
6238
9330
5641
200
9674
2038
5838
8472
8630
4516
4965
6011
559
4605
5476
6781
1645
1811
3704
3768
3893
4386
43
6743
731
966
1050
2918
1323
9624
7181
5646
1475
5570
2211
6454
5532
4010
4168
5581
7246
7008
7170
1978
9566
5778
8087
5551
6846
6770
6178
5457
752
3120
7844
7892
6620
1535
7241
2215
3186
8852
6015
8244
4621
6841
5536
3368
1815
2786
6447
9735
5314
7938
8080
4428
6361
4861
7013
4360
8327
1925
9292
4947
6049
2563
1849
607
2401
5267
4274
5152
2249
4637
9295
7642
6614
949
355
3822
3909
1598
3114
8388
6817
7766
7850
2443
4287
9255
7292
9112
2872
4222
519
7217
8166
1688
8250
2079
9159
4556
7109
9541
7531
4826
1225
196
1269
5182
9712
7164
9199
6567
3352
9506
9064
825
5226
8518
3067
6764
4782
4916
6148
9621
9656
6281
2899
1459
4127
545
3648
7132
9170
8951
915
101
8907
339
7076
4280
3478
575
2106
6416
9490
3932
6927
7588
8074
6486
8442
8503
5320
5493
7698
72
7338
3876
1302
1742
4354
3985
911
3857
8945
6591
9183
6862
635
3538
4340
7136
8665
5450
3091
5366
4700
4788
3951
5950
6701
9615
5866
6341
7424
4590
1365
2994
5188
2747
7151
2308
4271
7278
3936
4062
8426
5725
9463
2661
7057
2754
9667
1682
8134
2629
1726
6270
3154
8382
6346
9663
9261
3710
4547
7626
7552
9126
6528
4
451
1507
4461
6460
9301
4004
4577
2612
3331
5564
7582
3422
133
1044
5617
3492
9532
2500
4842
2139
8624
2313
9119
9535
5242
9038
2951
5816
3700
9433
4091
3340
4538
2692
8564
9083
2857
734
1497
2016
9601
2985
6216
3994
126
2602
3590
6090
9561
89
3754
8242
7045
3062
7480
2936
9046
6891
3271
2510
5624
6562
6468
4154
7842
7650
7566
8617
9037
901
3461
1750
8188
2569
1666
6043
6330
9226
3547
1843
4710
9315
8366
7788
7417
6711
5665
9365
8450
6077
4422
4331
3577
6258
2243
3004
7487
2298
7364
5382
4492
2738
5134
1425
5926
231
7019
8725
5426
9219
5882
6715
9371
8782
4114
2909
2822
6137
1089
3637
8908
3222
9484
1613
250
9212
3872
9321
2096
7916
3287
6867
6056
3556
9059
6914
5942
8493
5442
5503
4067
8320
7708
7347
5074
7072
2678
4352
9164
1312
22
9099
7261
5250
9070
765
5166
553
4648
3127
6824
40
3899
1608
9555
5888
6627
4850
5388
4766
7471
1329
1165
4478
3280
7224
6749
9595
674
7782
7713
9669
5518
8226
203
7099
2932
3354
9742
8182
7826
7
2876
7540
6920
54
446
7947
2345
6438
9592
5327
7861
4938
5080
8314
9705
2623
4186
8152
988
597
7316
8267
1865
4120
6121
2411
3786
4368
7381
3621
687
6998
8457
3428
9416
1042
8551
5087
2319
9266
6522
7534
2133
244
3360
8581
7158
8881
8536
6392
130
6830
5244
6758
680
9429
4892
3274
7230
4844
7103
2504
6161
5630
2073
5472
7474
4228
1026
671
8641
1263
6247
9630
3760
5761
2047
7644
3828
5025
5558
151
982
8291
5847
4160
1961
740
943
8532
6001
8570
8646
4595
9324
3334
1801
3694
3903
8875
6084
4685
275
8476
238
2449
3584
513
2201
4000
36
7965
8131
9303
8509
5140
4878
7446
7370
2485
3516
7118
6378
5499
6105
3386
2768
2893
1453
2415
4704
246
5071
7441
508
3605
5262
6324
48
1744
3168
3010
3918
8444
1075
4655
709
5132
6054
2265
7867
2229
6916
334
9584
112
3554
3673
5076
6029
1829
9671
8072
7320
4116
8347
445
1945
8708
5791
4190
1991
8261
9290
5588
4927
6427
1408
6191
7914
3790
5698
2094
4448
7493
5338
8850
8224
8471
4817
9495
8998
117
5642
7824
9378
3039
3356
5217
1483
9455
6495
8958
2874
5292
4177
6826
5531
2212
9341
5164
9732
7182
2455
1413
5109
732
8540
3437
1919
3777
7226
1812
8099
9306
8713
6782
4764
676
6012
751
6723
1030
1343
6167
3756
9239
2979
5626
9461
4303
5552
657
2934
5767
4156
1625
9501
1967
958
5582
7564
9332
3837
3377
5814
6842
2014
798
863
736
4622
8650
7617
8566
9335
4237
6214
8045
7242
3996
1198
7891
399
8480
2369
3733
9017
5136
3293
8417
6788
7366
7450
4862
5924
1135
6362
5424
7188
1717
4318
3520
328
9263
8019
7725
1664
5057
2848
3390
5151
2402
5278
8487
8364
3006
3248
9413
8644
2020
4221
2871
7291
5820
3696
5093
5719
3336
8474
3821
8103
3405
6086
7641
6220
9530
2615
3586
2940
3078
4781
7476
362
3351
2506
6578
3257
6965
1024
257
7570
7646
5181
4527
7532
6548
99
4679
341
1059
9660
4706
1898
1763
3467
8118
3384
2649
1670
5963
1746
6326
2727
7131
2163
65
2479
4395
8446
8370
5745
6282
7509
5930
693
1741
5358
1301
7444
8441
583
3514
9405
5858
4033
5430
3931
4184
6342
7314
2795
2539
8774
6702
1219
9492
3092
9204
3952
3784
7920
2100
6947
6592
5013
6861
3195
819
912
9043
8381
9447
3309
3560
9411
6060
3973
2662
8868
1681
6128
4061
9436
1107
4147
2955
7267
525
3628
2887
8316
9086
7152
4272
9172
193
8534
3805
3421
3332
5170
7581
5008
5246
845
4568
2611
4462
7998
4205
7457
4770
7551
4846
1245
3276
6669
2423
5241
9110
7758
4739
6288
4299
8230
7536
4841
3138
2880
929
3491
8158
6638
9223
7830
229
7846
3795
7770
4998
3184
186
2601
869
430
8246
8008
4195
8170
2363
2691
7087
2784
9466
9104
2952
5534
4092
2973
4830
1349
7244
6729
5158
4560
4309
7841
481
6477
5230
6892
9072
3272
6561
9186
3887
4628
3955
6844
3147
4758
3061
8241
6647
7327
3568
8013
4332
4421
4920
2805
6068
6712
7080
4276
6938
9725
2110
6420
3205
902
3462
9448
5881
3299
5316
6490
3739
9210
9123
8867
8780
1315
1097
91
4491
3880
4138
5381
6878
4336
7140
5370
4696
1908
8745
3871
5446
3221
9503
4586
1445
4405
5118
5870
2821
5946
2714
7499
15
703
7262
8430
1311
4257
1658
7071
2667
4351
5441
2223
4078
3940
5941
1730
6023
3679
6350
6266
8358
3527
1823
1419
4384
7630
4467
3706
5103
5474
7472
7558
7025
8719
8093
3395
964
1913
6456
5644
9524
1017
2496
8181
2931
1489
718
3033
4514
6537
7781
9018
9389
3934
3303
9515
5917
3979
9139
2756
8424
7862
6344
7665
5417
3156
1724
8136
3622
5364
7382
5487
1213
4377
2412
2533
7134
2837
6122
8278
8151
5864
2720
8057
2996
813
7426
3237
9563
5019
8582
2429
4293
6521
4733
923
8552
1041
4520
8626
3318
1565
5480
2027
7624
4390
3848
4891
808
5045
5827
470
9635
5566
5650
190
9678
4006
4248
1208
1046
6663
6391
970
6227
9632
4554
8292
981
1962
167
7166
8217
3655
7250
5762
4824
8997
8642
9377
672
282
6766
5471
7817
7388
377
1053
6505
6850
6162
4673
5224
8957
9353
2202
6616
3190
7518
3116
5713
7764
2085
5099
9606
420
8973
9393
5540
1802
8109
3448
2790
8844
8164
9641
6002
8531
699
6367
6484
8076
3874
589
9284
4867
9521
8132
4356
4039
1769
8338
4914
8698
5969
3177
2643
149
8588
7927
2169
2325
5261
1398
9590
5347
5708
2104
7503
7442
6414
7074
5072
2777
4437
2473
4469
13
9036
1417
159
2755
5724
6662
4173
2128
302
2060
9011
8717
7666
403
7750
6901
3155
3512
9047
3433
3773
8135
197
9443
3600
2592
3984
8794
8664
6100
4813
81
1019
634
2702
9128
2342
4101
3690
6539
2995
1364
8754
5213
1487
7425
4923
5041
368
2638
8343
8030
4502
7958
8625
2288
7497
135
6423
178
1566
1650
2669
7798
7863
5208
5046
4970
4610
4259
5565
6611
1480
8198
4005
891
3529
1045
4808
3111
3677
9227
2548
7165
7329
1471
3656
5053
1224
7608
4981
2578
6765
8483
6506
824
8820
1540
6615
2220
4021
374
8413
3297
3115
2086
3737
1820
184
6020
9729
1713
1099
7613
8884
867
1858
9005
8075
3833
3373
9508
7089
9741
4355
1930
4233
653
7312
1261
6479
5398
4748
4307
2282
6163
1347
1708
6727
544
1072
2326
6649
1963
914
5763
5898
8408
574
3149
3889
6369
7845
3796
2214
1534
697
4037
7042
8245
6014
4196
587
1814
998
3721
4869
1230
3179
309
5967
1767
758
3463
830
5349
4439
2779
3956
2167
9481
7929
1158
2723
550
9013
8219
3253
2806
4902
6402
580
7819
4275
7912
3206
920
3048
4523
9267
5315
5097
219
2362
1381
1924
1316
6988
8107
9417
8681
9568
4335
640
4695
8746
6094
8670
5445
1118
3990
2191
2427
3594
4585
1370
5991
414
1446
4406
5945
3684
1791
5730
5829
2029
571
8301
8741
5311
7744
6229
6265
5658
7453
2054
1441
4604
2012
3977
4964
6982
3705
5919
5812
1644
5419
7026
4143
7263
2883
3396
6455
1103
6212
1474
5489
8024
9358
2839
2495
4379
9475
8978
9398
8059
25
5017
3239
6943
4594
2002
2990
3695
8993
5802
3335
8419
9373
4684
6085
3406
7964
1093
8953
6202
1719
2616
3585
488
2162
9357
7475
1181
2505
7050
6966
8017
5059
8977
7323
1762
9397
7645
781
8489
5962
5024
6473
4705
6104
659
2414
1745
2977
3604
6325
6169
8831
1969
6643
631
4396
5670
3883
8445
3143
5746
5769
7619
8658
3379
3839
8311
1430
5741
1358
5301
2367
2484
7083
4239
542
444
8730
8825
1864
1013
37
2796
6720
4819
4912
6533
6412
2122
8842
7902
4721
3196
5219
3037
269
9268
5681
2344
4463
5107
4179
10
2956
8097
3779
526
1917
8315
3439
9418
8989
652
9567
7869
2227
3806
2663
2391
770
4253
9718
5245
846
707
3523
1827
4206
4048
247
1170
4845
1008
1246
352
3275
6027
841
4929
8349
7535
1241
2521
6429
5823
1076
4656
2350
2266
6915
9551
1941
9711
9507
2023
6223
285
5075
6667
1132
7459
4737
7302
5408
1870
4115
1946
7742
6714
127
4297
3021
1698
1338
214
5908
8890
8398
1588
927
4373
2537
2833
7688
5483
1217
7981
1292
7598
3233
8053
3355
817
6496
6949
1642
324
6825
8906
8814
764
2456
3307
3748
5913
7225
7269
2889
1531
4149
8941
1164
5413
675
1109
3173
2647
3755
7044
5625
318
4958
1582
3469
2561
5030
2773
4433
4512
2477
5343
4155
7507
1626
2729
8041
1552
7923
8935
6363
6691
7808
5198
2984
735
8769
4600
8565
8932
6601
7970
8208
8046
3995
4863
4798
4690
3101
9228
5135
8760
1424
208
7365
5717
6
1136
8800
8724
398
9545
2490
6911
3502
9048
862
1881
7726
3610
3259
9723
8213
6110
2420
2712
9127
8863
4677
7682
9727
5664
7813
4111
1057
2068
3005
4529
1151
1278
2270
120
3511
3897
2346
6629
9187
6902
938
1080
3129
9665
4660
6661
58
4728
1327
256
524
6747
6308
2954
4185
4102
2341
9467
2794
7097
1950
2701
7315
1866
3785
295
2591
3194
4988
1087
9438
3639
79
8866
9088
6139
2907
6313
4501
6500
3289
6869
5042
3668
161
3804
8535
3112
892
2460
844
8822
6612
9281
4204
2528
7349
4069
1244
142
603
3549
1025
2567
1558
4982
6964
8809
1630
1472
9179
3579
5026
463
7419
5263
6079
9275
8645
4596
7489
6443
3404
4943
4686
8475
2614
8924
4022
8323
8050
7017
7966
2859
1499
7445
2486
3515
618
8903
1140
878
3385
6106
2416
8083
3606
7730
8619
5453
1071
7658
64
1262
2281
5744
7311
4394
2148
5815
221
8507
3722
7041
6923
2015
2986
8044
6215
2620
5497
3410
6970
7046
7208
4123
2178
9149
2935
6808
1778
5978
7565
1624
1665
7724
6249
6401
9645
7911
311
8365
4901
5750
5666
3063
4400
5849
2049
6563
8915
383
6813
8682
9737
260
1426
5925
4633
2361
7213
9733
1382
8726
1134
5425
116
2447
4283
173
2800
1944
6716
9308
1792
8459
5992
5613
8921
3200
2192
9607
5089
8834
2095
9651
2317
7915
1503
1442
6055
4654
9376
1074
5312
3555
8956
3028
2264
7398
4543
530
8742
2960
9747
8302
572
8996
4573
6211
850
2454
7053
1388
766
5329
5165
8598
7949
2743
3810
5811
8688
1250
32
4765
1166
5608
6981
3968
2011
4210
8269
1838
8225
599
6038
3853
9714
689
9709
1518
7825
2238
2875
6494
6201
8855
8608
6449
7483
2084
7765
5688
3800
5801
8895
4949
5598
8165
8329
2001
4200
3543
1847
5961
4028
609
4555
1226
8791
4825
3654
9739
1761
782
6047
3573
2247
452
6073
9746
5225
5269
826
3960
2161
7413
6504
9672
1182
4915
9351
2810
9307
8089
9731
546
632
3210
916
2968
2324
5459
8613
7075
576
9608
2105
6415
2853
541
427
1493
8840
5302
2378
5742
6485
7408
8312
3875
1320
3986
636
4722
7135
2121
8666
7717
6411
5365
7901
1188
8750
4911
4410
5865
9345
1450
1366
788
651
6623
3935
9249
8425
5726
3123
376
9703
557
166
123
2438
1725
9707
7664
5682
6345
6958
8901
8497
7625
9029
1564
271
5044
8861
7030
2392
5507
4063
3400
7343
3633
7198
6319
2522
6133
1242
6798
6863
3283
1617
9016
8785
842
345
1509
4549
1131
6678
7746
1942
7670
4579
9079
2056
467
6096
8802
8744
3596
5619
8453
8762
1444
3022
292
7741
187
2137
5083
3686
2715
8971
7301
4404
8930
1641
593
8263
8026
3859
458
1291
7982
683
4515
4966
5050
5323
7059
4606
1646
5475
2749
1570
1532
7943
4385
3394
965
2627
1888
7024
5645
1476
9575
3660
7245
8042
1551
9437
4129
9087
2468
2897
1457
4511
3954
1581
6845
6510
2562
394
9446
3728
2090
3794
3102
1536
2216
6929
9581
3185
6602
6016
4194
5535
6692
1816
2785
9033
861
3501
1882
3907
9188
6912
6819
170
4639
8892
947
1314
263
1926
7219
517
380
6738
4289
417
6298
2258
1267
6243
7988
1152
4112
2077
7681
9468
7107
2804
2711
8965
4668
5843
3069
2330
3204
6569
2043
