21
2
18
9
54
88
100
83
67
83
68
83
63
83
42
39
116
100
53
100
9
99
22
58
117
59
66
3
76
72
55
54
55
5
104
111
77
59
67
8
49
20
6
115
108
60
108
107
103
73
103
104
51
15
1
16
1
23
1
0
1
15
88
80
112
80
50
80
98
92
70
92
95
92
63
92
21
26
24
27
24
19
7
56
84
20
3
27
26
33
26
8
27
42
43
5
43
90
116
105
61
87
61
52
61
6
44
46
44
100
71
117
71
62
71
69
71
33
25
65
93
69
93
97
93
70
93
2
41
40
41
102
98
85
98
105
98
16
89
108
102
54
110
41
38
99
118
67
118
84
118
97
118
13
10
66
94
84
94
98
94
62
94
18
8
21
4
3
42
41
42
6
32
31
32
103
56
114
56
59
56
49
47
14
40
76
109
99
82
117
82
96
82
95
82
23
90
56
65
55
57
77
57
78
111
22
75
75
72
50
72
52
62
87
85
4
46
49
48
45
48
2
12
9
12
3
12
5
12
14
12
19
76
101
104
101
107
101
89
53
102
58
57
58
85
58
105
58
106
58
14
29
75
112
6
13
7
13
8
13
4
13
14
13
113
79
61
69
89
54
90
54
108
105
43
36
37
36
9
37
51
97
101
97
12
11
91
50
6
17
7
17
8
17
4
17
88
115
113
115
109
114
107
114
51
96
101
96
19
5
36
34
37
34
16
66
81
65
81
96
81
68
81
112
74
55
107
78
107
80
59
57
59
64
59
106
59
110
64
50
64
74
64
43
35
55
106
111
106
31
28
58
70
103
95
114
95
88
60
110
60
79
60
4
31
29
31
23
91
113
116
86
89
86
80
87
64
87
115
52
60
52
86
52
15
91
7
33
32
33
7
45
44
45
32
30
61
68
52
63
2
78
2
0
9
0
22
0
3
0
5
0
109
73
22
14
22
14
15
14
16
14
23
14
18
20
