2
21
9
18
88
54
83
100
83
67
83
68
83
63
39
42
100
116
100
53
99
9
22
117
58
66
59
76
3
55
72
55
54
104
5
77
111
67
59
49
8
6
20
108
115
108
60
103
107
103
73
51
104
1
15
1
16
1
23
1
0
15
80
88
80
112
80
50
92
98
92
70
92
95
92
63
21
24
26
24
27
7
19
84
56
3
20
26
27
26
33
27
8
43
42
43
5
116
90
61
105
61
87
61
52
44
6
44
46
71
100
71
117
71
62
71
69
25
33
93
65
93
69
93
97
93
70
41
2
41
40
98
102
98
85
98
105
89
16
102
108
110
54
38
41
118
99
118
67
118
84
118
97
10
13
94
66
94
84
94
98
94
62
8
18
4
21
42
3
42
41
32
6
32
31
56
103
56
114
56
59
47
49
40
14
109
76
82
99
82
117
82
96
82
95
90
23
65
56
57
55
57
77
111
78
75
22
72
75
72
50
62
52
85
87
46
4
48
49
48
45
12
2
12
9
12
3
12
5
12
14
19
101
76
101
104
101
107
53
89
58
102
58
57
58
85
58
105
58
106
29
14
112
75
13
6
13
7
13
8
13
4
13
14
79
113
69
61
54
89
54
90
105
108
36
43
36
37
37
9
97
51
97
101
11
12
50
91
17
6
17
7
17
8
17
4
115
88
115
113
114
109
114
107
96
51
96
101
5
19
34
36
34
37
16
81
66
81
65
81
96
81
68
74
112
107
55
107
78
59
80
59
57
59
64
59
106
64
110
64
50
64
74
35
43
106
55
106
111
28
31
70
58
95
103
95
114
60
88
60
110
60
79
31
4
31
29
23
113
91
86
116
86
89
87
80
87
64
52
115
52
60
52
86
91
15
33
7
33
32
45
7
45
44
30
32
68
61
63
52
78
2
0
2
0
9
0
22
0
3
0
5
73
109
14
22
14
22
14
15
14
16
14
23
18
20
