1417
1960
2266
1960
1805
4137
1886
4137
3648
1263
4744
1263
3477
1263
2063
1263
495
570
94
267
2903
4544
657
809
1114
3572
422
421
243
421
144
29
2375
3433
3624
3433
1113
3191
674
647
84
674
1573
3485
600
598
751
686
3359
3111
2578
1774
1725
1774
2751
4799
326
324
3758
3407
4911
3407
4825
3923
4421
1128
3114
3357
818
710
890
1038
1039
1038
2952
4178
3731
4794
2988
2275
122
975
2295
3247
4001
3247
4002
3247
665
681
759
681
1639
4591
4184
4591
4187
4591
3073
3061
2854
2830
2950
2830
2376
2830
4357
4783
4861
4783
4837
4783
3735
4783
3716
4783
1587
1327
2212
1327
598
465
3458
4549
742
787
693
787
739
787
943
914
922
1008
924
1008
4108
3950
1130
3950
3409
3950
1162
1166
1398
1402
4525
2010
3626
2010
298
291
199
291
132
145
4672
1313
4851
2729
1570
4603
4179
4603
1524
4873
2273
1447
4548
1447
2851
2395
2355
2395
4928
4435
4928
4435
17
698
1444
4574
3233
1151
1140
1151
1154
1157
1149
1157
1235
2889
867
1026
941
1026
1011
1026
2903
1860
3485
4004
136
96
4314
3202
3967
3202
3206
3202
3578
3202
1078
920
303
406
398
406
241
406
4278
3366
3134
3366
2733
3366
1874
2134
3802
2134
1789
1282
912
913
1722
1721
3045
2994
1705
1233
2033
1233
3105
1233
1706
1233
188
55
3931
3353
4772
3353
2994
2368
2478
2271
4017
4009
3854
1910
3649
1910
298
202
4941
1596
187
2741
1207
3127
1207
1565
1207
3132
1207
209
210
2649
4579
2446
4579
4632
4579
2684
1476
2438
4567
4012
4567
3072
3320
2706
3320
3509
3320
14
1087
1791
1288
2207
1288
3034
4215
4009
1391
2039
1391
2038
1391
4024
1387
2635
1387
4214
1387
2604
2226
3996
2226
1174
3009
3985
4597
2560
4597
2064
2603
2203
2603
3467
2603
2204
2603
2631
2603
3640
2603
4867
4444
769
819
751
819
3304
2949
1497
2949
4420
1211
4112
1091
1676
1505
1130
1505
3191
4304
3411
4304
2793
4304
1277
2068
4686
3829
177
602
599
1420
3016
4778
2483
2484
2483
400
285
414
285
2222
2267
1825
2267
3160
3942
4793
3942
4828
3942
4712
4685
3912
4685
2717
4685
2875
1770
2042
1770
2261
4630
2260
4630
2076
4630
4040
3293
1234
1614
4768
1614
2063
1614
2592
1717
2581
1717
3479
2434
890
892
887
892
3112
3066
56
623
4934
2018
144
1143
1147
1154
1161
1160
1161
3468
4573
3081
3035
614
615
2471
4449
4346
4309
4857
1455
4857
1455
1620
2095
2410
2095
3454
1451
1450
1451
4704
1539
3643
2959
1507
1348
3305
1348
3030
1348
464
502
463
502
3267
3228
3471
3228
2958
3228
806
737
766
737
618
737
3225
4143
2957
3625
2429
4535
3992
4535
3988
4535
21
273
2652
2319
4405
2319
2082
2319
3704
2462
2473
2462
3348
2462
4947
1102
271
234
394
261
3623
1428
2291
1428
3250
2173
1597
2173
3744
3545
837
834
649
834
3496
4764
3823
1331
2302
1331
329
396
298
396
198
396
4651
3251
3340
3057
78
680
711
680
3279
3258
3139
2306
4879
3361
4902
3361
3157
3361
3734
3361
4716
3308
1308
2256
856
704
3423
3411
2541
3411
4115
3411
1687
4777
2712
4777
3346
4777
1518
3187
4430
3107
1138
3107
4072
4252
3903
4252
225
374
380
374
4399
4769
4786
3890
92
268
109
1669
2519
2512
3743
2512
151
54
921
1057
924
1057
230
297
4799
3133
1625
3133
3137
3133
4849
3730
4705
1918
2538
2181
1170
4148
960
985
4839
2475
4113
3566
4308
3566
1669
1114
3321
1527
2455
1527
2495
2741
955
1037
957
1037
2970
4611
3832
4611
2620
4611
2845
3981
441
439
2201
2595
3230
1647
2259
1647
1604
1647
1086
1007
918
1007
4724
1744
2345
1513
3042
4623
2695
3043
1491
1591
3001
4195
3397
4842
4859
4842
3736
2700
1707
2700
3937
2700
1390
2103
1389
2103
4240
3837
1542
3837
4770
3837
4022
3837
2994
1463
4034
1463
152
33
190
123
964
427
423
245
423
2372
1396
4006
1396
3873
1396
590
586
470
586
1538
3285
1687
1172
2712
1172
1160
1172
3346
1172
3841
2568
3476
2568
3652
2568
2514
3553
3709
3704
2434
2165
3998
2165
1500
2165
3645
3607
3644
3607
3814
3607
3739
4819
3727
4819
4286
4819
386
369
384
369
205
369
2386
2471
2390
2471
37
963
2535
2799
3766
2799
2809
2799
3996
3989
4722
3633
3673
3633
4048
3633
1614
1276
2675
1276
4426
1276
878
1021
1069
1021
3120
3372
3376
3372
3369
3520
3364
3520
526
568
485
568
3563
1488
3895
3879
2349
3196
2535
3196
2814
3196
323
311
361
311
3751
4876
1236
2864
170
0
4237
2198
2681
2198
1740
2198
2282
2198
2663
2198
1812
1602
4569
1602
4792
4356
4357
4356
3701
4356
768
718
4385
3125
692
785
656
785
2886
3984
96
62
97
62
88
62
60
62
37
62
90
62
58
62
91
62
39
62
92
62
16
62
84
62
95
62
94
62
23
62
40
62
34
62
35
62
89
62
59
62
20
62
38
62
32
62
31
62
93
62
21
62
87
62
30
62
22
62
86
62
76
62
33
62
15
62
1586
1482
4829
4814
4358
4814
3657
3654
3563
3557
691
730
808
730
866
867
2788
3561
2500
2024
4100
2024
4805
3493
4562
2232
4944
1628
4107
1628
1680
1628
171
3969
2804
1530
3936
3143
3936
2780
4289
1379
3214
1632
3214
2061
1255
2888
1255
2281
1339
4323
1339
3523
3699
2811
3425
3576
3425
758
782
783
782
4766
3022
4775
3022
4842
1548
2489
1548
3717
1548
2494
1548
4822
3072
865
866
212
317
215
317
381
317
452
565
538
565
4940
2754
2030
4284
2787
4284
1660
1305
2978
2938
330
372
207
372
389
372
2514
3915
3989
2283
1502
2283
2066
2283
241
305
346
305
4186
3611
3040
4705
2689
4705
4236
4705
760
724
735
724
2698
2467
3956
1096
1591
2456
2472
2456
3674
2456
3521
3508
2239
4126
820
852
642
852
4430
4281
2025
4082
4091
4082
4574
2312
1721
2312
2949
2312
2068
2312
1527
2312
2875
2312
1801
2312
1517
2312
4695
2312
1582
2312
3236
2312
2042
2312
4547
2312
1733
2312
1189
2312
4656
2312
4545
2312
1874
2312
2239
2312
1540
2312
2908
2312
2945
2312
2924
2312
3234
2312
1989
2312
2876
2312
4655
2312
1975
2312
1971
2312
2242
2312
4612
2312
1779
2312
1790
2312
1700
4165
1070
1058
984
1058
1430
1924
1070
1059
4712
2403
3679
2403
2678
2403
3062
2403
2717
2403
4648
4617
3313
1587
3014
1587
450
522
52
1684
4618
3841
3626
2880
3085
1651
2263
2262
3315
4456
4233
4456
4731
4456
2794
2519
3803
4160
638
836
842
836
3355
3345
2713
3345
48
603
3087
1225
4447
1225
3089
1225
3080
1225
3109
1225
3803
3800
2002
3800
3810
3800
3323
4732
4239
4732
2459
4732
1183
2634
1403
1531
4791
2737
2361
2737
4282
2737
1542
4676
1636
2506
2379
2506
3251
1414
3460
1414
4680
1414
3299
3458
2649
3458
2446
3458
3328
3458
3297
3458
3036
3458
2175
2177
3172
2177
4783
3350
1222
1230
2256
3795
1504
3795
3798
3795
2858
3795
4626
3795
4717
3795
1194
3795
1619
3795
2849
4489
2310
4489
4599
1913
1897
1913
3573
4116
3557
3169
3405
3169
3559
3169
2634
2875
2621
2875
3530
1687
1139
1687
2801
4108
4950
1584
2641
4627
3852
4627
4028
4627
3111
3323
3123
3323
2785
2766
2320
1927
2084
1927
3285
4651
2449
4651
1823
4651
4238
1988
1924
2129
1489
2129
54
3768
2677
2986
1753
1751
176
2206
1863
1867
1863
3253
4600
4620
2174
2152
2174
2920
1417
3723
2734
3111
2637
1650
2637
1736
2637
2045
2637
3687
2637
4826
2637
264
427
429
427
4390
4722
1905
1982
4176
1982
4177
1982
2042
4484
1189
4484
2239
4484
2554
4484
1679
1121
4315
1121
2539
1121
1038
1075
1037
1075
1016
1075
959
1075
2666
1728
282
249
1748
3920
4262
2027
3903
2027
3375
3479
3878
3479
3055
4661
3683
4661
3053
4661
2075
1888
1874
1888
2902
2833
2891
2833
3672
3661
3500
3661
3630
2871
3804
2871
603
707
3764
3953
1661
3953
3763
3953
2057
3599
1617
2013
4598
2013
4542
4481
2845
4481
4733
4481
1194
4481
1147
3217
2587
3217
2596
3217
3742
4780
4756
4739
3093
4739
4766
4739
1866
1310
4640
1310
1211
2807
1072
1062
165
1498
1963
4598
1963
2853
1369
2562
1369
749
650
695
650
1458
2757
2767
2757
3949
2757
2926
1260
2585
1260
2480
4734
381
408
213
408
192
327
328
327
4582
1882
2829
3430
2713
2464
801
734
748
734
606
734
4875
4867
3394
4867
4444
3711
3384
3711
4832
3711
2323
2289
3146
2289
3354
4256
96
264
230
231
741
758
719
758
3153
3536
529
524
3698
4389
4657
1948
2091
1948
4850
4829
2932
3604
200
294
3725
3707
3917
3893
949
904
677
662
815
662
4437
3130
4437
3130
4883
3733
4402
3733
2777
2761
3183
2761
327
345
394
345
817
677
831
677
676
644
2592
3221
2593
3221
2817
2811
3966
2811
2532
3956
932
994
4344
3515
4863
1702
4863
1702
3125
3342
3379
3342
3122
3342
2044
4745
3619
1826
1603
1826
3012
2867
3010
2867
2317
2867
237
321
289
321
2407
2170
1429
2170
2452
2031
838
821
699
821
4105
3554
2520
3554
3049
3657
3319
3657
2469
3657
695
740
2769
4824
2747
4824
2913
4140
2902
4140
283
237
2322
2538
1118
2349
2536
2349
4924
2349
969
939
938
939
1704
4384
1703
4384
2034
4384
4043
2641
4304
1524
4896
1524
4121
1117
4631
3290
3461
4570
2925
4570
2936
4570
2568
1318
4672
1318
3680
3666
1417
1421
3229
1421
1085
1033
164
2996
4633
2338
2429
3429
4934
128
2772
1747
4872
1747
3173
1747
1094
1644
4891
1644
4887
1644
3907
2695
186
3722
3908
1385
2856
2078
4192
1611
4192
3847
4192
1522
4381
2049
2048
1063
1003
884
1003
2699
3046
2885
1931
1441
1931
638
840
843
840
134
97
4027
3834
2308
3834
2671
2600
4054
2600
3507
2600
3047
2600
3689
2600
4069
2600
2028
3858
2468
3858
1152
2906
4288
1691
2216
2668
38
868
2753
2480
3380
2480
3135
2480
1402
4555
1405
4555
998
903
4667
1773
2884
1773
4745
2919
2703
2919
1223
2919
3086
2919
3511
3885
4398
3885
600
597
3747
3399
4789
3725
2750
3725
3485
2978
3294
2978
714
727
673
727
3188
2772
3954
2772
859
799
3337
3054
373
356
256
356
3469
4504
344
375
292
375
2306
3104
4805
3104
3377
3104
4926
3550
921
922
1759
4509
4520
4509
4688
4509
4522
4509
4608
4509
2396
4509
1825
4509
1400
4509
1489
4509
3759
3184
3689
2992
3078
2992
1726
1781
2887
1781
4215
3630
2662
3630
4222
3630
3718
3523
3737
3523
3546
3523
4099
4088
3257
1976
3784
1976
1080
1053
909
1053
1234
1569
168
78
2701
3040
1095
1460
4891
1460
3651
2100
4021
2100
1761
2100
3086
2703
3086
2703
4053
4044
172
3866
1798
1383
1384
2265
2264
85
4096
4336
4335
4353
4869
4289
2489
1088
2489
4859
2489
1185
4157
2588
4157
105
4951
706
633
3046
4702
2686
4702
3331
4702
4324
1876
2257
1876
4370
2437
2640
2437
1609
2437
3023
2437
2475
1199
1691
1199
3671
1199
2742
1199
3694
1199
2612
1714
3625
1617
3639
1617
4740
3279
2704
3279
1633
4620
1908
4620
4699
4620
4725
3001
2680
3001
3028
3001
208
330
996
941
1902
2141
4678
2141
2856
1765
1384
1765
267
242
3897
4049
3848
1510
1148
1144
1136
1144
4226
1144
3864
1144
3655
2883
2450
2883
3107
1154
1153
1154
2679
1154
1159
1154
4711
3315
4339
4035
3898
4035
4821
3542
4815
3542
3740
3542
1542
1444
3338
1444
3098
1444
3092
1444
1539
2629
4045
2629
3497
2629
1697
2997
4786
4758
3997
1621
2928
1621
1656
1621
2232
2137
3820
2137
3260
3803
3666
4672
4335
4672
1301
4672
3665
4672
1398
2338
2388
1905
1624
4344
4345
4344
4540
4163
4683
4404
1627
2441
2554
2549
4549
4349
1812
4349
1720
4349
1899
4349
4589
4349
4569
4349
2258
4349
1799
4349
1853
4349
2576
4349
1852
1855
2202
1855
3259
1855
1532
1832
2382
1832
3901
3336
3374
3336
2712
1696
4269
1696
1160
1696
677
655
4391
4409
2353
4409
1648
4066
461
462
166
113
136
61
1940
1939
688
743
768
743
4047
4225
2505
2400
131
88
22
220
1199
1204
2687
1204
2364
3672
697
769
631
769
393
386
392
386
3412
3945
457
571
3992
2005
1919
2005
219
314
224
314
257
314
4888
3404
1217
1777
1470
1777
2629
2280
2443
4636
2969
4636
3831
4636
469
594
596
594
1281
2862
112
2825
953
890
4490
1324
1490
1324
498
475
2952
3244
3685
3490
1376
2912
3363
3354
4271
3354
4272
3354
1461
1518
1478
1518
2470
3052
3096
3052
3080
3052
1076
935
932
935
133
1413
1955
4689
1955
876
1020
1016
1020
1069
1020
151
96
3
97
3
123
3
60
3
37
3
122
3
90
3
121
3
58
3
91
3
39
3
92
3
16
3
95
3
94
3
23
3
40
3
34
3
35
3
89
3
59
3
20
3
38
3
32
3
31
3
93
3
21
3
87
3
30
3
22
3
33
3
15
3
2353
3099
3207
4212
1666
4212
3574
4212
808
788
807
788
626
788
3853
2039
2846
3775
2270
1360
1912
1360
2864
1269
2046
1269
170
3904
3330
4255
3330
4060
3330
1466
1250
2591
1250
3897
3866
3422
4118
1183
1484
4527
1947
3818
1947
2356
4868
4355
4868
2523
4868
2437
4653
4886
4106
4370
4369
2736
3708
1806
4377
2152
4377
4376
4377
2905
4377
4030
2656
1237
2895
784
773
661
773
3105
1223
1667
1223
1128
2389
1211
2389
1127
2389
1210
2389
1108
2389
1266
2389
4945
2389
1493
2389
1673
2389
1494
2389
1610
2537
3148
1731
2727
4712
843
838
667
838
281
436
441
436
3944
4364
3934
4364
3386
4364
956
955
2277
2149
2976
2149
1892
1891
3051
3658
4260
2706
4620
2868
1896
2868
4367
2868
2152
2868
2206
2868
1520
2868
2894
2868
2901
2868
1788
2868
1818
2868
1156
2868
1175
2868
3823
2868
2899
2868
4669
2868
2890
2868
2915
2868
2196
2868
1226
2868
4667
2868
2910
2868
2402
2868
1549
2868
2905
2868
1600
2868
1867
2868
4343
2868
2914
2868
1903
2868
1216
2868
2884
2868
2302
2868
1186
2868
2618
2194
18
697
962
870
3846
1410
3835
1410
4052
1410
1406
1410
1517
2002
4800
2719
4289
3142
2049
2047
1280
4663
3811
3771
4192
2853
3830
2853
1460
1748
2301
1748
3525
3907
3528
3907
4073
3907
4802
3907
3522
3907
4077
3907
3511
3499
4255
3499
4749
3499
4751
3499
3332
3499
3245
4172
3178
4849
2391
4849
2360
4849
2861
4483
3968
3579
2381
4590
2436
4590
2336
4590
1124
2820
2540
2820
2483
3693
3918
3090
3918
3090
90
946
2916
1317
1875
1317
4940
3210
2487
4075
2487
4075
3261
4494
3728
3933
2827
1118
391
325
326
325
4577
4499
4322
4499
2627
3450
2315
1786
1619
1786
3019
2564
1188
2667
1345
1902
4047
4725
2760
3160
845
648
640
648
325
341
293
341
2820
3423
2510
4844
3162
4844
3906
3857
612
760
804
760
616
760
2624
1991
3516
4258
4098
3720
2822
2793
3187
3123
3532
3123
1939
1928
1521
1928
985
1041
1068
1041
1407
4657
1991
1987
4665
1987
94
947
3688
3861
4284
1688
2182
1688
4080
1688
3299
4469
3328
4469
3297
4469
3428
4922
1129
4922
4685
2671
3608
4477
2852
4477
4865
3150
3757
3753
3355
3504
2997
3636
3960
3958
3657
2638
4101
3390
1549
1242
1600
1242
4653
1846
1575
1846
4721
1321
401
347
223
347
2654
4464
1940
3454
2920
1418
57
1682
50
754
234
235
131
123
1474
2329
3749
2329
3729
3911
3963
3767
1
4946
4781
2051
4781
2051
4103
4835
27
159
810
738
771
738
2983
4202
4674
3615
3662
2973
1226
3218
1216
3218
4309
3756
4109
3756
2327
2808
317
360
368
360
3871
1110
2612
1713
1461
1544
1478
1544
1520
3442
1216
3442
1714
1190
2577
1190
4593
2159
4670
2159
4264
2028
4065
2028
4384
4383
4647
2675
3324
4647
4242
4647
3322
4647
1523
1887
1875
1887
2673
2449
3057
4631
2692
4631
4249
4631
2542
2541
2349
4394
4908
4394
2339
1624
2919
1727
4652
2235
4652
2235
2497
4399
4830
4399
4834
4399
1474
4865
3749
4865
133
36
134
49
3038
3026
3044
3026
2691
3026
285
284
399
284
1514
1951
4637
1951
62
602
5
602
99
602
4
602
2608
2209
3836
3819
2217
3819
3863
2089
3656
2089
1749
2089
2198
2580
550
452
1282
1663
1618
1663
4584
1663
2090
1663
2091
1663
2993
1663
1758
1663
178
1
2770
2500
850
849
427
425
915
1055
1084
1055
3066
2216
1750
2216
3524
2216
3702
2216
2277
2934
2975
2934
2976
2934
2981
3806
3736
2758
3741
2758
4052
3872
2401
1840
2385
1840
4762
4692
3059
4692
3412
2337
3560
3745
4305
3745
4611
4514
1463
4514
1587
4514
4636
4514
4590
4514
4657
4514
4638
4514
3624
4514
2212
4514
4698
4514
2219
4514
1532
4514
4658
4514
1804
4514
4639
4514
3824
4514
4039
2998
497
573
3990
2138
2896
2138
3537
3379
935
1035
74
2785
3380
3115
3135
3115
690
717
750
717
892
1005
1061
1005
957
880
2467
2662
865
1014
481
495
1687
2712
1687
2712
3682
1469
140
73
1279
1801
4856
3530
3470
3623
3879
2965
3487
2965
3895
2965
1788
1284
2196
1284
1087
4086
2912
1996
3245
1996
4101
3136
3091
2364
3887
3650
4368
3650
625
790
767
790
807
790
4619
4519
1920
4519
2779
4884
4887
4884
3009
2589
1484
2589
4256
2683
3512
2683
4676
2080
535
556
449
556
1077
1086
1078
1086
3837
2243
2432
1778
1217
1778
4895
4870
3945
4098
2337
4098
2795
4098
4633
4324
3278
4324
2292
1705
4015
4542
470
574
4413
1560
1172
1179
1348
1896
1383
4329
3645
1655
3814
1655
770
635
1534
1610
2421
3980
3601
3980
283
332
1590
2981
4248
2981
2694
2981
2457
2981
3944
1739
3934
1739
3386
1739
3067
3299
4647
1792
2990
1792
1376
1517
2714
4245
2368
4610
3631
4610
3839
4610
1118
1124
1115
1124
4125
1124
2335
1124
1116
1124
4939
1124
4938
1124
3966
1124
332
240
3266
2903
2615
2903
3033
2903
4245
4239
4380
4414
4053
4024
4737
4024
4270
1424
2481
1424
3375
1424
1483
1424
3878
1424
3031
2649
1434
1521
138
4565
3254
3127
1215
1667
1215
4500
3783
3226
3783
4673
3783
4561
3783
4671
3783
3260
4161
4757
3642
3703
4756
2531
2529
3649
2977
176
8
1058
1046
889
1046
1061
1046
3722
4068
650
653
721
653
634
653
1211
1676
4204
1852
2064
1236
4458
1236
3467
1236
2204
1236
2639
1236
3640
1236
2654
1914
2448
1914
530
472
3553
2380
3915
2380
2343
2380
3050
3304
1692
4280
3392
4280
605
745
748
745
221
222
9
4419
3019
4029
2685
4234
3724
3685
4843
3685
4213
2064
3226
3436
321
304
255
304
499
546
4798
3925
3197
3762
2016
3762
3573
3762
135
118
1430
4638
3253
2300
3866
1797
2279
2845
593
489
540
489
454
489
1636
4442
83
3202
3415
3425
3415
1120
3415
2693
3032
4385
3032
3364
3032
3883
3032
3122
3032
2659
4222
2177
4854
1550
4854
221
377
257
377
4320
1344
4321
1344
2883
3224
4179
3224
494
484
4001
2222
1757
2222
1424
1618
1237
3812
4535
2341
1531
2341
4324
2341
2929
2341
4323
2341
1800
2341
2935
2341
4322
2341
2872
2341
2257
2341
1824
2341
2942
2341
1919
2341
2921
2341
1414
2014
1551
2014
4847
3079
1038
1073
1074
1073
1355
3590
1559
3590
1439
2438
97
265
790
757
729
757
3873
2371
521
506
552
506
4320
3453
2407
3453
3241
3453
2431
3453
2600
2268
2607
4665
1277
2067
2281
3585
2073
3585
4849
3163
3200
3420
4686
3472
3013
3472
3011
3472
3885
4042
2050
1291
2459
1291
1635
1291
1737
1291
1738
1291
2048
1794
2210
1794
475
569
578
569
1387
1388
1757
2295
2614
4176
939
1040
875
1040
1068
1040
3253
4593
2310
2850
1914
3227
4655
3227
4377
4480
1164
4480
1156
4480
4669
4480
4375
4480
2852
4480
1652
1347
2930
1347
3928
4781
4833
4781
809
786
690
786
683
786
147
2
2017
1148
1137
1148
3874
1148
3321
4232
755
708
3765
4894
3421
4894
1806
1869
2914
1869
3360
3690
4267
3690
4750
3690
4775
3093
111
2823
3794
3213
2537
2017
4928
2017
2710
2017
549
455
4697
4660
167
60
3304
1718
2255
3266
3542
3930
1110
1382
1381
1382
924
1077
976
1077
3281
3257
41
700
3290
2375
3289
2375
3292
2375
3965
1131
3577
1131
3539
4784
3540
4784
821
832
636
832
2603
4601
2507
2749
1628
2186
3556
2186
1485
1427
2121
1427
1318
4424
3227
4424
3660
4014
3850
4014
3659
4014
4739
3058
2929
2106
1800
2106
2287
3182
3288
2974
4031
2974
88
281
182
37
1407
1413
2509
3742
2305
3742
2513
3742
3666
1302
4336
1302
3062
1302
3665
1302
3494
1302
2857
3789
3885
2119
2899
1969
2905
1969
1982
1363
3602
1363
3654
4205
150
3844
1917
2982
4650
881
882
1228
1253
427
422
265
422
3520
3333
31
200
3942
1576
160
4429
3865
4019
3411
3188
3410
3188
4114
3188
1497
1496
211
212
2749
3108
2186
3108
2185
3108
1721
2056
1779
2056
3742
4789
3038
3307
3044
3307
2691
3307
4717
1220
1619
1220
481
482
552
482
3950
4871
3752
4871
4046
3311
1789
2929
137
69
4890
2356
4120
3408
613
694
1402
2246
1395
2246
1245
2842
2236
2689
3634
2583
4701
2583
3176
2503
2656
1660
1290
1660
4194
1660
1741
1660
1125
4314
1798
1605
1797
1605
1291
1605
1522
1605
3362
3849
425
419
245
419
990
861
247
287
429
287
4020
1921
4198
1639
4381
4380
3866
4380
2543
1113
3745
1710
2030
1710
624
625
3737
4319
2342
4319
3546
4319
2273
2419
2272
2419
1237
1555
2804
4904
2817
4904
4907
4904
2667
1193
1183
1193
1698
1193
2935
1431
4689
1431
2956
2075
1553
1328
2330
1328
53
613
836
835
840
835
4590
3248
4372
1127
2275
3261
1663
3261
2375
3261
1921
3261
4619
3261
1990
3261
1920
3261
1459
3261
4691
3261
4690
3261
2382
3261
1892
4571
2944
4571
4942
4926
2341
2406
3117
3358
3119
3358
3663
1514
2324
1514
3554
3393
4400
3393
2580
1809
2258
1809
3270
4524
2971
4342
4709
4342
4644
4141
4365
4141
3016
3645
2503
2334
3548
2334
4880
2021
3402
2021
1152
1158
1346
2562
2965
1816
458
536
2855
1448
1580
1448
3121
3525
307
344
390
344
1548
4059
3486
2970
4666
1351
1652
1351
680
678
80
678
1155
3231
2209
1287
1599
1287
2603
4587
2503
3120
3947
3120
4836
3120
3149
3723
4434
3723
4395
2790
3766
2790
3760
2790
3899
4054
2578
1208
2579
1208
2959
2612
2031
2612
3636
2612
3190
1088
2209
2071
1594
2071
1393
1835
1397
1835
276
295
3466
4529
4565
4529
3160
3153
2508
3153
3188
3750
3954
3750
234
373
343
373
3115
2367
2442
4695
2658
1759
3128
4269
4840
4269
92
948
146
669
1690
2495
3157
2495
3734
2495
1564
2495
1593
1613
3276
1613
4634
1613
4445
1547
3003
4613
2626
4613
1895
4613
2491
4277
2491
4277
2636
2201
2658
2201
4062
2201
4056
2201
4504
4146
1526
4146
809
784
709
784
3144
1139
4285
1139
19
1477
1724
4014
3994
121
1078
2657
1627
2606
4621
3464
1884
1512
1884
4673
3983
1282
2575
2595
2575
1463
2575
4636
2575
1618
2575
2375
2575
3624
2575
1920
2575
1532
2575
2993
2575
2382
2575
3470
3466
2702
2680
1434
2083
4065
2468
3514
2468
35
192
3479
2240
1536
2240
3100
2240
1483
2240
1500
2240
2963
3999
4763
2937
3499
1376
2670
1376
4716
1376
4616
3272
426
424
430
424
3104
4752
1481
1491
4950
1105
1090
4264
2941
1185
4451
1185
2953
1185
546
567
584
567
2672
1563
2777
2192
2608
1588
986
872
4628
2112
4626
2112
3278
4185
1909
1984
1567
1984
3151
3533
165
109
2929
3620
2935
3620
2531
2779
3147
3385
3167
3736
2293
1296
1589
1296
4696
3507
3495
3653
1173
4809
4106
3176
4881
3176
2722
3899
3714
3899
2354
2571
4819
4804
2177
2178
1550
2178
1476
1582
2059
1582
3503
1582
770
720
3823
3457
1555
1843
2133
1843
2018
3145
1710
3145
4291
3145
2632
4562
1626
4562
1815
4562
4875
2738
3394
2738
4850
4358
4407
3715
3735
3715
680
728
2806
3764
239
301
289
301
2437
2062
2604
1502
4831
3904
3158
3904
3373
3904
2586
2836
3808
2252
2124
2252
3163
1648
3531
1648
3941
1648
3087
2044
3089
2044
1826
2362
2238
2362
4350
2362
3785
2362
4494
3239
4514
3239
4468
3239
4703
3445
4623
1528
3891
1528
2348
1528
3020
1528
4048
1528
4007
3461
2945
1314
1971
1314
2018
3155
1138
3155
2485
3679
4736
3679
3692
3679
1463
3593
4691
3593
4799
3085
1625
3085
3137
3085
2540
2815
3902
3511
603
714
800
714
4359
4715
3052
2664
1112
3205
3478
2567
3237
2567
4210
2567
190
315
345
315
1313
2303
1151
2303
1276
2303
1305
2303
1318
2303
4349
2303
1158
2303
1245
2303
2594
2303
1142
2303
1145
2303
1899
2303
4706
2303
1187
2303
1221
2303
1249
2303
3449
2303
1326
2303
2849
2303
1206
2303
1203
2303
1343
2303
1177
2303
1262
2303
4528
2303
1165
2303
4585
2303
4679
2303
4703
2303
1141
2303
1170
2303
1289
2303
1243
2303
4348
2303
1197
2303
1192
2303
1334
2303
1295
2303
1307
2412
1881
2412
1571
2412
2078
3854
4729
3854
270
307
4025
3838
4629
4607
1632
4607
2765
4283
1305
4128
3361
1487
2775
4294
1399
1405
3280
2941
1568
2383
2321
2383
387
371
201
371
385
371
2868
3608
1806
3608
1164
3608
1145
3977
2354
2556
235
256
344
256
343
256
106
3969
3063
1822
2918
1944
4162
1944
3570
3558
3907
2606
3055
2606
3683
2606
3053
2606
2244
2900
4942
3964
838
837
687
837
3490
4458
3488
4458
3318
4458
117
2534
4784
1631
2909
3780
1141
3780
2261
1355
2260
1355
2076
1355
3567
4299
2643
2619
45
605
1105
3325
4930
3325
4122
3325
2567
1245
2628
1245
4240
1439
1622
1439
3859
1439
2198
2197
1348
4678
3625
1551
2602
1551
2947
1551
2940
4511
4322
4511
2723
3517
4795
3517
3101
3517
2493
4810
4860
4810
4117
2776
4901
2776
3721
3124
3534
3124
4412
3124
2763
2752
4293
2752
1246
2865
2792
3179
3630
4523
2723
3896
4795
3896
2263
3655
878
879
3198
4115
2931
3610
3171
3739
2197
1299
1802
1299
1437
2122
2355
3792
1511
1972
2114
1972
130
471
545
4895
4883
2933
2164
4687
2164
2737
3705
173
12
211
348
299
348
1062
1043
880
1043
883
1043
1422
2898
806
791
621
791
3568
3560
142
475
487
536
487
458
487
578
487
2374
3778
1018
896
2465
1136
3498
1136
899
1076
998
1076
997
1076
1651
1650
1439
2881
4820
4078
4334
4333
2450
2443
3015
3469
3694
4417
3026
4027
496
558
497
558
1686
3801
4181
3801
3712
4270
3339
4051
797
777
733
777
1643
1530
4483
1623
2366
1623
3061
3284
3048
3284
249
250
2823
1115
3347
4255
3695
2474
3884
4237
1806
1872
2302
1872
130
122
2657
4728
4347
3840
1133
2594
2476
2697
2476
2697
2720
1745
1918
4000
4196
4000
2989
4000
481
593
481
593
552
593
1378
1379
622
663
806
663
803
663
3046
4411
2686
4411
3331
4411
2338
3618
1800
3618
2918
3618
1184
4152
2430
4152
1907
4351
4352
4351
3678
4351
2075
3970
1975
3970
330
364
382
364
296
364
3647
1812
3483
1812
4605
1812
4455
4327
1400
4327
4345
2701
2339
2701
2718
2701
4058
1590
4527
2559
4568
2559
1414
1415
2265
1415
3063
4033
2828
4423
163
3515
3344
3693
3344
4745
1224
2703
1224
3086
1224
4044
2635
4737
2635
4491
2143
1630
2143
1746
4838
4854
2740
4014
3797
3064
3003
1595
3003
3674
3003
535
555
449
555
4066
4243
4265
4243
2488
4243
3274
2609
4353
4300
3952
4300
2798
2180
2792
2180
43
1685
4812
4746
2361
4746
1162
2877
1510
1436
2297
1436
2634
2616
3570
3955
1641
1925
4197
1925
4055
1762
4056
1762
4008
2932
2294
2755
2504
2755
2283
1304
1742
1304
2906
2839
2587
2839
2271
2692
597
548
3898
3676
1510
4517
4653
4517
1655
4517
1521
4517
4593
4517
2197
4517
1911
4517
1231
4517
2297
4517
2922
4517
1545
4517
1479
4517
1652
4517
1578
4517
1598
4517
1791
4517
1802
4517
4415
4517
1519
4517
2207
4517
4670
4517
1811
4517
1556
4517
4526
4517
1575
4517
2627
4517
4032
3852
1814
3236
3372
3914
1230
1783
2432
1783
952
897
1018
897
1643
1642
2240
2238
4603
4556
3224
4556
914
928
1083
928
4447
2470
870
871
2871
2422
2243
2422
1388
2422
4613
2422
2083
2422
1558
2422
4551
2422
1525
2422
1485
2422
1881
2422
4361
2422
4534
2422
1974
2422
3252
2422
2411
2422
2121
2422
4326
2422
4096
2025
2748
2025
4049
2678
2807
3424
1472
3424
2812
3424
2533
3424
444
378
858
761
646
761
2335
2805
4315
2805
3928
3521
4279
3521
4087
3521
577
493
2056
3215
1158
3215
1727
1254
2888
1254
2190
2189
1747
2746
3893
1423
3082
1423
1622
1423
3095
1423
730
775
788
775
1166
4644
1147
4644
2906
4644
2047
4644
4663
4644
2583
4644
1185
4644
1466
4644
2592
4644
2597
4644
1553
4644
2598
4644
2581
4644
2195
4644
4490
4644
2892
4644
1490
4644
2897
4644
2911
4644
2590
4644
4575
4644
2593
4644
2205
4644
4566
4644
2587
4644
4171
4644
2591
4644
2596
4644
1906
4644
2896
4644
4625
4644
2588
4644
1468
4644
4713
4644
1583
4644
2890
1857
2905
1857
1803
2109
2210
2109
455
560
541
560
4075
4397
3518
4397
2487
4397
4754
2643
3547
4866
2020
4866
3184
2782
2526
2782
2651
2968
1438
1450
2934
3786
4571
2116
2428
2116
19
26
4794
3902
4410
3902
3726
3902
3107
1160
1139
1160
2482
1160
1159
1160
2383
1579
55
1090
2350
4790
4858
1693
135
2931
4491
3508
3317
4767
3317
3343
3317
4373
1210
365
359
363
359
3768
4430
4241
4020
3662
4020
1401
1966
2880
1933
3622
1933
1321
2394
1321
2394
4338
2788
2803
2788
3143
3118
1891
2135
1890
2135
2944
2135
2949
1771
2875
1771
4943
4931
35
862
3658
2995
2669
2995
3025
2995
618
619
868
869
4402
3748
474
498
3342
1907
3686
2059
10
4373
2981
1499
3
5
3022
4649
3872
4649
3667
4649
2341
4474
2406
4474
2340
4474
1401
4474
1264
4474
3707
4336
3719
4336
1568
4095
29
99
55
99
54
99
0
99
113
99
159
99
1
99
73
99
8
99
118
99
2
99
69
99
109
99
12
99
115
99
114
99
53
99
11
99
81
99
107
99
67
99
156
99
46
99
106
99
125
99
82
99
85
99
10
99
74
99
66
99
75
99
48
99
102
99
158
99
119
99
56
99
9
99
68
99
101
99
108
99
57
99
13
99
103
99
129
99
43
99
100
99
116
99
70
99
110
99
160
99
117
99
7
99
45
99
155
99
111
99
71
99
52
99
112
99
65
99
126
99
105
99
104
99
14
99
72
99
2541
3410
3571
3410
2328
3410
135
90
4166
1142
1133
1142
4609
2274
2212
4503
4159
4503
1012
1009
990
1009
4301
2763
3406
2763
3565
2763
4873
3731
2502
3731
4443
3731
4004
4654
3294
4654
2605
4654
455
541
1416
1957
2923
1957
1035
1071
1074
1071
421
416
286
416
678
756
3525
3891
3528
3891
4073
3891
4421
1658
696
751
3176
3947
4874
4853
4903
4853
4810
1708
132
115
4058
4248
4948
2813
3604
3223
2248
3223
2243
2007
3804
2007
3012
4659
3010
4659
2317
4659
277
329
331
329
2288
1775
4733
1775
251
440
441
440
3120
3360
4360
3269
4791
4741
2361
4741
4282
4741
4571
1330
1886
1330
110
2827
2681
4467
2439
3250
4414
1866
3999
1866
3627
1866
4280
2033
4661
3484
2331
4479
631
632
2464
3663
3504
3663
3041
3663
4706
2831
4253
3060
301
343
307
343
3347
4060
816
829
682
829
695
829
4160
4497
4656
4497
513
511
597
550
3829
1806
3013
1806
3011
1806
4059
4036
1441
2011
1941
2011
1636
3951
99
600
6
600
4549
1819
1303
2873
274
219
1482
4391
4013
4182
3361
4847
3510
3887
2773
4831
2964
3624
4688
4530
3793
4530
3171
3727
761
853
857
853
1416
1961
1825
1961
145
4
55
4
78
4
61
4
88
4
36
4
49
4
26
4
80
4
53
4
17
4
46
4
124
4
47
4
84
4
48
4
56
4
146
4
57
4
18
4
42
4
43
4
41
4
25
4
24
4
50
4
44
4
45
4
98
4
52
4
86
4
76
4
51
4
1099
4226
1137
4226
747
742
167
80
134
523
532
451
532
592
532
4785
2622
2276
2622
3007
2622
2908
1218
1779
1218
1537
1756
4433
3544
3391
3544
4072
4065
3102
4065
4096
3713
4819
3110
2848
4473
2847
4473
1422
1442
75
3190
202
338
199
338
385
338
956
881
4207
2435
3889
2686
4404
4374
4650
4374
3287
4374
4580
2249
1429
2249
2977
1911
4199
1911
1492
1911
4329
1767
1386
1767
3635
2926
2986
2270
4682
2270
2985
2270
2646
4635
2984
4635
4710
4635
3202
4403
1121
4403
1263
1615
2405
2359
2392
1390
1601
1390
4728
3242
3022
3846
2703
3321
2044
3321
4727
3034
388
362
196
362
4567
1454
2384
1454
2808
3418
2411
2094
2410
2094
3507
3682
3689
3682
3078
3682
4952
4942
4636
2416
1990
2416
1455
1753
1708
1753
3113
1753
1234
1504
1144
1150
1149
1150
4365
2848
3416
1636
4897
1636
32
206
2616
1720
3255
1720
2610
1720
4938
1123
4827
3928
4455
2409
4664
2409
2444
4320
130
114
755
772
2950
4367
513
476
2899
1861
4343
1861
3569
4379
2527
4379
3091
3688
2884
1715
1186
1715
2978
4003
1391
1764
1388
1764
4188
2586
2128
3974
2855
3974
4057
3502
4718
3502
3005
4604
1759
2097
2613
2097
1867
3582
2914
3582
4946
1457
2656
4668
4194
4668
1741
4668
3647
3843
3483
3843
3354
3037
4064
4762
1140
1145
2937
2401
3995
2401
2948
2401
4893
4297
4699
2298
4112
4877
3755
4877
1560
1385
4024
1385
2974
1385
2635
1385
716
659
744
659
2662
3296
3359
1736
3508
1507
4767
1507
3695
1507
3343
1507
4935
1653
2894
1176
1175
1176
3837
4609
3822
1899
549
458
1731
4273
3932
4273
3140
4273
3330
2440
3690
2440
2119
2440
3038
2440
4229
2440
4349
3979
2850
3979
4528
3979
4348
3979
4163
3588
1630
3588
465
466
3969
3967
4464
1533
4208
1533
3277
1533
963
1025
860
1025
1012
1025
4331
4330
1410
2265
4445
1620
33
860
527
510
480
510
3929
3376
469
551
1788
1272
4343
1272
3911
3491
1631
3491
4051
3491
3876
3491
3543
3491
4266
3491
3130
3105
2752
3105
2740
3105
3381
3105
4437
3105
1129
3185
527
587
480
587
3955
3563
4408
3563
747
716
763
716
946
1079
1080
1079
2754
4436
3155
4436
1387
2392
2678
4216
3062
4216
4817
3724
4817
3724
4029
4520
1333
4520
2963
3627
4848
4821
4364
3884
3365
3884
2943
2152
4459
2152
208
209
1728
1466
4220
1466
2999
1466
3310
3991
3065
3055
3254
3613
3257
3613
3466
3613
3463
3613
3263
3613
2133
3613
3464
3613
76
711
2771
3547
2515
3547
3116
4813
1882
2281
1883
2281
4203
2281
2123
1999
2125
1999
2492
2722
1924
2378
4329
2378
2222
2378
1759
2378
1355
2378
4374
2378
2273
2378
4455
2378
4321
2378
3455
2378
2200
2378
4580
2378
4624
2378
1416
2378
1559
2378
2248
2378
1386
2378
4522
2378
4664
2378
2040
2378
1456
2378
2396
2378
1319
2378
1825
2378
1400
2378
1489
2378
1429
2378
4548
2378
2654
4208
1693
3139
3388
3139
1692
3139
4351
2277
2598
1780
2911
1780
3506
4686
3867
4686
3492
4686
3524
3355
3702
3355
3112
3355
2268
1325
1817
1325
3706
2473
4550
3245
1276
3439
2683
2078
585
490
448
490
542
490
2514
3551
2300
2162
3813
2162
2298
1558
1633
1558
1908
1558
414
303
2093
1954
3252
1954
1188
2452
454
540
4646
3631
1510
2004
1556
2004
128
121
1408
1608
4721
2212
200
298
3495
3822
3027
3822
1406
2092
184
53
3169
3944
621
622
3713
4807
4278
4807
2748
4807
4400
4092
3549
4291
2019
4291
2463
3487
107
2824
3707
3076
1467
3076
3126
3076
3563
3405
1058
1048
888
1048
4636
2140
4690
2140
1102
2743
3210
2743
3145
2743
4124
2743
3845
3997
996
1012
995
1012
1756
3000
3868
3000
1755
3000
455
561
541
561
1852
1854
2202
1854
3259
1854
4411
2646
2890
1838
1600
1838
4871
2183
1882
1511
1883
1511
4203
1511
1470
1205
1471
1205
2737
4274
2275
4536
4468
4536
4373
2526
4700
4240
3757
4303
2981
4698
1587
2397
4584
2397
1466
1239
2590
1239
2238
1445
2318
1445
8
4420
2461
4030
2696
4030
2688
4030
4779
3528
3962
1461
4907
1461
571
514
482
514
457
514
1456
2101
2396
2101
3374
4267
3330
3314
3561
4279
4105
4279
2399
4279
141
1154
1155
1150
1155
2335
1679
3513
3041
3008
1593
175
11
4161
3973
143
2077
1904
2260
1904
2226
2332
4630
2332
1414
2332
2048
2332
2149
2332
2268
2332
1253
2332
1555
2332
1551
2332
2881
2332
2265
2332
1803
2332
1515
2332
3808
2332
2210
2332
1597
2332
2585
2332
1894
2332
1817
2332
3456
2332
3811
2332
1475
2332
1512
2332
2211
2332
2124
2332
2060
2332
2582
2332
2291
2332
4565
2332
4768
3648
264
246
1577
4930
3050
2592
1182
1188
1173
1188
2036
3496
3529
3496
2351
3496
2544
1108
1266
2810
2626
4589
2630
4589
1895
4589
3887
1307
3675
1307
3875
1307
2419
3220
1203
3220
3927
3363
1528
4551
1530
3917
1642
3917
3118
3917
4379
4850
4303
4850
3816
4527
3057
3253
2692
3253
1372
3253
4249
3253
1534
2465
2538
3576
479
508
529
508
3335
1333
3630
2171
1485
2171
3560
2030
1688
1182
4879
1182
4902
1182
4275
1182
1204
2578
4116
3413
2016
3413
1278
1742
1591
3302
3064
3302
1595
3302
3054
1789
1650
1789
2045
1789
3687
1789
4452
1789
2864
1257
1853
1257
179
669
688
2738
3131
4694
4584
2458
4584
4227
4584
22
953
1513
2760
4299
2760
449
535
3699
4057
3352
4057
814
801
4088
4801
4278
4801
4654
4500
2314
4500
4930
3427
4928
3427
1106
3427
1672
4879
2182
4879
2120
4196
3179
2498
3398
2498
2798
2498
3512
3869
4110
1093
2761
1690
3946
1690
1207
1213
1215
1213
2319
2601
4938
4317
3104
4370
4752
4370
3103
4370
209
365
382
365
2342
3718
3857
4011
3849
4011
3905
4011
4419
1266
1585
1930
2085
1930
3736
3382
1707
3382
3937
3382
3151
2735
4926
4925
2819
4925
1674
4925
4316
4925
2760
4793
3926
2386
3926
2386
1233
1227
1225
1227
672
691
2334
3347
4803
3347
3368
3347
4614
4581
1546
4581
4277
2481
2491
2481
2363
2481
2183
3148
2762
3148
2184
3148
20
954
3660
4023
3659
4023
1661
4433
3754
4433
4015
4188
4926
2175
3964
2175
4302
2175
2467
2659
2467
2659
3254
2146
1475
2146
4813
1420
2709
1420
3910
1420
4742
1420
2711
1420
2721
1420
414
398
3371
2709
1131
1472
1127
1472
916
927
1084
927
3037
3291
3869
3291
3306
3291
124
696
3801
3794
1097
3794
897
898
3392
3388
468
589
523
589
451
589
592
589
467
589
3320
2640
4890
4355
2274
1453
2297
1453
422
420
266
420
3108
2716
2904
2874
2960
1585
4221
1585
1641
1585
1157
1163
1161
1163
3667
3835
3840
4323
3269
4323
4387
4323
4444
1750
3384
1750
3095
1750
4832
1750
3909
1750
2017
1153
3325
1153
37
278
1505
3759
3192
3759
4683
3287
3961
4112
2543
4311
1119
1120
1199
4787
4738
1723
3031
2446
654
778
793
778
2648
4451
1584
3208
4647
4427
2028
4017
2468
4017
1916
2156
2433
2156
4730
3088
4937
2818
4855
3158
4165
4706
1724
4706
2619
4706
2032
4706
3256
4706
3275
4706
1664
2206
1610
4928
2758
2477
3721
2477
3534
2477
4412
2477
3932
2477
1730
3029
2732
3029
3861
2086
4461
2086
4244
2086
4037
2086
3870
2086
3002
3816
4201
3816
3797
3448
4609
3448
821
833
1444
2273
4681
1525
2213
1525
2214
1525
27
3119
3351
2919
1231
2201
1393
95
283
1606
2219
4182
3809
3826
3809
917
926
1085
926
4401
4400
819
811
764
811
4124
1645
4932
1645
3894
2694
3909
3082
1300
2597
3699
4718
3352
4718
2889
3431
1855
3431
3067
3328
1527
1248
4695
1248
4041
2652
452
538
1702
3127
1691
3127
4851
3127
2742
3127
4845
3127
3997
4470
2928
4470
1656
4470
3075
4771
1504
1261
1732
1261
1134
4166
189
4264
3514
2552
1358
1515
1358
2464
3639
3504
3639
3513
3639
119
2532
66
4125
3554
3710
4857
3113
3762
3555
4551
4533
2393
4533
2812
3193
2387
3193
3371
3063
4742
3063
3327
3660
1306
4675
394
388
2933
3605
4687
3605
4612
2167
459
505
460
505
2062
1849
1787
1849
1058
1047
887
1047
891
1047
23
275
3931
3921
3383
3921
4772
3921
1459
1311
4639
1311
4261
4063
1751
1408
4330
1408
1752
1408
2087
1408
2460
1408
2088
1408
1399
4455
1035
1070
3246
2870
2327
2326
4702
2943
537
563
453
563
4809
3482
3000
4614
2987
4614
4209
4614
3247
1654
4591
1654
4574
1654
1655
1654
2092
4001
3153
1557
2744
2486
3825
4666
3491
2077
3458
3602
2951
2278
1123
1125
4317
1125
2456
2381
3008
3276
3004
1633
1624
1372
4803
1372
4345
1372
3367
1372
3368
1372
2718
1372
4092
4271
3710
4271
3924
4271
1087
4072
4082
4072
3908
4050
4068
4050
4081
4050
77
81
1563
1520
2445
1520
3632
1520
2700
3488
522
588
582
588
471
588
450
588
549
456
2226
1879
2211
1879
2589
1196
2193
1196
3105
1704
1528
1553
4844
1607
1581
1607
753
749
3848
4619
467
468
2740
2292
3138
2292
2179
2292
1910
4175
273
226
1518
3396
4113
3396
3857
2964
3849
2964
2478
2964
3905
2964
452
566
538
566
2194
1285
1615
1285
4909
3172
4440
3172
3401
3172
2898
3591
2084
3591
3848
4642
4427
2340
2653
2340
2954
2340
713
726
732
726
1391
1837
1612
1837
2439
3463
483
509
577
509
4103
4438
3611
2365
2996
2365
3278
2365
1397
2132
1395
2132
4042
4218
3314
4218
4229
4218
2441
3993
4205
3993
4422
3993
749
721
816
721
3018
3647
3355
3513
3950
3744
3752
3744
3403
4823
3552
4823
686
783
689
783
656
783
198
199
4780
1566
4789
1566
1635
1566
2730
1566
1634
1566
1738
1566
2698
4206
2329
2398
3938
2398
3707
3114
1467
3114
3126
3114
4944
2784
3197
2784
1680
2784
3412
4878
1911
1979
4666
1979
2270
4510
4323
4510
1824
4510
1401
4510
3714
3527
2022
2301
4887
2301
4864
4287
4864
4287
2755
4811
3491
1345
2263
1345
456
539
3984
3225
4553
3225
958
878
4219
4688
2324
4688
3481
4688
1280
1800
4849
3531
2126
2297
599
553
300
313
316
313
2775
4875
3398
4875
1535
1458
4900
1458
3209
3414
3574
3414
4316
3414
2100
2098
1499
2098
976
921
3344
3038
1214
2432
2433
2573
2320
2573
2951
2573
3612
2015
2942
2015
148
1760
3651
992
934
1066
934
902
934
2880
3987
3615
3987
4525
3987
2885
3987
4093
3924
3545
4817
1561
4817
2769
4817
611
612
1896
3587
1903
3587
3893
3684
3082
3684
3095
3684
2895
1841
2061
1841
2988
2065
294
370
385
370
1667
3096
77
17
268
308
3307
1508
3723
2036
1658
4293
3565
4293
2365
2844
2072
2844
1204
2922
2986
2980
2985
2980
4761
1915
2644
2626
963
942
872
1030
869
1030
1067
1030
4458
2203
19
58
4729
1611
4947
4945
903
1000
992
1000
900
1000
1571
2546
3751
4102
1658
4301
140
91
474
585
474
585
530
585
3317
3305
4611
4538
4590
4538
701
639
1673
4929
2378
2377
1937
1936
2634
3255
1207
1214
3087
1214
4441
1214
3109
1214
2722
4696
3527
4696
3526
4696
4839
1699
4838
3339
4823
3339
163
107
4025
2081
4642
1425
2307
1425
3413
3548
3555
3548
258
336
342
336
2021
1561
904
933
994
933
1013
933
4371
1493
2165
4350
2283
4350
1617
4350
1792
4350
4342
4350
4587
4350
1588
4350
4654
4350
1742
4350
4675
4350
2365
4350
4583
4350
2878
4350
2408
4350
1498
4350
4598
4350
3606
4350
4586
4350
2072
4350
4588
4350
2879
4350
3626
4350
4673
4350
4674
4350
1441
4350
2318
4350
3609
4350
3622
4350
1820
4350
1941
4350
2314
4350
4671
4350
1463
3971
1758
3971
4377
2352
3600
2352
4375
2352
3281
3628
2756
4410
2332
2565
1088
2023
2780
2023
4943
3207
3646
3476
4283
4779
4830
4779
4834
4779
4654
1320
4588
1320
3521
4767
2474
4740
2474
4740
1123
2817
3109
3087
3109
3087
754
706
2325
3288
3953
3391
1146
3233
4575
1353
4625
1353
3323
2050
2735
2492
2736
2492
2721
3910
2879
4145
1820
4145
3461
4553
2925
4553
2936
4553
1618
3596
4619
3596
4284
4902
3430
4902
1101
4902
324
258
325
258
228
258
2282
3860
91
271
3564
4880
3406
4880
89
263
128
67
1122
3962
1213
2598
1471
1202
2193
1202
4553
1366
2259
1366
3324
3282
4853
3721
101
2286
1059
1050
894
1050
3378
4803
1657
3447
4495
3447
61
701
2746
2478
2756
2478
2323
2478
3726
2478
3146
2478
4707
4198
4078
4774
4796
4774
3730
3151
3733
3151
3163
3151
2761
3157
2192
3157
4295
3157
671
690
4247
2670
2955
2073
2031
2581
2043
2581
994
992
997
992
1685
4013
1381
4013
4297
3166
3180
3166
4296
3166
2882
1950
1937
1950
3185
3402
3565
3402
1100
3402
3682
3313
4567
1923
2021
2769
1102
3128
4436
3128
2408
1357
4588
1357
2534
4431
1111
4431
4944
4431
1112
4431
1760
4021
4414
4594
3999
4594
3627
4594
787
780
659
780
2740
4447
3138
4447
2179
4447
918
919
2618
2195
3278
4186
4695
1247
1582
1247
4812
4791
3258
4583
2972
4583
3414
4307
4831
2501
3158
2501
3943
2501
3815
4490
3691
3327
3338
3327
3074
3327
2589
1191
1184
1191
1376
1485
2816
1111
2698
2126
4727
2126
1792
3774
4587
3774
548
448
2970
4599
3832
4599
2620
4599
4705
2989
2449
1407
3496
1407
2454
1407
4720
1407
1538
1407
4579
3263
574
590
591
590
4406
2540
4416
2540
1917
2168
1558
2168
2100
1572
1620
1572
4614
1572
1163
2894
3607
1433
3454
1433
478
507
473
507
1892
1890
3879
4007
3487
4007
3895
4007
2704
3669
1577
4122
2606
4321
444
367
254
367
1132
1133
4026
1133
4276
1730
4382
3918
1291
1308
1566
1308
3271
2935
4200
2935
2219
1411
4658
1411
1669
4313
2968
4577
3268
4577
2625
4577
1178
1187
1424
2426
4922
4912
1131
4912
1252
2859
2544
1107
4287
4453
4864
4453
1528
4569
177
156
1493
3428
453
537
4604
1545
3842
1545
2765
2497
3889
3331
2652
4564
4405
4564
2082
4564
1420
4708
2865
1251
2576
1251
1140
2909
1733
1258
2876
1258
1495
3049
953
888
1982
1361
2853
1361
3154
1625
4672
2916
4238
2234
131
3108
4716
2367
4716
56
3102
1712
2577
968
1064
1233
2674
3267
2042
3471
2042
2958
2042
25
671
3747
3147
2773
3147
3397
3161
3708
4773
3533
4773
2735
4773
4573
3455
2932
3455
2923
3455
4506
3455
2613
3455
4595
3455
2127
3455
1673
4927
2122
3451
4641
3451
2379
3539
3738
3539
1854
4168
2406
2373
2857
2373
3709
3348
4616
2632
2470
1228
1704
1228
3096
1228
3341
1228
3080
1228
1703
1228
3293
1990
2235
1990
2234
1990
944
1081
1082
1081
1262
4134
4852
4830
4663
1293
2195
1293
2975
3614
3817
3614
4621
4531
4569
4531
3142
3717
1088
3717
4862
3717
226
293
334
293
3989
4547
1502
4547
2066
4547
3099
4390
4391
4390
4392
4390
3628
2552
4677
1829
2220
1829
966
905
40
277
347
288
290
288
3988
1942
2921
1942
2909
4139
2913
4139
2091
3770
2993
3770
2757
3387
1544
2346
1544
2346
4082
4797
4071
4797
4072
4262
188
39
4784
4061
88
676
3448
3211
1326
3211
920
1023
1034
1023
182
46
3150
3091
4277
3091
4095
3091
2398
3091
4097
3091
114
2821
752
684
4742
3505
2745
2732
138
92
3764
2796
1678
2796
2893
4513
4526
4513
142
16
4354
4892
1236
2892
3580
3144
2788
4105
1566
3510
2946
3990
4061
3876
1116
3199
3536
3714
1557
3714
3935
3714
4549
4521
4589
4521
1912
3617
2939
3617
1083
983
2637
1279
1267
1279
2500
4820
4438
4820
4089
4820
2813
3765
1108
3765
2806
3765
4312
3765
2883
1985
1621
1985
954
887
4705
2878
2120
2878
448
557
542
557
4651
3460
2506
2343
1014
1027
1011
1027
863
1027
2883
3798
1621
3798
2912
3798
2300
3798
2401
3798
4628
3798
1486
3798
1570
3798
1732
3798
2233
3798
2384
3798
4179
3798
4867
3384
791
776
663
776
1901
1630
2956
1523
1455
4331
1708
4331
2187
4331
1582
4132
2924
4132
3335
4347
4820
4076
1198
2901
3418
3569
3558
4407
4408
4407
1683
4053
157
106
3550
1550
4302
1550
3746
1550
2829
1104
3280
1184
3473
1184
280
252
87
965
2331
3781
4721
2940
1068
1031
1017
1031
873
1031
594
582
545
582
2421
4462
2563
4462
3161
2494
4862
2494
4859
2494
4594
1885
1480
1885
608
609
897
984
866
1001
1011
1001
3328
2677
2284
2677
3620
2574
3618
2574
4510
2574
3617
2574
3243
2574
3612
2574
3240
2574
4465
2574
3459
2574
3796
2574
3616
2574
4170
2574
3249
2574
674
858
859
858
4333
4726
2714
4726
1734
4726
2052
1399
3045
1399
63
125
4583
2237
1820
2237
2995
4682
2622
1725
1374
2241
684
665
810
665
651
665
4939
2535
4406
2322
4416
2322
4245
2459
1098
1099
4031
4413
2325
4413
2241
4154
2180
4353
4354
4353
3069
2681
3071
2681
4363
2681
1086
1056
919
1056
4258
3324
4544
1244
4168
1244
2955
1490
3363
4047
4272
4047
4268
4047
1525
1354
4361
1354
7
4421
1684
4031
3523
3518
210
363
382
363
389
363
3753
2516
4379
2516
2338
1404
4610
1404
2080
4241
4250
4241
3308
2983
2670
2983
1821
2983
2333
3777
3788
3777
3548
4836
2201
2200
59
445
446
445
195
196
1155
2897
551
547
2035
2509
1653
1672
1101
1672
4123
1672
2714
4748
3248
4159
2090
1945
3824
1945
599
591
575
591
4463
3012
1116
2814
3366
3084
4801
3084
979
989
2456
2952
2436
2952
2336
2952
2511
4290
3088
2665
3083
2665
4693
2665
4922
3204
1127
3204
4161
4507
1978
4507
4300
4862
888
889
4038
3855
3486
3832
2259
1336
1616
1336
4082
3696
4086
3696
3748
3939
1695
3939
1606
3621
2275
4558
4639
4558
1279
1803
3517
2045
4734
2698
2367
2698
3914
2698
2716
2698
2079
2698
4460
2698
4310
4881
3194
4881
3362
3905
3729
4362
3543
4362
144
124
1646
2570
465
491
466
491
1488
3154
3405
3154
3562
3154
4547
1315
2945
1315
168
3705
1542
4270
1542
4746
1542
3375
1542
4776
1542
1037
886
4546
3444
2121
3444
4764
2962
4720
2962
79
82
890
891
1162
1711
2966
2886
1117
2802
4394
2802
4395
2802
876
877
4083
2726
4081
2726
568
559
579
559
4838
3369
3403
3369
3552
3369
939
1028
1017
1028
874
1028
108
2543
83
85
4195
3260
3279
3260
2972
3260
246
428
429
428
157
2998
1430
1822
1430
1423
1430
3066
3882
3702
3882
4614
1953
2093
1953
2611
1599
4207
1217
4190
1217
1662
1217
3795
2374
1569
4493
1939
4493
3797
4493
4517
4493
1442
4493
4666
4493
1554
4493
4169
4493
1316
4493
2440
4580
4622
3310
1691
4085
4866
4085
692
629
4761
4010
4852
3728
3177
3728
4662
2975
1508
1920
2647
1920
2447
1920
1080
973
910
973
12
4371
2403
1479
4735
3888
2725
3888
573
496
525
496
4419
1661
120
965
915
4759
3863
3720
4800
4453
4800
2808
3417
2326
3417
1569
4501
4653
4501
3994
4501
2922
4501
1554
4501
1578
4501
1598
4501
384
323
331
323
203
323
137
47
4876
2294
4102
2294
645
646
580
513
699
687
3958
4338
1115
4338
4906
4338
3193
2791
4910
2791
3718
3121
3546
3121
4624
1768
1386
1768
2790
3751
2522
3751
913
974
1082
974
1594
2070
2584
2070
4331
2673
2087
2673
786
774
789
774
3168
2020
332
239
3517
3687
3263
3584
1894
3584
1812
1323
2873
1323
4098
4827
4287
4827
4864
4827
174
10
4802
3927
4094
3927
4027
4550
2308
4550
3273
4550
1059
1006
896
1006
893
1006
1509
4851
3152
4851
4748
4246
2696
4246
132
4360
4387
3000
2971
3490
4743
3488
4743
3318
4743
4611
1350
4690
1350
2889
3230
1855
3230
2895
3230
1418
3230
1727
3230
2067
3230
1613
3230
3610
3230
2898
3230
1224
3230
1866
3230
4635
3230
4668
3230
4553
3230
4564
3230
2916
3230
1630
3230
1523
3230
2123
3230
4532
3230
1616
3230
1916
3230
2061
3230
4640
3230
2125
3230
2084
3230
2882
3230
2888
3230
4418
3230
1875
3230
1541
3230
1937
3230
666
641
4644
2847
2047
1795
2195
1795
2054
2053
2386
3913
3926
3913
868
1036
1015
1036
986
1036
140
142
74
261
318
194
318
328
318
2894
1169
1164
1169
4659
2316
128
84
2290
4755
2370
2851
1626
2967
1815
2967
1758
3773
2382
3773
20
274
982
1051
1066
1051
2746
2309
3159
2309
3146
2309
4660
4038
3060
4038
3881
4038
597
549
3393
3931
447
543
232
233
650
736
705
736
1393
1834
4164
1834
1504
1858
1574
1858
169
66
3098
3691
4279
4833
1679
4914
4317
4914
3578
4914
748
731
607
731
664
731
4855
3747
3016
3644
2826
2335
3004
1908
3027
4393
4246
4228
2799
2522
4394
2522
2950
2259
227
228
2319
2370
4627
2370
4600
2370
4570
2370
3806
2370
2559
2370
2135
2370
1511
2370
4642
2370
4599
2370
4471
2370
4629
2370
4641
2370
4559
2370
4554
2370
2307
2370
2085
2370
1632
2370
1909
2370
4677
2370
1897
2370
1516
2370
2114
2370
1567
2370
2220
2370
3711
3524
1015
940
938
940
4471
1993
1909
1993
2646
4471
4005
4471
2984
4471
3535
3117
2018
2787
1645
2787
3069
1290
1635
1290
4363
1290
4067
1290
1634
1290
1737
1290
3859
4770
1682
4737
4339
4737
3685
3318
2828
1666
771
652
651
652
3424
3421
1108
3421
3959
3421
386
361
204
361
331
361
2630
2946
1895
2946
844
841
846
841
2337
4401
4878
4401
2521
4401
1213
1554
2048
1657
1253
1657
2881
1657
3235
1657
2585
1657
1817
1657
2392
4624
1601
4624
1413
1958
1824
1958
3495
3006
2067
2229
4668
2229
1722
1221
2995
1515
2677
1515
959
876
4613
1342
2393
1342
3711
3702
2580
2074
1799
2074
1109
3826
4694
3019
2458
3019
3133
3069
0
2828
4367
1893
1818
1893
143
75
981
1045
1060
1045
2420
4450
1165
4450
2313
4487
3205
4310
3418
4310
4922
1130
1236
1733
212
216
299
216
2481
1536
1114
4933
2541
4933
1113
4933
2822
4933
1921
2008
3824
2008
3060
2956
3497
2956
3886
2956
3881
2956
472
478
585
478
2781
3948
1302
4629
3625
1604
2602
1604
2947
1604
3167
1707
2083
2861
2874
2861
1546
2861
155
4947
4872
4101
4889
4101
1668
4302
2222
1409
4664
1409
1622
4757
4709
2987
4573
3793
1437
2123
4780
2720
4789
2720
2730
2720
915
916
263
248
1569
1848
4653
1848
4055
2636
2920
1416
1621
2150
1543
2150
4836
2753
3732
2753
2776
2504
4845
3671
662
814
765
814
1751
2454
1754
2454
2779
1094
246
247
252
253
1313
4150
3015
3972
2233
3972
3923
2390
4798
2390
3855
3638
183
48
667
638
3283
2615
1881
1973
1974
1973
3610
1359
2278
1359
3750
2767
2083
1926
1925
1926
3339
3051
4061
3051
2720
4735
4601
1270
1599
1270
48
1686
4341
3329
2442
1249
2453
2911
3629
2911
633
654
738
654
652
654
1613
1435
2125
1435
64
102
402
335
1225
2442
4383
2442
2664
2442
4358
2756
2505
2756
2467
3808
3034
3808
2383
1622
1530
1622
1642
1622
3118
1622
3110
1622
4649
2218
587
519
480
519
3247
3235
2226
3235
4630
3235
1414
3235
2149
3235
2268
3235
1555
3235
1551
3235
2265
3235
3613
3235
1803
3235
1515
3235
3808
3235
2210
3235
1597
3235
1894
3235
3811
3235
1475
3235
1512
3235
2211
3235
2124
3235
2060
3235
2582
3235
2291
3235
1133
3449
2498
3541
4882
3541
1524
3159
2516
3159
2702
3028
3510
3675
4441
3089
1494
2819
100
3580
1805
1873
1480
1873
4252
2026
602
601
3579
3209
4401
4093
2851
4485
2370
4485
4602
4485
4557
4485
1676
2806
3204
2806
1677
2806
2387
2806
149
158
1645
3758
4919
3758
3761
3758
1665
3758
436
435
250
435
1402
3216
3607
3216
1417
3216
1982
3216
2856
3216
1384
3216
2853
3216
3454
3216
2562
3216
1405
3216
1450
3216
1390
3216
1393
3216
3605
3216
3602
3216
2299
3216
4439
3216
3790
3216
2266
3216
1397
3216
3985
3216
2854
3216
4164
3216
2572
3216
1922
3216
2566
3216
2221
3216
1395
3216
2128
3216
2855
3216
3229
3216
2560
3216
1580
3216
1389
3216
2555
3216
3169
3934
648
839
824
839
397
391
290
391
3806
1831
1547
1831
958
1016
3900
3500
3815
2330
2126
4641
985
875
2411
1827
1546
1827
3248
2866
2800
2775
2499
3389
2499
3389
3828
4559
1333
1813
4356
2708
91
950
3882
3656
4075
3895
3518
3895
2487
3895
181
2697
2658
1590
2658
4771
2658
2476
2658
3894
2658
812
804
722
804
4873
3706
4337
3706
4443
3706
248
426
405
426
2512
3149
3165
3149
2510
3149
3484
4554
3295
4554
4572
4554
798
848
851
848
3387
3537
3389
3537
1388
1763
4827
4087
2507
4812
2185
4812
3941
3719
4841
3719
4175
2142
4656
2142
1733
1274
1790
1274
3882
3002
4759
3002
3697
3868
2816
3194
1062
1044
881
1044
4633
2907
4185
2907
4186
2907
3553
2499
2506
2499
3551
2499
3904
4749
1187
4158
4035
3853
3862
3853
809
661
762
661
627
661
4685
3047
3097
4763
964
917
3182
2771
2777
2771
3957
1135
1596
4921
4123
4921
1918
2933
2989
2933
3664
2933
2658
1394
2457
1394
2611
1788
2092
4002
2608
2210
1198
2579
3017
2090
3302
3820
4622
3820
3921
2693
3426
4944
4600
2160
4508
2160
608
748
268
241
3965
3564
1100
3564
1129
3564
3670
3667
4835
4825
4438
4825
1089
4825
3491
2450
2825
1116
219
225
223
225
3390
4385
4846
4385
4617
2991
1644
1643
4884
1643
1226
1782
1549
1782
3927
4272
4086
4071
36
666
4783
4744
2708
4744
3356
4744
45
1109
4470
2857
2574
2857
4322
2857
629
660
741
660
656
660
1174
1189
274
401
230
401
3750
1746
3949
1746
3262
2423
2706
2254
4822
2254
831
816
3896
4334
3101
4334
3829
1805
3021
1805
134
119
2886
4532
4540
4532
3102
3903
3035
3649
3334
3649
2556
4476
1442
4476
2922
4476
1598
4476
1725
4180
95
966
1423
1422
1750
1422
1266
1678
1477
1470
3256
1470
3886
4045
3825
4656
4613
1977
4361
1977
1607
3529
189
56
2793
2783
1113
2783
2867
1238
2576
1238
2479
2642
141
95
3370
4261
4797
4062
3696
4062
42
753
1519
1839
1575
1839
4858
1692
343
322
233
322
236
322
1230
2304
1902
2304
2209
2304
2589
2304
4665
2304
4601
2304
4571
2304
2062
2304
4678
2304
2164
2304
1533
2304
2432
2304
4594
2304
1184
2304
2241
2304
1711
2304
1599
2304
1217
2304
1805
2304
1470
2304
1594
2304
2058
2304
1787
2304
4643
2304
2430
2304
1886
2304
1471
2304
2428
2304
1967
2304
1480
2304
2584
2304
2193
2304
2917
2304
675
645
2319
1932
2085
1932
3147
3380
1090
4339
4065
4339
1537
1755
4007
2925
139
2778
2762
203
204
4347
1616
4387
1616
142
146
4894
4113
4034
4646
2472
3064
2256
1877
4626
1877
2665
2436
2938
4505
2564
4505
1816
4505
4003
4505
1813
4505
1659
4505
2418
4505
3349
2685
1179
1180
2877
1180
2306
1609
3493
1609
3377
1609
1703
1609
2034
1609
3032
3845
4617
4322
3991
4322
3298
4322
2824
4121
329
387
393
387
700
770
4212
1143
1136
1143
3864
1143
4217
1143
3317
3300
4246
1740
171
9
284
393
996
1011
2509
1635
2344
1635
2068
2224
1790
2224
1346
1559
2058
2415
1787
2415
1195
2032
3372
2079
1355
3438
4522
3438
1222
2590
583
517
473
517
1693
3341
3388
3341
1692
3341
1207
1701
3309
3014
885
1069
1072
1069
4931
2812
4918
2812
2176
2812
4919
2812
4923
2812
1665
2812
4913
2812
4462
3222
812
806
2752
3138
863
864
1640
2379
4885
4874
408
357
260
357
4700
4022
4941
4432
4564
1998
2123
1998
745
800
814
800
3457
4376
1731
2745
3932
2745
3140
2745
524
479
585
479
4610
2872
1413
2872
2900
2872
2270
2872
2281
2872
4470
2872
2340
2872
2065
2872
2073
2872
4577
2872
2940
2872
4689
2872
1401
2872
1912
2872
2939
2872
1264
2872
4578
2872
4615
2872
4543
2872
3716
4792
1303
4628
1278
1594
3573
4107
1174
1697
2477
3337
3956
1474
4111
1474
3755
1474
3338
3662
3074
3662
57
617
1399
3785
3457
2115
4367
2115
167
1826
1965
4342
1965
4223
2623
3961
2530
3385
3712
2753
3712
3135
3712
1037
885
2935
1443
2921
1443
3841
1881
3476
1881
3652
1881
472
474
1539
2650
4045
2650
3497
2650
3450
2136
4524
2136
137
94
3921
3364
4335
2996
3680
2996
2940
3243
4578
3243
2309
4345
3661
4405
3606
3589
2879
3589
3065
3683
3096
3080
3096
3080
947
967
1079
967
1155
1164
3822
1898
576
584
578
584
3885
4229
3681
4034
445
403
1897
1981
1567
1981
3621
2299
1603
2299
2254
4224
4813
4039
3910
4039
2721
4039
947
908
113
1122
16
232
802
735
685
735
862
863
2256
1865
1589
1865
253
340
404
340
1753
1752
68
3961
2949
1776
2908
1776
1545
1870
1479
1870
2434
3246
3998
3246
1500
3246
3650
3842
4710
4005
4696
3689
3605
3583
3985
3583
2600
1326
4273
3356
3031
2408
4632
2408
2312
2311
4794
3929
4410
3929
3726
3929
4349
2849
4528
2849
4348
2849
263
429
433
429
2512
4434
2764
4434
2668
4219
676
820
856
820
3653
4575
4393
4575
3006
4575
1166
1167
2897
1167
3686
3503
4846
4090
3423
3419
2328
3419
511
492
476
492
734
725
731
725
1394
1532
1402
4439
3607
4439
1417
4439
1982
4439
2856
4439
1384
4439
2853
4439
3454
4439
2562
4439
1405
4439
1450
4439
1390
4439
3794
4439
1393
4439
3605
4439
3602
4439
2299
4439
2266
4439
1397
4439
3985
4439
4164
4439
2572
4439
1922
4439
2566
4439
2221
4439
1395
4439
2128
4439
2855
4439
3229
4439
2560
4439
1580
4439
1389
4439
4035
4214
3862
4214
2529
4936
2530
4936
4120
4936
2528
4936
3409
3406
3189
3406
1727
2358
1224
2358
1604
2358
3452
2358
2405
2358
2262
2261
800
713
604
713
4404
4361
4650
4361
3258
1652
4195
1652
2972
1652
2599
2248
666
845
850
845
4807
3075
4806
3075
3415
1694
4898
1694
3520
3334
1430
1597
3887
4618
3675
4618
3875
4618
1744
3021
1743
3021
3039
3021
182
601
469
1151
3976
4344
2645
3693
2645
4234
2645
4715
2645
3312
2645
2660
2645
285
397
4449
4032
3677
4032
2638
4422
2632
2393
2967
2393
288
383
395
383
136
68
1554
1219
1598
1219
620
766
4629
1970
2114
1970
243
244
1801
2231
4547
2231
1615
1273
1732
1273
820
823
643
823
2802
2525
4899
2525
1914
4545
2075
4545
3765
3562
3421
3562
4642
4606
4641
4606
1724
1206
2032
1206
3256
1206
3451
4153
4606
4153
948
968
967
968
2537
4918
3208
4918
4122
4918
2690
1477
2925
1818
2979
1818
579
526
4000
3612
1150
1156
2854
3790
3664
2120
906
907
3124
2723
1618
1446
4173
1446
3070
4242
2334
3367
3124
4795
1914
2153
2242
2153
3178
2750
2391
2750
2360
2750
753
682
4067
3071
34
195
463
464
2603
2585
2164
2163
4773
4765
3842
1874
3264
1874
2617
1874
1506
3067
3480
3268
2690
2453
287
410
428
410
2593
1716
4713
1716
3920
3371
1748
3371
3131
3371
819
657
655
657
994
1065
377
353
259
353
1535
1640
4900
1640
619
796
766
796
803
796
1391
4534
2100
4534
1917
4534
1514
4534
1925
4534
1499
4534
1620
4534
1904
4534
1307
4534
4614
4534
2393
4534
4637
4534
4546
4534
2410
4534
1571
4534
1612
4534
635
810
721
810
1289
4131
4783
4332
4272
2472
4268
2472
3809
1709
2029
1709
3449
4147
3791
4147
3724
4276
4817
4276
4448
4276
1144
1146
1143
1146
4324
2420
2073
2420
77
23
43
608
1171
1175
270
269
4029
1659
4769
1481
3720
1481
4287
1481
4811
1481
4760
1481
3303
3850
1552
2227
1799
2227
1385
1386
3301
4681
4792
1735
4357
1735
3701
1735
4661
3295
3427
4915
4918
4915
4374
4539
4595
4539
948
906
1410
2266
2627
2930
4719
2213
3684
4461
2709
3017
4050
3017
3505
3017
2711
3017
4244
3017
4399
4760
4009
1601
2039
1601
2038
1601
3633
3823
1891
3823
1890
3823
1406
2093
2475
2690
2741
2690
4417
2690
1699
2690
1565
2690
3132
2690
1728
2058
4220
2058
2999
2058
3129
3106
3637
1498
1096
3749
3756
3749
4110
3749
4111
3749
4904
3186
1462
3186
1081
1080
945
1080
843
842
269
407
379
407
2614
4522
2388
4522
1308
2257
3712
3375
4692
4684
1590
1760
4248
1760
2694
1760
4288
2742
4921
2789
3535
3119
965
1083
1084
1083
2992
1974
1883
1974
3315
4445
2697
4445
4771
4445
2476
4445
4233
4445
4731
4445
2772
4872
2772
4872
4011
1578
3845
1578
3745
2182
2787
2182
3758
2182
4307
4305
4915
4305
3568
4305
1161
1171
1696
1171
439
432
251
432
4612
1465
2843
1465
2275
2333
4611
2333
1587
2333
4657
2333
4638
2333
2575
2333
2212
2333
4698
2333
4584
2333
2219
2333
4619
2333
1990
2333
2866
2333
2090
2333
4658
2333
1459
2333
1804
2333
2091
2333
4691
2333
4468
2333
4639
2333
1758
2333
4690
2333
3824
2333
4173
2333
345
300
191
300
150
101
3655
2969
1038
1072
1035
1072
4219
4689
2324
4689
3481
4689
4594
1810
2584
1810
3821
2307
315
312
278
312
1802
2108
2207
2108
4777
3056
4777
3056
1553
1592
2896
1592
2189
2188
4934
4920
3125
3362
3379
3362
3122
3362
3690
3044
2135
1332
1511
1332
4692
3836
4651
3252
2962
3252
1391
2904
2243
2904
1388
2904
1917
2904
1514
2904
4613
2904
4523
2904
1925
2904
1499
2904
1558
2904
1904
2904
1307
2904
4551
2904
1525
2904
1485
2904
1572
2904
1881
2904
4361
2904
2393
2904
2093
2904
1974
2904
3252
2904
2411
2904
4637
2904
4576
2904
4546
2904
2121
2904
2410
2904
1571
2904
1612
2904
1916
2155
1541
2155
126
4948
1105
2679
1137
2679
3326
2679
1195
2593
4403
4402
2269
4402
4748
2461
4429
1101
4787
2445
548
449
670
693
3251
4598
3460
4598
4680
4598
1394
1397
2240
2239
2956
1526
299
215
2599
3985
975
1085
1086
1085
166
613
614
4848
4815
1664
2205
3511
3664
4751
3664
3332
3664
1544
3567
2346
3567
3843
3815
4605
3815
2086
2085
4952
2511
2889
1646
1855
1646
2895
1646
1727
1646
2067
1646
1613
1646
2898
1646
1224
1646
4491
1646
1866
1646
4668
1646
2573
1646
4553
1646
2916
1646
1630
1646
1523
1646
2259
1646
1604
1646
2123
1646
1616
1646
1916
1646
2061
1646
4640
1646
2125
1646
2084
1646
2882
1646
2888
1646
4418
1646
1875
1646
1541
1646
1937
1646
296
207
4669
2838
4809
1183
1182
1183
3056
1183
1321
2854
2394
2854
3238
2854
4117
3412
4901
3412
184
2530
4110
1143
1140
1134
1140
3880
3303
3048
3303
3073
3303
4724
1743
975
918
3733
3941
451
523
3854
4199
2218
1824
4684
1824
2217
1824
4111
1092
175
301
262
269
262
390
262
4717
1212
2288
1212
4726
2608
1265
2608
2784
3556
3539
3383
4853
3534
1922
1452
1580
1452
852
847
823
847
2375
4472
1920
4472
1536
3900
3100
3900
1483
3900
1157
1162
1161
1162
677
764
4627
2558
4600
2558
4570
2558
3806
2558
1547
2558
2122
2558
2135
2558
1511
2558
1585
2558
3816
2558
4642
2558
4599
2558
4471
2558
4629
2558
4641
2558
4559
2558
4554
2558
2085
2558
1632
2558
1909
2558
4677
2558
1897
2558
1516
2558
2054
2558
2114
2558
1629
2558
3805
2558
4508
2558
3827
2558
1567
2558
3818
2558
2220
2558
2427
2558
3614
3606
288
381
3767
3197
2326
3197
1111
3197
4030
4194
2289
4778
4737
2325
1683
2325
4945
1473
700
705
2624
4183
4726
1277
4744
1277
2440
4586
13
2780
3621
3619
2055
4164
1215
1722
2642
1722
1662
1722
3858
1378
2636
1378
4062
1378
2190
1378
4056
1378
167
108
2637
1281
1789
1281
86
675
3205
3201
3043
3495
4318
3495
3423
3575
125
4949
3890
2466
4758
2466
1221
4502
4472
4502
1144
1152
1149
1152
1142
4138
185
57
2340
3240
2942
3240
4164
1392
1389
1392
233
292
333
292
2089
3468
3645
3468
3644
3468
3090
3680
3916
3680
4714
3083
185
804
794
614
794
369
351
366
351
3741
3937
2127
2272
2274
4169
2893
4169
249
434
436
434
2518
4852
4296
4852
4469
4177
861
1010
1012
1010
174
185
40
3291
2620
1910
3779
1989
3779
4411
2984
1210
2533
86
280
2708
1265
4334
1265
3356
1265
1735
1265
4263
1265
1734
1265
4810
3112
4857
3112
2387
3192
1597
1440
2582
1440
3572
3571
4877
2507
3174
2507
2675
2653
3964
2176
3209
2176
1494
2176
1675
2176
3058
4709
4762
4709
3059
4709
3654
2899
1627
2899
4422
2899
79
18
2356
2736
4355
2736
2523
2736
1227
2385
4442
3738
3951
3738
2206
1298
2915
1298
3265
1401
11
4372
4665
2145
1533
2145
21
952
3527
4704
2492
4704
3526
4704
1686
1097
3186
3178
2697
2457
3075
2457
3077
2457
4782
2457
2037
2457
55
620
3819
4568
1547
4568
2122
4568
1379
4568
1585
4568
2054
4568
1629
4568
3827
4568
3818
4568
4049
3062
294
201
4297
1586
4821
1586
2768
1586
3180
1586
4296
1586
2797
2764
3155
4285
2725
2715
147
818
628
4247
1821
1718
3603
1719
3603
1458
3949
2313
3226
3032
1346
4359
1346
2660
1346
433
405
3249
2009
4543
2009
4709
4209
3009
3267
4005
2942
2984
2942
2479
4785
3426
2016
89
943
3018
3483
1249
4425
3787
4425
3327
4015
3850
4015
4356
3068
3356
3068
4263
3068
2
2829
737
723
796
723
4054
3018
3047
3018
1277
1552
2924
3434
2876
3434
372
358
364
358
2604
2066
1281
2293
63
966
932
968
932
2562
1373
2560
1373
3819
1959
1516
1959
4364
4363
2068
2228
1801
2228
1605
1632
4701
4204
992
1052
901
1052
3917
3095
4933
4917
3187
2035
3566
2035
740
715
682
715
1824
3978
4615
3978
272
334
4718
4616
3329
4616
860
990
4259
3319
4579
3462
1098
1577
1464
1674
4631
1916
3316
1916
1730
1234
2745
1234
4224
1234
3856
1234
1729
1234
2253
1234
687
637
2651
2625
3544
4412
2501
2361
2462
4352
1185
4151
2581
4151
392
384
1308
2258
710
808
657
808
672
767
3354
3306
2687
1497
4530
4127
2285
4664
2939
2251
4543
2251
4456
4608
2371
4608
2058
2057
2298
1909
3004
1909
598
459
4889
3173
1379
2545
849
844
641
844
16
899
1569
1859
4415
1859
1792
2107
1588
2107
2607
4669
1403
4677
550
454
3113
2187
1517
1426
2242
1426
2368
2411
4646
2411
3839
2411
3026
2308
2032
3256
2032
3256
2881
1935
3463
1935
707
604
2750
2730
3635
2133
96
944
196
197
2377
4457
82
4100
4763
2890
3995
2890
2948
2890
3353
3512
3383
3512
2877
1168
2891
1168
3809
2572
2029
2572
440
431
432
431
3484
1894
2661
1894
4635
2433
4092
4070
347
395
397
395
341
354
376
354
3345
4052
801
797
609
797
3244
1540
2215
2960
138
42
1907
4699
4352
4699
3678
4699
2961
2407
223
224
4949
1126
914
970
983
970
2490
2485
2318
4525
1459
2111
1804
2111
4329
2191
4091
4278
655
747
1243
4133
2266
2247
2221
2247
1252
2061
1901
3830
3043
4683
3501
4683
2682
4683
4937
1501
2475
1195
3079
1195
4417
1195
1699
1195
2707
1195
1689
1195
609
610
2556
2357
4493
2357
4396
4694
4211
3275
4688
2923
1384
1769
2572
1769
3321
4463
302
191
4252
4055
2027
4055
4232
3010
4397
2950
3055
2950
4057
2950
4718
2950
4341
2950
2512
1581
2766
1581
2759
1581
3349
3889
4423
1670
3203
1478
4905
1478
4907
1478
28
2827
4315
3168
3395
2067
1286
4418
1286
3173
3729
4292
3729
2072
4512
2314
4512
4470
1994
2942
1994
2422
2366
2861
2366
2093
2366
1546
2366
671
818
750
818
4088
3134
2619
1598
1701
1598
3275
1598
3634
2202
190
302
3854
1492
920
925
1077
925
3002
3271
3378
3368
3708
2353
3533
2353
2735
2353
3382
4357
4564
2320
1660
4640
4004
1817
3294
1817
2605
1817
752
771
4085
1565
338
310
320
310
4566
1352
4625
1352
1171
3232
3145
4856
3155
4856
3144
4856
694
765
722
765
611
765
3900
3024
3156
2493
288
382
217
382
186
34
180
1910
2561
3800
2561
2875
2561
1801
2561
1582
2561
4547
2561
1733
2561
4656
2561
2908
2561
1978
2561
2876
2561
4655
2561
3802
2561
2242
2561
4612
2561
1790
2561
4524
2425
2930
2425
2529
2022
2774
2022
941
1024
1014
1024
864
1024
4362
2699
4778
2699
2484
2699
4198
4184
3210
4919
1473
4919
2979
2936
2164
1377
1533
1377
4719
2214
1405
4596
2299
4596
831
695
4576
3804
3739
3938
362
349
319
349
69
4120
718
792
688
792
652
792
3764
3754
2285
1546
348
217
481
544
2955
2072
3638
4189
2623
4189
4824
4805
623
624
4213
3467
1496
1203
1193
1203
3603
1203
3054
2611
3648
2611
2633
2611
4452
2611
3477
2611
2063
2611
4369
3283
3851
3283
4235
1626
295
205
1278
2915
1855
1844
2895
1844
2438
1922
4012
1922
1638
3995
3623
3456
3250
3456
2926
3456
3628
3456
3462
3456
3262
3456
1694
2508
2360
2508
2596
2841
383
260
381
260
214
260
1073
1063
1072
1063
4280
4260
1706
4260
4442
3403
3951
3403
1640
3403
2483
3312
3472
3262
3114
3519
1648
4265
2705
3880
3607
1432
3229
1432
4769
1573
3933
1573
3930
1573
4811
1573
4760
1573
2353
4392
4013
4181
1109
4181
2739
4776
3888
3506
4254
2458
102
1098
4868
3177
3541
4832
2938
4588
2965
4588
70
2800
2657
3634
4663
1297
2205
1297
3166
3737
641
846
850
846
4904
2345
1462
2345
794
703
795
703
3090
1301
3918
1301
3897
1301
3094
1301
3170
3741
4903
3741
2641
1398
3852
1398
4028
1398
4340
1398
544
521
2867
1784
2887
1784
4023
3475
3303
3475
4125
3960
3801
2566
1097
2566
4888
3181
950
901
46
673
4698
3595
1559
4136
2431
4136
1103
4295
181
35
1457
1132
285
290
436
433
282
433
4570
1365
4554
1365
2485
3700
4736
3700
2728
3700
2726
4742
2183
3103
2762
3103
2184
3103
1814
1340
1975
1340
522
554
450
554
1647
2837
2570
2837
2148
2837
1697
2043
3427
3568
3957
3568
869
980
986
980
1128
3965
4449
2285
4036
2285
3677
2285
4230
2285
474
576
120
13
877
1032
1016
1032
936
1032
87
282
1726
3799
2915
1292
2196
1292
1484
3471
2764
3165
2570
2553
2148
2553
2380
2704
4767
2704
4234
2607
4715
2607
2701
2607
4236
2607
2660
2607
1507
4719
1901
2879
2618
2196
904
1002
1065
1002
615
795
804
795
802
795
374
352
314
352
3416
2520
4897
2520
3337
2633
3205
4886
3417
4886
3194
4886
3963
4886
4456
2372
2126
2125
1684
1381
2325
1381
148
103
617
618
4239
1278
2050
1278
2459
1278
1267
1278
3830
4566
3465
4566
2465
3864
1135
3864
2710
3864
1114
3198
2240
1486
30
211
3223
4492
2844
4492
1177
4492
1481
4714
2271
2654
3057
2654
3239
2557
708
630
301
379
811
762
657
762
2898
1943
2882
1943
2693
4729
3364
4729
3883
4729
4467
2604
4228
2604
1740
2604
3892
2707
193
194
3713
4074
2332
4495
2322
2536
2818
4923
4929
4923
4300
4103
2023
4103
2019
3761
4638
2130
2993
2130
4091
2733
153
127
129
284
392
1531
1828
4610
1828
3270
2893
220
221
4876
2342
2776
2342
1649
2342
4866
4845
3888
3867
3637
3811
4951
2515
265
245
772
744
693
744
2295
2221
4001
2221
4002
2221
2757
3349
3390
3349
3389
3349
2499
3349
4090
3349
3141
3349
40
961
1721
1229
1527
1229
813
802
722
802
407
337
262
337
3156
3538
543
534
447
534
2561
2554
2700
2657
4752
2657
3318
2657
4808
2657
639
640
3090
4724
3918
4724
3094
4724
3365
4067
2496
4079
4885
3170
1516
1946
3818
1946
3879
3031
2463
3031
1225
2666
819
815
623
815
767
815
818
815
4623
4360
2348
4360
3020
4360
594
520
871
1029
940
1029
1067
1029
2937
1787
1638
1787
2486
2290
2731
2290
1419
4637
186
43
2667
3641
3199
4906
4908
4906
2809
4906
1578
1370
4670
1370
141
41
4736
1522
3692
1522
2705
3048
4601
1259
1967
1259
3710
3695
4093
3695
4070
3695
4802
3695
3522
3695
4077
3695
4321
1335
4506
1335
4787
2908
2672
2908
940
999
980
999
4788
3856
3768
3429
1123
4924
3967
4924
2539
4924
2586
2858
3807
2858
3813
2858
3704
3906
3706
3906
2772
4292
4872
4292
2024
4091
4103
4091
4679
2834
3608
3600
820
850
702
850
330
399
347
399
348
399
206
399
2049
2046
2283
1309
4675
1309
3542
3919
1860
1851
2865
1851
3037
3480
3869
3480
3306
3480
4366
4365
3506
3668
1301
1316
3808
2169
2291
2169
4338
2795
2803
2795
2349
4395
3268
4643
2651
4643
3149
2350
4434
2350
2583
1847
1468
1847
969
1067
1015
1067
4237
2988
4467
2988
3860
2988
4228
2988
1740
2988
2663
2988
2825
3766
3159
2323
60
402
445
402
4368
3875
2286
1673
1558
1986
1904
1986
4355
2768
2525
2768
2755
3129
4760
3129
2474
2982
4740
2982
3669
2982
1263
1791
2192
3734
1103
3734
2194
1294
2293
1294
3890
3637
4758
3637
3846
3637
4755
3637
3670
3637
662
812
340
437
443
437
3545
4822
1561
4822
2769
4822
1091
3174
3756
3174
3755
3174
4000
3992
1179
4156
4174
4156
3502
2661
3329
2661
1381
3833
3871
3833
2729
2479
1702
2479
4085
2479
3132
2479
4863
2479
3115
4460
2474
3027
4740
3027
3669
3027
998
982
900
982
2478
4761
651
805
2321
4097
3410
4896
2783
4896
4764
2920
3285
2920
2449
2920
2454
2920
4720
2920
1823
2920
3361
4839
4567
3807
4504
3807
2194
3807
1615
3807
3820
3807
1526
3807
2385
3807
2293
3807
1543
3807
2315
3807
1574
3807
4552
3807
2288
3807
4733
3807
1589
3807
3021
3013
4649
2217
4042
1374
2119
1374
3314
1374
1915
1374
4010
1374
4378
1374
2962
4680
3473
2953
2964
2599
1915
2599
4010
2599
4193
2599
1685
3871
606
607
1171
2430
1064
991
905
991
465
504
466
504
272
227
698
750
3418
3757
3417
3757
2527
3757
3844
1543
395
389
218
389
4868
4834
1531
4130
4615
4130
1291
2963
276
331
742
658
716
658
630
658
1279
1802
4631
3289
2622
1726
2726
2711
2629
1886
4223
1886
2257
4465
2921
4465
3472
3464
4779
4073
946
909
705
634
4785
3629
65
2542
4659
2315
2429
4325
3291
1570
3486
1570
2377
4478
3369
3883
1723
3441
2911
3441
1665
3549
3098
3338
1487
1698
596
518
2751
3137
669
817
749
817
770
817
771
817
768
817
3340
4249
3540
4772
3196
2803
1115
2803
3960
2803
1613
1997
1541
1997
3637
4658
3688
4244
4273
4263
44
755
945
911
2665
2336
291
320
387
320
3429
1665
3272
1814
4046
1814
1551
1952
2582
1952
3179
3400
3207
3957
1670
3957
39
276
642
643
2530
4111
1678
4312
644
798
856
798
3867
3005
3668
3005
3492
3005
375
355
322
355
396
394
284
394
4332
4452
474
499
1301
2945
2213
1897
3301
1897
1195
2672
2511
1509
3746
1509
3088
4648
3083
4648
4693
4648
3676
3862
4339
3862
1507
3825
3305
3825
3300
3825
4018
3825
3430
4123
2901
1200
4667
1200
402
444
2135
4515
4554
4515
1079
930
908
930
4777
3280
3482
3280
3056
3280
213
214
1407
1516
1924
2404
3241
2404
1510
2354
1939
2354
1521
2354
4593
2354
2197
2354
1442
2354
1911
2354
4609
2354
1231
2354
4666
2354
2297
2354
1545
2354
1479
2354
4501
2354
1652
2354
2425
2354
1316
2354
1791
2354
1802
2354
4415
2354
1519
2354
2207
2354
4670
2354
1811
2354
1556
2354
4526
2354
1575
2354
1756
2052
3913
2052
1755
2052
3697
2052
4753
2052
4382
2490
3700
3912
894
895
3475
2244
179
100
2794
1681
3076
3039
513
494
4628
1322
1526
1322
133
89
1302
1459
3806
2099
3827
2099
3575
1535
3198
1535
3422
1535
3357
2955
1744
2955
4765
2955
1743
2955
3519
2955
3039
2955
324
376
226
376
229
376
1231
1241
1519
1241
1557
2725
3939
2725
4178
1978
709
627
2520
2399
1609
1237
4224
1237
3856
1237
2253
1237
2671
4582
3899
4582
3047
4582
1210
1677
79
2628
1574
858
857
645
857
1302
4626
3622
2885
3336
4378
547
572
596
572
2055
2054
3196
4117
3420
4117
4906
4117
1668
1494
754
768
811
807
628
807
329
385
392
385
3672
4012
3500
4012
3024
4012
1420
1940
3017
1940
2299
3772
2221
3772
1911
1992
1578
1992
717
789
762
789
4871
2184
4624
2104
2396
2104
1253
2550
3811
2550
2060
2550
3305
1901
3300
1901
3349
1901
4018
1901
2525
2523
4662
2976
969
1068
580
485
3003
2630
599
596
1059
1049
895
1049
1060
1049
444
404
279
404
1438
4552
1321
1343
2394
1343
3238
1343
4790
3703
3117
3703
3119
3703
4741
3100
1382
2040
3833
2040
2597
1878
1583
1878
1235
4415
2364
4025
3500
4025
3024
4025
3052
3489
3005
3264
273
230
334
230
32
959
697
689
4846
3141
456
515
539
515
595
515
4567
2279
2256
2279
2232
2279
2883
2279
1621
2279
2912
2279
2194
2279
4172
2279
4542
2279
2300
2279
1615
2279
1504
2279
2401
2279
2316
2279
3820
2279
4628
2279
1526
2279
2385
2279
2293
2279
1486
2279
1543
2279
1570
2279
1574
2279
4626
2279
1732
2279
3015
2279
4717
2279
2288
2279
2384
2279
4733
2279
1589
2279
1194
2279
1619
2279
4179
2279
2243
2001
4523
2001
3370
4257
4319
4802
4585
3437
159
4952
967
972
907
972
801
733
610
733
664
733
4046
4235
4623
1892
4409
1892
324
342
227
342
1036
996
937
996
1614
1732
1112
3963
1552
1796
2046
1796
168
59
4708
4428
3336
4193
3030
4018
4017
2038
2719
1506
3928
1506
4833
1506
4087
1506
3106
1506
4723
1506
4025
4576
3474
4576
275
213
3624
2414
1990
2414
1163
1177
3232
1177
3705
3098
4274
3098
4776
3098
3036
4632
3724
4788
4817
4788
4448
4788
118
2531
1739
1634
2284
3297
1739
1737
653
826
736
826
1800
2225
2065
2225
459
500
460
500
231
380
391
380
1227
1519
655
763
764
763
1614
1262
3043
2651
3501
2651
2682
2651
951
894
2763
4858
4293
4858
131
116
1512
1880
2211
1880
1175
3432
1186
3432
1469
3015
3313
3015
3309
3015
2808
3573
1111
3573
3201
3573
4456
4006
2296
3065
2643
4717
1700
4717
658
712
825
712
1146
2587
3072
2684
2706
2684
3509
2684
58
958
3266
2924
3283
2924
3033
2924
2471
1403
4036
1403
3677
1403
4230
1403
1866
1312
2916
1312
964
1084
1085
1084
3515
3844
3693
3844
3331
3844
2699
3844
3312
3844
2791
4885
2533
4885
1677
4885
2786
4885
3160
3922
4793
3922
1506
3036
472
529
1759
2096
2200
2096
550
451
58
208
1378
1456
2650
4605
3725
1467
4676
4250
3962
3203
62
6
5
6
4
6
989
971
4464
4546
4208
4546
3277
4546
3838
3626
3284
3626
2081
3626
2929
1283
2340
1283
1904
1980
1525
1980
2344
2305
1939
1938
469
575
3351
1754
2350
1754
136
3166
3546
4511
3975
149
3911
3081
3543
3081
4266
3081
750
683
4462
2548
333
236
4814
2339
2400
2339
2824
4939
3139
3377
3033
2255
4089
4796
4084
4796
772
739
83
25
4019
4201
4428
4201
1303
1804
4075
3352
1231
1232
1554
1232
1476
2628
4369
2628
2059
2628
2640
2628
3503
2628
3023
2628
952
893
4544
4528
4621
4528
1552
4528
944
912
4856
2482
4284
4275
1104
4275
3399
3943
2178
3381
4216
3278
3494
3278
2205
1864
1583
1864
3703
4766
4782
3077
4782
3077
3639
2602
3641
1198
1698
1198
2451
1198
2687
1198
3990
4171
4225
3486
2680
3486
530
578
4821
2488
4815
2488
3740
2488
950
998
4807
4058
4806
4058
2453
2276
290
326
1280
1799
3316
3292
1198
1471
3231
1165
1152
1165
838
649
637
649
59
979
138
70
93
270
2165
2172
2238
2172
1644
1568
4884
1568
2526
4888
3759
4888
2791
4888
3762
4306
4520
4446
4478
4446
2040
4446
1319
4446
4206
4187
3819
1964
2220
1964
371
350
370
350
706
793
652
793
1380
2396
3133
3365
242
413
417
413
1701
1700
3905
3340
3906
3340
2286
1103
691
626
2719
2463
3106
2463
4723
2463
3695
4318
1246
2591
3307
2647
620
621
2035
2513
4842
2744
2494
2744
3129
4723
997
1066
1013
1066
1491
1595
2741
3132
2741
3132
3413
4855
4306
4855
2821
2527
1506
2979
3051
3301
2669
3301
3025
3301
4732
1741
4063
4711
4257
4711
4747
4711
4354
3398
3462
3784
3646
2114
3652
2114
2607
1475
275
299
1166
1181
2588
1181
135
24
3017
2918
696
692
3130
4441
3381
4441
4437
4441
4388
2669
1300
1512
4804
3859
1579
3859
3110
3859
115
3426
593
527
553
527
2583
1256
2892
1256
3939
3935
3704
4359
2473
4359
4251
4359
4788
4213
2253
4213
4936
4354
4346
4354
3054
2049
4258
2049
4332
2049
3068
2049
2633
2049
1566
1306
1290
1306
4704
3497
2565
2331
1657
2331
79
20
3103
4808
3920
3909
2738
3909
2606
2428
639
824
845
824
1688
1173
3128
1173
4275
1173
1671
1173
187
38
1822
4221
4033
4221
4039
4221
4773
3042
3519
3042
1746
4816
3552
4816
2458
1319
4227
1319
4396
1319
1125
1462
2817
1462
3195
1462
4905
1462
2100
2102
1612
2102
1493
3577
1491
3674
3922
3916
4828
3916
4175
3234
3614
3986
3399
3373
4409
2348
2672
3632
2244
4162
3196
4901
3200
4901
1681
4860
3743
4860
3743
4860
2667
2451
2335
2539
1223
2455
2529
1095
2774
1095
4949
4937
3615
2147
2878
2147
2300
2161
1543
2161
1403
4673
899
900
3403
3552
3403
3552
3861
1434
3642
1434
3684
1434
4244
1434
4037
1434
3870
1434
1573
4730
4469
2614
192
193
3700
2717
4744
2990
4231
3998
1651
1267
4333
1267
2045
1267
1735
1267
1734
1267
601
471
1660
4585
2863
4585
29
2770
183
1104
4080
4741
1483
893
981
1018
981
4271
4268
3834
3821
3273
3821
1408
2091
598
463
162
110
4881
2505
3175
2505
2052
1603
1925
1949
4637
1949
1306
2211
3427
2387
4925
2387
1645
2387
4921
2387
4920
2387
2287
2387
4916
2387
1214
1226
4269
3346
189
32
1745
4697
4735
4697
2715
4697
879
1019
1069
1019
936
1019
1694
2391
3953
4298
605
606
1204
2288
2743
4840
2616
4667
3255
4667
2610
4667
4940
4124
3310
4541
2088
2087
2088
2087
4351
3817
2976
3817
3409
3565
3320
3023
2208
2207
949
997
1722
4679
2860
4679
3366
2476
4801
2476
1345
2596
4243
3492
2599
2910
937
969
3079
3050
1188
3050
2707
3050
1689
3050
31
962
2889
1271
4418
1271
4562
2233
2964
4459
4403
4890
2269
4890
173
4630
1368
2149
1368
3920
2721
1748
2721
3131
2721
4212
1134
1132
1134
4026
1134
4217
1134
4382
2282
2739
4454
1486
3598
2384
3598
2919
2860
4423
3968
1523
1889
1616
1889
1604
4129
3345
3670
3936
3073
3908
3073
4068
3073
2676
3478
2645
4674
2152
2151
549
457
4600
2157
4471
2157
2371
1395
2372
1395
4006
1395
4384
3286
2664
3286
3489
3286
2859
4703
2442
4703
4276
1729
1529
2447
4921
4911
4913
4911
2165
2313
2283
2313
1826
2313
1617
2313
1792
2313
4342
2313
4587
2313
1588
2313
2238
2313
4654
2313
1742
2313
4675
2313
2365
2313
3987
2313
4583
2313
2878
2313
2408
2313
1498
2313
4598
2313
4586
2313
2072
2313
4588
2313
2879
2313
3986
2313
4673
2313
1441
2313
3609
2313
1820
2313
1941
2313
2314
2313
4671
2313
2968
2402
2625
2402
3480
2402
2939
2166
4578
2166
1894
3581
1817
3581
1499
1830
1620
1830
2285
4691
4318
3501
2820
2327
4917
2327
2804
3195
84
279
1791
1275
4415
1275
1826
3769
1639
2128
4184
2128
4187
2128
4040
1989
4652
1989
2329
4286
1662
4207
3719
3126
3408
2774
4102
4864
2504
4864
1649
4864
3182
3168
2515
3168
4440
3168
3183
3168
406
411
305
411
4797
3894
3696
3894
4389
2263
2051
2263
4781
2263
1631
2263
4051
2263
3876
2263
1071
1061
898
1061
581
580
3393
3540
2052
3681
2065
3459
1264
3459
3068
3322
961
1015
1017
1015
567
516
543
516
499
516
447
516
3538
3535
4860
3535
3104
4259
4752
4259
4808
4259
743
679
738
679
2807
4910
1676
4910
4912
4910
3468
3241
2270
4498
4577
4498
2790
2518
2522
2518
2977
1912
4199
1912
1492
1912
4800
4341
3106
4341
1334
4142
2668
2324
2065
1862
2257
1862
2218
1825
4684
1825
2217
1825
206
296
901
902
1077
1034
2823
3200
76
446
3560
2777
2781
2777
2490
4736
2637
1280
1267
1280
1730
3516
2732
3516
1729
3516
4630
1983
1515
1983
530
581
870
1004
1067
1004
3357
4254
4765
4254
3519
4254
4066
4253
4265
4253
2724
4253
3111
3897
1736
3897
2509
3897
2305
3897
2513
3897
4826
3897
169
4260
3509
4870
4848
4883
4848
3748
4848
4743
2204
3680
3665
2089
3814
1434
2084
4311
4114
2519
3952
2785
3952
2524
3952
3265
1400
1617
2012
1941
2012
1079
993
4309
4891
1093
4891
2528
4891
1424
2939
1081
929
911
929
2870
2855
2426
2855
2906
2832
2897
2832
3350
2696
2960
1441
1641
1441
4197
1441
1222
1549
1745
4368
4735
4368
2715
4368
3915
3698
3551
3698
2343
3698
464
503
463
503
4323
1338
2940
1338
2615
2905
2255
2905
4435
1137
1135
1137
2386
3045
4063
3045
4774
3045
3926
3045
4753
3045
2661
4572
1487
2621
3641
2621
2451
2621
2394
2444
4645
2444
2561
4486
4342
1962
1498
1962
3265
1629
2642
4190
1917
2154
4546
2154
4313
4119
2810
3570
1107
3570
1678
3570
3763
3570
4582
1883
1182
3892
180
160
4620
2144
1903
2144
2519
2510
4869
2510
2503
3732
3947
3732
3572
4900
4118
4900
3419
4900
3198
4900
4433
4861
4298
4861
4610
3796
2281
3796
4577
3796
4543
3796
3367
4398
3368
4398
3177
2765
1134
1141
1488
2714
3557
2714
3715
2714
2723
2714
3559
2714
3650
2617
2454
4720
2454
4720
4627
4602
4677
4602
4240
1437
4770
1437
4022
1437
4727
1437
2441
2876
2638
2876
2296
2199
104
4950
4746
3878
581
497
581
497
1438
1489
133
117
2677
2985
3282
1264
3322
1264
3070
1264
553
481
2800
2798
3837
2384
4892
4882
3400
4882
2798
4882
1754
2460
2380
3343
4371
1100
1704
1703
1704
1703
1646
2569
3061
4041
3880
4041
3048
4041
3360
3901
4750
3901
90
266
2813
3959
2810
3959
2787
2781
2789
2781
140
50
1281
4468
137
594
592
601
592
3679
3494
3411
3954
4311
3954
4835
3940
39
960
1713
1772
1720
1772
4255
4247
4060
4247
4749
4247
4591
4386
1230
4386
1902
4386
2209
4386
4665
4386
4601
4386
4571
4386
2062
4386
4678
4386
2164
4386
1533
4386
2432
4386
4594
4386
1184
4386
2241
4386
1711
4386
1599
4386
1217
4386
1805
4386
1470
4386
1594
4386
1787
4386
4643
4386
2430
4386
1886
4386
1471
4386
2428
4386
1480
4386
2584
4386
4516
4386
1968
4386
3274
4386
2193
4386
3242
3237
4076
4782
4796
4782
1033
1022
917
1022
4059
3677
4931
3574
4916
3574
678
859
3123
4826
4734
4231
3914
4231
2079
4231
698
709
172
7
1628
2773
4104
2773
97
945
1508
1919
2647
1919
1529
1919
459
460
2645
4655
3023
3851
240
390
306
390
3993
1967
1300
1480
3335
4046
238
255
306
255
289
255
156
1668
4761
3316
4378
3316
1346
1906
3722
4083
3344
2691
1924
4328
4509
4328
4329
4328
2222
4328
3453
4328
1355
4328
4374
4328
2273
4328
4455
4328
4321
4328
2200
4328
4580
4328
4624
4328
1416
4328
1559
4328
2248
4328
1709
4328
1386
4328
4664
4328
2040
4328
1456
4328
1319
4328
1429
4328
4548
4328
668
636
1227
1600
1282
4475
4698
4475
4468
4475
3788
4475
833
830
636
830
3945
4094
4878
4094
2521
4094
271
333
4722
3309
3673
3309
4048
3309
2980
2931
4682
2931
3415
4895
4898
4895
195
328
3925
3370
4825
3370
81
4099
4319
3522
4466
3259
1482
3335
3099
3335
3528
3335
3121
3335
4392
3335
4870
1695
4883
1695
2401
1856
1574
1856
1718
4733
1496
4733
1719
4733
1639
1429
4206
1429
3744
2747
772
631
670
631
551
533
572
533
3088
2644
4714
2644
2589
2421
4386
2421
51
752
2973
2318
2080
2318
4250
2318
4566
2117
3986
3787
4674
3787
3844
4670
4407
4837
2216
2993
2215
1641
2797
2524
3009
2958
4678
1349
4643
1349
1919
2006
4578
2006
1608
3229
4167
3229
1751
1538
1752
1538
2460
1538
821
831
668
831
4929
3946
4927
3946
1126
3946
1163
1170
2609
4518
4643
4518
1118
4908
2815
4908
4914
4908
4520
4506
4920
2019
3907
2702
4725
4645
2680
4645
3028
4645
3092
3074
129
2826
2676
4210
4380
1867
3999
1867
2650
1811
3018
1811
1071
1060
1070
1060
662
813
1762
1761
2988
3828
1588
2069
1742
2069
3286
2948
23
956
4707
3008
1514
1956
3252
1956
345
316
302
316
4946
4943
332
400
307
400
308
400
232
400
333
400
2907
3802
905
931
968
931
2208
1289
3731
3726
3930
3886
3728
3886
3919
3886
4951
1464
1419
2882
4620
4375
1896
4375
4367
4375
2206
4375
1520
4375
2894
4375
2901
4375
1788
4375
1164
4375
1818
4375
1156
4375
1175
4375
2899
4375
4669
4375
2890
4375
2915
4375
2196
4375
1226
4375
4667
4375
2402
4375
1549
4375
1600
4375
1867
4375
4343
4375
2914
4375
1903
4375
1216
4375
2884
4375
2302
4375
1186
4375
979
924
423
418
419
418
4230
1757
4816
3543
2983
4634
2262
2260
3792
2369
2370
2369
4549
2310
1860
2310
2864
2310
2867
2310
2580
2310
4621
2310
2865
2310
1812
2310
2877
2310
2873
2310
1720
2310
4589
2310
2578
2310
4569
2310
4168
2310
2579
2310
1552
2310
2258
2310
2046
2310
1799
2310
2424
2310
4563
2310
4174
2310
2576
2310
2869
2310
1605
4639
2197
1807
1316
1807
808
729
767
729
624
729
3576
4905
3206
4905
184
31
3376
3374
456
488
539
488
544
488
30
957
2597
1871
1490
1871
1228
2888
1547
1833
1629
1833
4587
4561
4671
4561
1576
2728
1469
1975
3313
1975
3014
1975
2854
3791
2440
2121
2199
3294
1735
1734
1584
1637
1610
1637
4942
1637
4948
1637
1577
1637
3429
1637
4937
1637
4943
1637
1464
1637
4941
1637
631
746
420
417
4648
4622
3705
4700
4274
4700
4454
4700
1696
1174
1173
1174
220
223
2268
2417
2423
2417
1605
2863
4032
4028
2611
4418
3933
4069
3930
4069
3919
4069
3516
3070
3891
3673
2389
4406
3210
4406
1637
4406
4935
4406
912
1054
1082
1054
3425
4898
1119
4898
47
668
4861
2751
4837
2751
3735
2751
4094
4077
4431
4346
2327
4346
812
803
813
803
1128
1129
2856
1766
1390
1766
139
93
2216
2927
4398
4751
2495
2687
4847
2687
2707
2687
2198
2584
2367
4727
4277
4727
2716
4727
4460
4727
2491
4727
2363
4727
4079
4064
2744
4064
2731
4064
4604
1875
3842
1875
2617
1875
388
339
193
339
328
339
3042
3020
348
218
909
910
1146
2913
4652
4238
4397
3053
2907
1971
2183
4843
2778
4843
989
923
2226
2230
1803
2230
632
741
763
741
2683
3847
3642
1438
1439
1438
4461
1438
3870
1438
3382
3701
2428
1341
3274
1341
4050
4037
2461
2618
1265
2618
2696
2618
2688
2618
1223
1222
1215
1222
4019
4200
4428
4200
1235
4343
4728
3635
3478
3635
4210
3635
1540
4496
1814
4496
2346
2344
2345
2344
143
44
4915
4909
1674
4909
1675
4909
3562
3559
2518
3180
3812
3609
2591
1845
1468
1845
2912
2003
1486
2003
77
908
978
993
978
1563
4738
2445
4738
3632
4738
1460
3143
2301
3143
2768
3740
4381
1300
1798
1300
1797
1300
3912
1300
2717
1300
2727
1300
73
2797
4254
4227
4324
3616
1919
3616
2767
4846
3164
4846
3084
3877
3077
3877
3348
4251
3681
3839
548
450
1576
3692
15
951
422
286
244
286
154
3148
3932
4009
1380
3853
1380
2188
1380
2655
1380
4016
1380
4109
3755
3547
4863
3395
4863
216
368
383
368
4377
2852
4375
2852
2289
2236
4362
2236
2484
2236
2403
2914
3049
2676
4259
2676
2469
2676
2784
4104
494
477
2542
3422
4388
3025
3342
3678
1166
4366
1147
4366
2906
4366
2047
4366
4663
4366
2583
4366
1185
4366
1466
4366
2592
4366
1723
4366
2597
4366
1553
4366
2598
4366
2581
4366
2195
4366
2892
4366
1490
4366
2897
4366
2946
4366
2911
4366
2330
4366
2590
4366
4575
4366
2593
4366
2205
4366
4566
4366
2587
4366
2591
4366
2596
4366
2896
4366
4625
4366
2588
4366
1468
4366
1583
4366
1075
937
935
937
3307
3470
2447
3470
4346
4109
3499
1529
462
501
461
501
4645
3238
1423
2215
2601
3805
2795
2521
2279
4488
1345
1903
1905
2424
4176
2424
4177
2424
3751
1649
4708
3865
4912
3752
1130
3752
2801
3752
3189
3752
181
45
2846
3776
1437
2124
3759
2517
1677
2517
3040
4710
2689
4710
4236
4710
4286
2739
4818
2739
785
781
660
781
3537
3122
2802
4893
4899
4893
72
2792
4121
4899
4395
4899
2296
4396
24
699
2621
2610
4854
2179
2938
2896
1816
2896
4003
2896
3858
2655
4702
2560
4459
2560
1458
3164
3949
3164
3091
2705
1682
3898
593
483
493
483
537
564
453
564
3001
2972
897
1039
954
1039
2628
1243
2782
2778
3181
2778
1073
936
886
936
1664
1589
120
21
53
1683
4697
3881
4570
1364
4599
1364
4063
4043
4257
4043
4747
4043
2051
2284
4781
2284
3698
2284
2502
4337
4420
2801
132
87
1495
2469
2941
1712
2953
1712
4191
1712
28
155
1206
4155
1192
3443
3284
3474
1396
4170
1531
4170
1413
4170
2073
4170
4689
4170
4615
4170
1199
1662
161
111
4701
4466
2598
1785
2590
1785
2030
1138
4389
4388
2051
4388
4711
4233
478
583
473
583
2508
4828
2848
2840
2847
2840
4668
4592
4640
4592
2219
3594
4691
3594
1811
1337
4526
1337
1548
3697
1081
988
4340
1758
242
415
420
415
2435
1216
4190
1216
1662
1216
297
257
326
257
2881
1934
2124
1934
266
243
448
542
3655
3831
3884
2663
1252
2060
4390
4048
4231
1500
2770
1089
1444
1580
2457
3873
1385
4326
935
1074
367
438
442
438
855
854
822
854
2966
2951
1520
1209
2901
1209
3936
4081
2501
4282
3021
3011
814
664
469
470
469
470
4215
2961
3296
2961
2659
2961
2064
1235
2203
1235
4743
1235
2631
1235
702
642
3877
4731
1489
1449
4548
1449
3026
1541
4218
1541
3293
2624
1988
2624
2235
2624
3536
2727
1557
2727
3935
2727
4774
4747
1214
2887
139
71
261
319
388
319
197
319
4281
1159
1710
1159
1138
1159
1464
1675
2027
2190
2026
2190
237
238
2181
4907
3358
2713
4790
2713
2873
2110
2869
2110
158
2544
1479
1808
1316
1808
2086
3622
3154
3359
3137
3359
2489
3926
3717
3926
4100
4089
3484
3270
3295
3270
4572
3270
1233
3686
4551
1329
1974
1329
4183
4516
2057
4516
3475
3249
3786
3435
4635
3435
2666
4220
2600
2418
3916
3094
2695
2682
3821
4508
4865
2321
3341
2034
3286
1638
1374
2242
2333
2846
2557
2846
3308
3848
3499
3848
2670
3848
1821
3848
398
306
308
306
3419
3416
3575
3416
4119
3416
4945
4932
2743
1671
3350
2688
4923
4440
2287
4440
3192
3409
4627
4557
1629
4557
4835
4084
2500
4084
2048
1793
2585
1793
4011
2928
120
98
1697
3643
3602
3782
3127
3109
1014
995
862
995
3193
3189
3192
3189
3182
3746
3948
3746
1674
3746
3568
3746
187
52
2192
1564
1126
1564
1673
1564
2729
1667
3130
1667
1702
1667
2178
1667
4863
1667
1150
2902
4681
4625
2213
4625
2214
4625
93
949
4867
3116
3541
3116
4372
2786
3993
1968
569
486
536
486
498
486
458
486
4294
3394
4892
3394
3398
3394
3820
2118
1570
2118
3239
3788
3653
2966
4393
2966
3006
2966
2078
1820
1611
1820
3847
1820
1348
4690
2455
2317
4739
3059
4099
2748
4313
4897
3575
4897
127
4470
1995
1912
1995
1854
1853
751
719
689
719
1714
4563
1179
4563
2594
4563
2909
4563
4180
4563
1898
4563
1141
4563
2913
4563
2887
4563
2902
4563
2891
4563
2753
3135
2753
3135
4429
4941
3304
1719
2381
3274
2336
3274
281
251
4340
2410
1585
3982
3816
3982
3968
4416
280
441
404
441
1457
4026
932
1013
704
851
644
851
2258
1868
2869
1868
162
3050
1194
1157
2891
2864
4348
2867
4348
1713
4348
2580
4348
1179
4348
2865
4348
2594
4348
2877
4348
2873
4348
2578
4348
2909
4348
2577
4348
2579
4348
3799
4348
2046
4348
1141
4348
2913
4348
2887
4348
2902
4348
2891
4348
2869
4348
2292
1706
1107
4408
2796
4408
1148
1149
4226
1149
1153
1149
2679
1149
747
656
746
656
462
512
513
512
492
512
461
512
2690
4754
832
828
830
828
98
670
3863
2957
3656
2957
1749
2957
2486
1537
4079
1537
2731
1537
2496
2731
3424
3763
2806
3763
2426
4612
3246
4612
2054
2223
3827
2223
2453
3007
1083
1082
943
1082
1380
1389
1750
4759
4550
3813
3845
1656
2644
1895
570
531
571
531
495
531
482
531
457
531
2957
2947
650
651
720
651
2390
4753
4362
2484
4362
2484
3503
3033
2684
3033
2236
4236
707
732
800
732
4849
4841
2934
4540
3651
3827
4021
3827
1761
3827
2878
2250
4586
2250
3425
2269
2805
2269
334
229
3186
2360
2086
2439
4069
3078
1193
1197
1989
2551
4655
2551
4202
4578
1593
4578
3276
4578
647
855
799
855
2190
4016
2190
4016
4427
4426
2954
4426
4638
2245
2090
2245
2648
3473
4451
4191
960
1017
1513
4382
1544
4382
3944
4382
3396
4382
2346
4382
2448
3277
2036
4786
3529
4786
2351
4786
3819
2355
1379
2355
2558
2355
1213
1619
103
1534
2639
2631
829
827
715
827
2569
3452
2148
3452
2990
2954
2645
4008
595
552
1818
1900
2402
1900
2766
3162
2524
3162
277
203
3058
1606
3868
1606
4064
1606
3059
1606
1537
1606
4804
3092
1579
3092
3110
3092
67
2822
595
530
3633
2944
2417
3212
1197
3212
1374
1556
38
198
1560
1383
1382
1383
2974
1383
3833
1383
3032
3004
4708
1941
3271
1941
83
30
2571
2405
4493
2405
550
453
3661
3824
4041
3824
2077
2076
617
722
766
722
164
112
2480
4707
3914
4707
1372
4707
1586
2487
4660
3646
4253
3646
3881
3646
3838
4548
2081
4548
3474
4548
3407
3183
4305
3183
2781
3183
4657
1412
4658
1412
2122
2000
2601
2000
4243
1303
3076
1303
3867
1303
4724
1303
4353
3743
2758
3140
3714
3526
2927
4167
962
986
3825
4179
2971
4615
2987
4615
4209
4615
252
443
404
443
4732
1664
2656
1664
3860
1664
2663
1664
2443
1567
2969
1567
3831
1567
3311
1815
2280
2314
3638
2314
2623
2314
2572
2041
2566
2041
2992
4203
144
22
694
685
612
685
3077
4340
3045
4340
4782
4340
2037
4340
3715
3101
2532
2528
1712
4174
3940
4798
1089
4798
130
86
3190
3397
303
346
3580
4940
4374
1362
4522
1362
64
3902
3332
2498
4857
4882
4857
2200
1836
1456
1836
1228
1252
1609
1252
1696
2648
1548
4230
4755
4230
2466
4230
2516
2502
3840
4526
3269
4526
4387
4526
1545
3586
1811
3586
858
856
675
856
2241
4482
1711
4482
2430
4482
3601
4482
967
987
906
987
1739
1738
3302
3298
177
76
152
76
171
76
176
76
165
76
164
76
172
76
151
76
170
76
150
76
163
76
179
76
27
76
148
76
157
76
166
76
175
76
174
76
147
76
63
76
28
76
180
76
153
76
149
76
173
76
169
76
154
76
127
76
162
76
64
76
161
76
178
76
3407
3401
3414
3401
4020
4173
3084
2037
540
562
454
562
3035
4662
3333
4662
3334
4662
4824
3097
1705
3097
2033
3097
3377
3097
1706
3097
1419
2582
4777
1178
1172
1178
3482
1178
3056
1178
2477
4768
2002
2843
1387
1571
4221
4197
1092
4887
4109
4887
2528
4887
1648
2296
1586
2296
2724
2296
4062
4056
4062
4056
684
759
805
759
3629
1779
2276
1779
3007
1779
3852
3265
3877
3265
4043
3265
4233
3265
955
883
15
272
2462
4040
3678
4040
2821
1112
1172
2588
1295
3440
3228
1192
1178
1192
2186
2185
2186
2185
553
577
2304
2563
694
616
4843
4448
4894
4308
2749
2491
2186
2491
2185
2491
1230
2105
3599
2105
4328
2376
1608
1937
2927
1937
267
414
420
414
3333
4652
3334
4652
3081
4652
4880
3392
3402
3392
2316
1240
2385
1240
553
480
2437
1468
378
442
254
442
4423
4316
2534
1680
955
884
880
884
1246
1575
318
309
339
309
2959
2884
3636
2884
2452
2884
168
65
3172
3152
4290
3152
3746
3152
2488
2724
2991
2627
4541
2627
3298
2627
1481
4721
1573
4721
34
865
3150
3722
4095
3722
4097
3722
548
447
4829
3378
2400
3378
4358
3378
1896
2139
2402
2139
4404
3281
3287
3281
2982
3281
2674
2999
4608
2613
2040
2547
52
611
4738
4713
1720
1201
2579
1201
1762
2055
2189
2055
4021
2055
2655
2055
4016
2055
3097
1495
1524
4443
154
126
2524
2759
1653
4913
4432
4913
1902
1367
4183
1367
2444
4595
188
1442
2835
1408
3818
3910
2088
3116
2088
161
1378
1612
4726
2208
1265
2208
295
366
384
366
4869
3156
1681
3156
3743
3156
4927
2287
1501
2287
1263
1790
4707
4687
2553
3446
4495
3446
3723
2351
951
1018
4218
3273
1372
2448
701
843
845
843
1062
1042
882
1042
1063
1042
116
2816
2479
3086
152
105
4754
4211
4593
2158
1556
2158
4478
1562
4074
4806
2733
4806
2748
4806
2815
3206
2536
3206
1122
4938
3029
3477
4013
2029
3826
2029
2564
1334
1813
1334
1659
1334
2495
3694
2165
3597
4586
3597
3661
2082
3739
4818
3727
4818
4939
2809
4038
4223
2918
3988
2311
3219
3207
4916
4758
1406
4756
1406
3093
1406
2290
1406
4766
1406
3561
2514
4105
2514
2399
2514
2961
2127
2946
4537
4575
4537
3242
4671
3478
4671
139
51
2820
2328
1898
4144
708
825
742
825
4618
3652
4008
2431
222
259
380
259
257
259
2998
1419
1822
1419
4033
1419
4330
1419
2087
1419
2088
1419
46
2555
1193
2193
4584
2113
1804
2113
4307
2710
3957
2710
183
33
1290
3996
4300
4859
4113
3532
4308
3532
2477
2639
145
702
1422
2921
435
409
434
409
472
473
2734
4775
1607
4775
2199
2605
3404
3167
2782
3167
4675
1503
2365
1503
2685
2660
3029
2063
4757
3870
3605
4149
2128
4149
4383
1246
2664
1246
3489
1246
3097
1246
279
254
1555
1842
2060
1842
3892
1689
143
15
4930
3326
1306
1583
4816
4266
4583
1356
2408
1356
598
461
60
976
581
528
1450
1929
1922
1929
2517
4903
2786
4903
1606
2220
4676
4543
2973
4543
4893
4296
1721
3810
2949
3810
2068
3810
1527
3810
1914
3810
2075
3810
4695
3810
2042
3810
1189
3810
1874
3810
2239
3810
1814
3810
2945
3810
2924
3810
1989
3810
1975
3810
1779
3810
1521
4135
3994
4135
4304
4889
4896
4889
4844
2496
1581
2496
2083
3592
4576
3592
528
525
26
672
4877
3171
3174
3171
3387
3030
3389
3030
2499
3030
4192
3465
413
412
415
412
2254
2253
2674
2576
2666
2576
1991
2917
2609
2917
3929
4750
961
873
2398
2363
2280
2302
4189
2302
2826
1119
911
977
988
977
1532
2413
3967
3966
3966
3578
49
667
601
467
1584
1106
1135
3498
4759
1749
3319
4701
1495
4701
1178
1186
1380
2427
647
822
859
822
153
104
303
289
308
289
4580
1375
2248
1375
4608
2131
1400
2131
2535
3760
2309
2718
4445
2382
1509
4437
3152
4437
792
779
679
779
4621
4560
4589
4560
2304
3601
2403
2869
2673
1823
4886
3175
3327
3659
599
595
3663
3481
2934
2148
4730
4693
2062
1850
1968
1850
3396
3386
2341
2347
3789
2347
4861
3735
4861
3735
2862
1295
2208
1295
3430
4935
19
14
71
2794
4743
3640
3658
2388
4388
2388
581
579
1593
2291
4634
2291
1690
4288
1564
4288
937
938
3136
3709
4090
3709
3141
3709
1747
3146
141
72
873
874
1099
3874
3290
4565
3289
4565
3292
4565
248
430
433
430
2047
1268
2892
1268
178
3544
3716
3721
3716
1666
4217
4916
4217
2149
1371
1475
1371
