1960
4137
1263
570
267
4544
809
3572
421
29
3433
3191
647
674
3485
598
686
3111
1774
4799
324
3407
3923
1128
3357
710
1038
4178
4794
2275
975
3247
681
4591
3061
2830
4783
1327
465
4549
787
914
1008
3950
1166
1402
2010
291
145
1313
2729
4603
4873
1447
2395
4435
698
4574
1151
1157
2889
1026
1860
4004
96
3202
920
406
3366
2134
1282
913
1721
2994
1233
55
3353
2368
2271
4009
1910
202
1596
187
1207
210
4579
1476
4567
3320
1087
1288
4215
1391
1387
2226
3009
4597
2603
4444
819
2949
1211
1091
1505
4304
2068
3829
177
599
3016
2483
285
2267
3942
4685
1770
4630
3293
1614
1717
2434
892
3066
623
2018
144
1147
1161
4573
3035
615
4449
4309
1455
2095
1451
1539
2959
1348
502
3228
737
4143
3625
4535
273
2319
2462
1102
234
261
1428
2173
3545
834
4764
1331
396
3251
3057
680
3258
2306
3361
3308
2256
704
3411
4777
3187
3107
4252
374
4769
3890
268
1669
2512
54
1057
297
3133
3730
1918
2181
4148
985
2475
3566
1114
1527
2741
1037
4611
3981
439
2595
1647
1007
1744
1513
4623
3043
1591
4195
4842
2700
2103
3837
1463
152
190
964
423
1396
586
3285
1172
2568
3553
3704
2165
3607
4819
369
2471
963
2799
3989
3633
1276
1021
3372
3520
568
1488
3879
3196
311
4876
2864
0
2198
1602
4356
718
3125
785
3984
62
1482
4814
3654
3557
730
867
3561
2024
3493
2232
1628
171
2804
3936
4289
3214
1255
1339
3699
3425
782
3022
1548
3072
866
317
565
2754
4284
1305
2938
372
3915
2283
305
3611
4705
724
2467
1096
2456
3508
4126
852
4281
4082
2312
4165
1058
1924
1059
2403
4617
1587
522
1684
3841
2880
1651
2262
4456
2519
4160
836
3345
603
1225
3800
4732
2634
1531
2737
4676
2506
1414
3458
2177
3350
1230
3795
4489
1913
4116
3169
2875
1687
4108
1584
4627
3323
2766
1927
4651
1988
2129
3768
2986
1751
176
1863
4600
2174
1417
2734
2637
427
4722
1982
4484
1121
1075
1728
249
3920
2027
3479
4661
1888
2833
3661
2871
707
3953
3599
2013
4481
3217
4780
4739
1310
2807
1062
165
1963
1369
650
2757
1260
4734
408
327
1882
3430
2464
734
4867
3711
2289
4256
264
231
758
3536
524
4389
1948
4829
3604
294
3707
3893
904
662
3130
3733
2761
345
677
644
3221
2811
3956
994
3515
1702
3342
4745
1826
2867
321
2170
2031
821
3554
3657
740
4824
4140
237
2538
2349
939
4384
2641
1524
1117
3290
4570
1318
3666
1421
1033
164
4633
2429
4934
128
1747
1644
2695
186
3908
2856
4192
4381
2048
1003
3046
1931
840
97
3834
2600
3858
2906
1691
2668
868
2480
4555
903
1773
2919
3885
597
3399
3725
2978
727
2772
799
3054
356
4504
375
3104
3550
922
4509
3184
2992
1781
3630
3523
4088
1976
1053
1569
78
3040
1460
2100
2703
4044
172
1798
1384
2264
4096
4335
4869
2489
4157
4951
633
4702
1876
2437
1199
1714
1617
3279
4620
3001
330
941
2141
1765
242
4049
1510
1144
2883
1154
3315
4035
3542
1444
2629
2997
4758
1621
2137
3803
4672
2338
1905
4344
4163
4404
2441
2549
4349
1855
1832
3336
1696
655
4409
4066
462
113
61
1939
743
4225
2400
88
220
1204
3672
769
386
3945
571
2005
314
3404
1777
2280
4636
594
2862
2825
890
1324
475
3244
3490
2912
3354
1518
3052
935
133
1955
1020
151
3
3099
4212
788
2039
3775
1360
1269
170
3330
1250
3866
4118
1484
1947
4868
4653
4106
4369
3708
4377
2656
2895
773
1223
2389
2537
1731
4712
838
436
4364
955
2149
1891
3658
2706
2868
2194
697
870
1410
2002
2719
3142
2047
4663
3771
2853
1748
3907
3499
4172
4849
4483
3579
4590
2820
3693
3090
946
1317
3210
4075
4494
3933
1118
325
4499
3450
1786
2564
2667
1902
4725
3160
648
341
3423
4844
3857
760
1991
4258
3720
2793
3123
1928
1041
4657
1987
947
3861
1688
4469
4922
2671
4477
3150
3753
3504
3636
3958
2638
3390
1242
1846
1321
347
4464
3454
1418
1682
754
235
123
2329
3911
3767
4946
2051
4835
159
738
4202
3615
2973
3218
3756
2808
360
1110
1713
1544
3442
1190
2159
2028
4383
2675
4647
1887
2449
4631
2541
4394
1624
1727
2235
4399
4865
36
49
3026
284
1951
602
2209
3819
2089
2580
452
1663
1
2500
849
425
1055
2216
2934
3806
2758
3872
1840
4692
2337
3745
4514
2998
573
2138
3379
1035
2785
3115
717
1005
880
2662
1014
495
2712
1469
73
1801
3530
3623
2965
1284
4086
1996
3136
2364
3650
790
4519
4884
2589
2683
2080
556
1086
2243
1778
4870
4098
4324
1705
4542
574
1560
1179
1896
4329
1655
635
1610
3980
332
2981
1739
3299
1792
1517
4245
4610
1124
240
2903
4239
4414
4024
1424
2649
1521
138
3254
1215
3783
4161
3642
4756
2529
2977
8
1046
4068
653
1676
1852
1236
1914
472
2380
3304
4280
745
222
4419
4029
4234
3685
2064
3436
304
546
3925
3762
118
4638
2300
1797
2845
489
4442
83
3415
3032
4222
4854
377
1344
3224
484
2222
1618
3812
2341
2014
3079
1073
3590
2438
265
757
2371
506
3453
2268
4665
2067
3585
3163
3420
3472
4042
1291
1794
569
1388
2295
4176
1040
4593
2850
3227
4480
1347
4781
786
2
1148
4232
708
4894
1869
3690
3093
2823
3213
2017
455
4660
60
1718
3266
3930
1382
1077
3257
700
2375
1131
4784
832
4601
2749
2186
1427
4424
4014
3058
2106
3182
2974
281
37
1413
3742
1302
3789
2119
1969
1363
4205
150
1917
4650
882
1253
422
3333
200
1576
4429
4019
3188
1496
212
3108
2056
4789
3307
1220
482
4871
3311
2929
69
2356
3408
694
2246
2842
2689
2583
2503
1660
4314
1605
3849
419
861
287
1921
1639
4380
1113
1710
625
4319
2419
1555
4904
1193
1431
2075
1328
613
835
3248
1127
3261
4571
4926
2406
3358
1514
3393
1809
4524
4342
4141
3645
2334
2021
1158
2562
1816
536
1448
3525
344
4059
2970
1351
678
3231
1287
4587
3120
3723
2790
4054
1208
2612
1088
2071
1835
295
4529
3153
3750
373
2367
4695
1759
4269
948
669
2495
1613
1547
4613
4277
2201
4146
784
1139
19
1724
3994
1078
1627
4621
1884
3983
2575
3466
2680
2083
2468
192
2240
3999
2937
1376
3272
424
4752
1491
1105
4264
1185
567
1563
2192
1588
872
2112
4185
1984
3533
109
3620
2779
3385
3736
1296
3507
3653
4809
3176
3899
2571
4804
2178
1582
720
3457
1843
3145
4562
2738
4358
3715
728
3764
301
2062
1502
3904
2836
2252
1648
2044
2362
3239
3445
1528
3461
1314
3155
3679
3593
3085
2815
3511
714
4715
2664
3205
2567
315
2303
2412
3854
307
3838
4607
4283
4128
1487
4294
1405
2941
2383
371
3608
3977
2556
256
3969
1822
1944
3558
2606
2900
3964
837
4458
2534
1631
3780
1355
4299
2619
605
3325
1245
1439
2197
4678
1551
4511
3517
4810
2776
3124
2752
2865
3179
4523
3896
3655
879
4115
3610
3739
1299
2122
3792
1972
130
545
4883
2164
3705
12
348
1043
2898
791
3560
142
487
3778
896
1136
1076
1650
2881
4078
4333
2443
3469
4417
4027
558
3801
4270
4051
777
1530
1623
3284
250
1115
4255
2474
4237
1872
122
4728
3840
2594
2697
1745
4000
593
1379
663
4411
3618
4152
4351
3970
364
1812
4327
2701
1590
2559
1415
4033
4423
163
3344
1224
2635
2143
4838
2740
3797
3003
555
4243
2609
4300
2180
1685
4746
2877
1436
2616
3955
1925
1762
2932
2755
1304
2839
2692
548
3676
4517
3852
3236
3914
1783
897
1642
2238
4556
928
2470
871
2422
2025
2678
3424
378
761
2805
3521
493
3215
1254
2189
2746
1423
775
4644
1857
2109
560
4397
2643
4866
2782
2968
1450
3786
2116
26
3902
1160
1579
1090
4790
1693
135
4491
3317
1210
359
4430
4020
1966
1933
2394
2788
3118
2135
1771
4931
862
2995
619
869
3748
498
1907
2059
4373
1499
5
4649
4474
4336
4095
99
3410
90
1142
2274
4503
1009
2763
3731
4654
541
1957
1071
416
756
3891
1658
751
3947
4853
1708
115
4248
2813
3223
2007
4659
329
1775
440
3360
3269
4741
1330
2827
4467
3250
1866
2033
3484
4479
632
3663
2831
3060
343
4060
829
4497
511
550
1806
4036
2011
3951
600
1819
2873
219
4391
4182
4847
3887
4831
3624
4530
3727
853
1961
4
4226
742
80
134
532
2622
1218
1756
3544
4065
3713
3110
4473
1442
3190
338
881
2435
2686
4374
2249
1911
1767
2926
2270
4635
4403
1615
2359
1390
3242
3846
3321
3034
362
1454
3418
2094
3682
4942
2416
1753
1504
1150
2848
1636
206
1720
1123
3928
2409
4320
114
772
4367
476
1861
4379
3688
1715
4003
1764
2586
3974
3502
4604
2097
3582
1457
4668
3843
3037
4762
1145
2401
4297
2298
4877
1385
659
3296
1736
1507
1653
1176
4609
1899
458
4273
2440
3979
3588
466
3967
1533
1025
4330
2265
1620
860
510
3376
551
1272
3491
3105
3185
587
3563
716
1079
4436
2392
4216
3724
4520
3627
4821
3884
2152
209
1466
3991
3055
3613
711
3547
4813
2281
1999
2722
2378
4208
3139
2277
1780
4686
3355
1325
2473
3245
3439
2078
490
3551
2162
1558
303
1954
2452
540
3631
2004
121
1608
2212
298
3822
2092
53
3944
622
4807
4092
4291
3487
2824
3076
3405
1048
2140
2743
3997
1012
3000
561
1854
2646
1838
2183
1511
1205
4274
4536
2526
4240
4303
4698
2397
1239
1445
4420
4030
3528
1461
514
2101
4267
3314
4279
141
1155
1679
3041
1593
11
3973
143
1904
2332
3648
246
4930
2592
1188
3496
1108
2810
4589
1307
3220
3363
4551
3917
4850
4527
3253
2465
3576
508
1333
2171
2030
1182
2578
3413
1742
3302
1789
1257
179
688
3131
4584
953
2760
535
4057
801
4801
4500
3427
4879
4196
2498
3869
1093
1690
1213
2601
4317
4370
365
3718
4011
1266
1930
3382
2735
4925
4793
2386
1227
691
3347
4581
2481
3148
954
4023
4433
4188
2175
2659
2146
1420
398
2709
1472
927
3291
696
3794
898
3388
589
2640
4355
1453
420
2716
2874
1585
1163
3835
4323
1750
1153
278
3759
3287
4112
4311
1120
4787
1723
2446
778
4451
3208
4427
4017
2156
3088
2818
3158
4706
2206
4928
2477
3029
2086
3816
3448
833
2273
1525
27
3351
1231
1393
283
2219
3809
926
4400
811
1645
2694
3082
2597
4718
3431
3328
1248
2652
538
3127
4470
4771
1261
4166
189
3514
1358
3639
2532
4125
3710
3113
3555
4533
3193
3063
3660
4675
388
3605
2167
505
1849
1047
275
3921
1311
4063
1408
4455
1070
2870
2326
2943
563
3482
4614
1654
4001
1557
2486
4666
2077
3602
2278
1125
2381
3276
1633
1372
4271
4072
4050
81
1520
3488
588
456
1879
1196
1704
1553
1607
749
4619
468
2292
4175
226
3396
2964
566
1285
3172
3591
4642
2340
726
1837
3463
509
4438
2365
2132
4218
3993
721
3647
3513
3744
4823
783
199
1566
4206
2398
3114
2784
4878
1979
4510
3527
2301
4287
4811
1345
539
3225
878
4688
1800
3531
2297
553
313
4875
1458
3414
2098
921
3038
2432
2573
2015
148
3651
934
3987
3924
4817
612
3587
3684
1841
2065
370
3096
17
308
1508
2036
4293
2844
2922
2980
1915
2626
942
1030
2203
58
1611
4945
1000
2546
4102
4301
91
585
3305
4538
639
4929
2377
1936
3255
1214
4696
1699
3339
107
2081
1425
3548
336
1561
933
1493
4350
3971
2352
3628
4410
2565
2023
3207
3476
4779
1320
4767
4740
2817
3087
706
3288
3391
3233
1353
2050
2492
3910
4145
4553
3596
4902
258
3860
271
4880
263
67
3962
2598
1202
1366
3282
3721
2286
1050
4803
3447
701
2478
4198
4774
3151
3157
690
2670
2073
2581
992
4013
3166
1950
3402
3313
1923
2769
3128
1357
4431
4021
4594
780
4447
919
2195
4186
1247
4791
4583
4307
2501
4490
3327
1191
1485
1111
2126
3774
448
4599
2989
1407
3263
590
2540
2168
1572
2894
1433
507
1890
4007
3669
4122
4321
367
1133
1730
3918
1308
2935
1411
4313
4577
1187
2426
4912
2859
1107
4453
4569
156
3428
537
1545
2497
3331
4564
4708
1251
2909
1258
3049
888
1361
1625
2916
2234
131
4716
3102
2577
1064
2674
2042
671
3147
3161
4773
3455
4927
3451
3539
4168
2373
3348
2632
1228
1990
1081
4134
4830
1293
3614
4531
3717
293
4547
4390
2552
1829
905
277
288
1942
4139
3770
3387
2346
4797
4262
39
4061
676
3211
1023
46
3091
2821
684
3505
2732
92
2796
4513
16
4892
2892
3144
4105
3510
3990
3876
3199
3714
4521
3617
983
1279
4820
3765
1985
887
2878
557
3460
2343
1027
3798
3384
776
1630
1523
4331
4132
4347
4076
2901
3569
4407
4053
106
1550
1104
1184
252
965
3781
2940
1031
582
4462
2494
1885
609
984
1001
2677
2574
858
4726
1399
125
2237
4682
1725
2241
665
2535
2322
2459
1099
4413
4154
4353
2681
1056
3324
1244
1490
4047
1354
4421
4031
3518
363
2516
1404
4241
2983
3777
4836
2200
445
196
2897
547
2509
1672
4748
4159
1945
591
3012
2814
3084
989
2952
4290
2665
3204
4507
4862
889
3855
3832
1336
3696
3939
3621
4558
1803
2045
2698
4881
3905
4362
124
2570
491
3154
1315
168
1542
886
3444
2962
82
891
1711
2886
2802
877
2726
559
3369
1028
2543
85
3260
428
157
1430
3882
1953
1599
1217
2374
4493
4580
3310
4085
629
4010
3728
2975
1920
973
4371
1479
3888
496
1661
120
915
3863
4800
3417
4501
323
47
2294
646
513
687
4338
2791
3121
1768
3751
974
2070
2673
774
2020
239
3687
3584
1323
4827
10
3927
4550
1006
4851
4246
132
4387
2971
4743
1350
3230
641
2847
1795
2053
3913
1036
140
74
318
1169
2316
84
4755
2851
2967
3773
274
1051
2309
4038
549
3931
543
233
736
1834
1858
66
3691
4833
4914
731
3747
3644
2335
1908
4393
4228
2522
2259
228
2370
3524
940
1993
4471
3117
2787
1290
4770
4737
3318
1666
652
3421
361
2946
841
4401
1554
1657
4624
1958
3006
2229
1221
1515
876
1342
3702
2074
3826
3019
3069
2828
1893
75
1045
4450
4487
4310
1130
1733
216
1536
4933
2008
2956
478
3948
4629
1604
1707
2861
4947
4101
4302
1409
4757
2987
3793
2123
2720
916
248
1848
2636
1416
2150
2753
2504
3671
814
2454
1094
247
253
4150
3972
2390
3638
48
638
2615
1973
1359
2767
1926
3051
4735
1270
1686
3329
1249
2911
654
1435
102
335
2442
2756
3808
1622
2218
519
3235
3449
3541
3159
3028
3675
3089
2819
3580
1873
2026
601
3209
4093
4485
2806
158
3758
435
3216
3934
839
391
1831
1016
3500
2330
4641
875
1827
2866
2775
3389
4559
1813
2708
950
3656
3895
181
2658
804
3706
426
3149
4554
848
3537
1763
4087
4812
3719
2142
1274
3002
3868
3194
1044
2907
2499
4749
4158
3853
661
3047
4763
917
2771
1135
4921
2933
1394
1788
4002
2210
2579
2090
3820
2693
4944
2160
748
241
3564
3667
4825
2450
1116
225
4385
2991
1643
1782
4272
4071
666
4744
1109
2857
660
1189
401
1746
2423
2254
816
4334
1805
119
4532
3903
3649
4476
4180
966
1422
1678
1470
4045
4656
1977
3529
56
2783
1238
2642
95
4261
4062
753
1839
1692
322
2304
645
1932
3380
4339
1755
2925
139
2762
204
1616
146
4113
4646
3064
1877
2436
4505
2685
1180
1609
3845
4322
4121
387
770
1143
3300
1740
9
393
1011
1635
2224
1559
2415
2032
2079
3438
2590
517
3341
1701
3014
1069
2812
3222
806
3138
864
2379
4874
357
4022
4432
1998
800
4376
2745
479
2872
4792
4628
1594
4107
1697
3337
1474
3662
617
3785
2115
167
1965
2623
2530
3712
885
1443
1881
474
2650
2136
94
3364
2996
3243
4345
4405
3589
3683
3080
967
1164
1898
584
4229
4034
403
1981
2299
4224
4039
908
1122
232
735
863
1865
340
1752
3961
1776
1870
3246
3842
4005
3689
3583
1326
3356
2408
2311
3929
2849
429
4434
4219
820
4575
1167
3503
4090
3419
492
725
1532
4439
4214
4936
3406
2358
2261
713
4361
1652
2248
845
3075
1694
3334
1597
4618
3021
182
469
3976
2645
397
4032
4422
2393
383
68
1219
766
1970
244
2231
1273
823
2525
4545
3562
4606
1206
4153
968
4918
1477
1818
526
3612
1156
3790
2120
907
2723
1446
4242
3367
4795
2153
2750
682
3071
195
464
2585
2163
4765
1874
3067
3268
2453
410
1716
3371
657
1065
353
1640
796
4534
810
4131
4332
2472
1709
4147
4276
1146
2420
23
608
1175
269
1659
1481
3850
2227
1386
4681
1735
3295
4915
4539
906
2266
2930
2213
4461
3017
4760
1601
3823
2093
2690
2058
3106
1498
3749
3186
1080
842
407
4522
2257
3375
4684
1760
2742
2789
3119
1083
1974
4445
4872
1578
2182
4305
1171
432
1465
2333
300
101
2969
1072
4689
1810
2307
312
2108
3056
1592
2188
4920
3362
3044
1332
3836
3252
2904
2155
4948
2679
2593
4402
2461
1101
2445
449
693
4598
1397
2239
1526
215
3985
1085
166
614
4815
2205
3664
3567
3815
2085
2511
1646
207
2838
1183
2854
3412
184
4110
1140
3303
1743
918
3941
523
4199
1824
1092
175
262
1212
2608
3556
3383
3534
1452
847
4472
3900
1162
764
2558
3606
381
3197
4194
4778
2325
1473
705
4183
1277
4586
2780
3619
4164
1722
1378
108
1281
675
3201
3495
3575
4949
2466
4502
1152
4138
57
3240
1392
292
3468
3680
3083
185
794
351
3937
2272
4169
434
4852
4177
1010
174
40
2620
3779
2984
2533
280
1265
3112
3192
1440
3571
2507
2653
2176
4709
2899
18
2736
2385
3738
1298
1401
4372
2145
952
4704
1097
3178
2457
620
4568
3062
201
1586
2764
4285
2715
147
628
1821
3603
3949
3226
1346
405
2009
4209
3267
2942
4785
2016
943
3483
4425
4015
3068
2829
723
3018
1552
3434
358
2066
2293
63
932
1373
1959
4363
2228
1632
4204
1052
3095
4917
2035
715
3978
334
4616
990
3319
3462
1577
1674
1916
1234
637
2625
4412
2361
4352
4151
384
2258
808
767
3306
1497
4127
4664
2251
4608
2057
1909
459
3173
2545
844
899
1859
2107
4669
4677
454
2187
1426
2411
2308
3256
1935
604
2730
2133
944
197
4457
4100
2890
3512
1168
2572
431
1894
2433
4070
395
354
4052
797
1540
2960
42
4699
2407
224
1126
970
2485
4525
2111
2191
4278
747
4133
2247
2061
3830
4683
1501
1195
610
2357
4694
3275
2923
1769
4463
191
4055
3010
2950
1581
3889
1670
1478
28
4315
3395
1286
3729
4512
1994
2366
818
3134
1598
2202
302
1492
925
3271
3368
2353
4357
2320
4640
1817
771
1565
310
1352
3232
4856
765
3024
2493
382
34
180
2561
2425
2022
1024
2699
4184
4919
2936
1377
2214
4596
695
3804
3938
349
4120
792
3754
1546
217
544
2072
4189
4805
624
3467
1203
2611
3283
1626
205
2915
1844
1922
3995
3456
2508
2841
260
1063
4260
3403
3312
3262
3519
4265
3880
1432
1573
4392
4181
4776
3506
2458
1098
3177
4832
4588
2800
3634
1297
3737
846
2345
703
1301
3741
1398
521
1784
3475
3960
2566
3181
901
673
3595
4136
4295
35
1132
290
433
1365
3700
4742
3103
1340
554
2837
2043
3568
980
3965
2285
576
13
1032
282
3799
1292
3471
3165
2553
2704
2607
4719
2879
2196
1002
795
352
2520
2633
4886
2372
2125
1381
103
618
1278
4566
3864
3198
1486
211
4492
4714
2654
2557
630
379
762
1943
4729
2604
2707
194
4074
4495
2536
4923
4103
3761
2130
2733
153
129
392
1828
2893
221
2342
4845
3867
3811
2515
245
744
2221
3349
961
1229
802
337
3538
534
2554
2657
640
4724
4067
4079
3170
1946
3031
2666
815
4360
520
1029
1787
2290
4637
43
3641
4906
1370
41
1522
3048
1259
3695
1335
2908
999
3856
3429
4924
2858
3906
4292
4091
2834
3600
850
399
2046
1309
3919
1851
3480
4365
3668
1316
2169
2795
4395
4643
2350
1847
1067
2988
3766
2323
402
3875
1673
1986
2768
3129
2982
1791
3734
1294
3637
812
437
4822
3174
3992
4156
2661
3833
2479
4460
3027
982
4761
805
4097
4896
2920
4839
3807
3013
2217
1374
4680
2953
2599
3871
607
2430
991
504
227
750
3757
1543
389
4834
4130
2963
331
658
1802
3289
1726
2711
1886
4465
3464
4073
909
634
3629
2542
2315
4325
1570
4478
3883
3441
3549
3338
1698
518
3137
817
4249
4772
2803
1997
4658
4244
4263
755
911
2336
320
1665
1814
1952
3400
3957
276
643
4111
4312
798
3005
355
394
4452
499
2945
1897
2672
1509
4648
3862
3825
4123
1200
444
4515
930
3280
214
1516
2404
2354
2052
2490
3912
895
2244
100
1681
3039
494
1322
89
1459
2099
1535
2955
376
1241
2725
1978
627
2399
1237
4582
1677
79
1574
857
4626
2885
4378
572
2054
4117
1494
768
807
385
4012
1940
3772
1992
789
2184
2104
2550
1901
2523
2976
1068
485
2630
596
1049
404
4552
1343
3703
3100
2040
1878
4415
4025
3489
3264
230
959
689
3141
515
2279
2001
4257
4802
3437
4952
972
733
4235
1892
342
996
1732
3963
1796
59
4428
4193
4018
2038
1506
4576
213
2414
1177
3098
4632
4788
2531
1634
3297
1737
826
2225
500
380
1519
763
1262
2651
894
4858
116
1880
3432
3015
3573
4006
3065
4717
712
2587
2684
958
2924
1403
1312
1084
3844
4885
3922
3036
529
2096
451
208
1456
4605
1467
4250
3203
6
971
4546
3626
1283
1980
2305
1938
575
1754
136
3546
3975
149
3081
683
2548
236
2339
4939
3377
2255
4796
739
25
4201
1804
3352
1232
2628
893
4528
912
2482
4275
3943
3381
3278
1864
4766
3077
2602
1198
4171
3486
578
2488
998
4058
2276
326
1799
3292
1471
1165
649
979
70
270
2172
1568
4888
4306
4446
4187
1964
350
793
2396
3365
413
1700
3340
1103
626
2463
4318
2591
2647
621
2513
2744
4723
1066
1595
3132
4855
2527
2979
3301
1741
4711
3398
3784
2114
1475
299
1181
24
2918
692
4441
2669
1512
3859
3426
527
1256
3935
4359
4213
4354
2049
1306
3497
2331
20
4808
3909
2428
824
1173
38
4221
3042
4816
1319
1462
2102
3577
3674
3916
3234
3986
3373
2348
3632
4162
4901
4860
2451
2539
2455
1095
4937
2147
2161
4673
900
3552
1434
4730
2614
193
2717
2990
3998
1267
471
4585
2770
183
4080
1483
981
4268
3821
2091
463
110
2505
1603
1949
2211
2387
1226
3346
32
4697
1019
2391
4298
606
2288
4840
4667
4124
4541
2087
3817
3565
3023
2207
997
4679
2476
2596
3492
2910
969
3050
962
1271
2233
4459
4890
173
1368
2721
1134
2282
4454
3598
2860
3968
1889
4129
3670
3073
3478
4674
2151
457
2157
1395
3286
4703
1729
2447
4911
2313
2402
2166
3581
1830
4691
3501
2327
3195
279
1275
3769
2128
1989
4286
4207
3126
2774
4864
3168
411
3894
2263
1061
580
3540
3681
3459
3322
1015
516
3535
4259
679
4910
3241
4498
2518
1912
4341
4142
2324
1862
1825
296
902
1034
3200
446
2777
4736
1280
3516
1983
581
1004
4254
4253
3897
169
3509
4848
2204
3665
3814
2084
4114
3952
1400
2012
993
4891
2939
929
2855
2832
2696
1441
1549
4368
3698
503
1338
2905
1137
3045
4572
2621
2444
4486
1962
1629
4190
2154
4119
3570
1883
3892
160
2144
2510
3732
4900
4861
3796
4398
2765
1141
2714
2617
4720
4602
1437
2876
2199
4950
3878
497
1489
117
2985
1264
481
2798
2384
4882
2460
3343
1100
1703
2569
4041
3901
266
3959
2781
50
4468
137
592
3494
3954
3940
960
1772
4247
4386
3237
4782
1022
3677
3574
859
4826
4231
709
7
2773
945
1919
460
4655
3851
390
1967
1480
4046
255
1668
3316
1906
4083
2691
4328
636
1600
4475
830
4094
333
3309
2931
4895
328
3370
4099
3522
3259
3335
1695
1856
4733
1429
2747
631
533
2644
2421
752
2318
2117
3787
4670
4837
2993
1641
2524
2958
1349
2006
3229
1538
831
3946
1170
4518
4908
4506
2019
2702
4645
3074
2826
4210
1867
1811
1060
813
1761
3828
2069
2948
956
3008
1956
316
4943
400
3802
931
1289
3726
3886
1464
2882
4375
924
418
1757
3543
4634
2260
2369
2310
4639
1807
729
4905
31
3374
488
957
1871
2888
1833
4561
2728
1975
3791
2121
3294
1734
1637
746
417
4622
4700
1174
223
2417
2863
4028
4418
4069
3070
3673
4406
1054
4898
668
2751
4077
4346
803
1129
1766
93
2927
4751
2687
2584
4727
4064
1875
339
3020
218
910
2913
4238
3053
1971
4843
923
2230
741
3847
1438
3701
1341
4037
2618
1222
4200
4343
3635
4496
2344
44
4909
3559
3180
3609
1845
2003
77
978
4738
3143
3740
1300
2797
4227
3616
4846
3877
4251
3839
450
3692
951
286
154
3932
1380
3755
4863
368
2852
2236
2914
2676
4104
477
3422
3025
3678
4366
937
3470
4109
1529
501
3238
2215
3805
2521
4488
1903
2424
1649
3865
3752
45
3776
2124
2517
4710
2739
781
3122
4893
2792
4899
4396
699
2610
2179
2896
2655
2560
3164
2705
3898
483
564
2972
1039
1243
2778
936
1589
21
1683
3881
1364
4043
2284
4337
2801
87
2469
1712
155
4155
3443
3474
4170
1662
111
4466
1785
1138
4388
4233
583
4828
2840
4592
3594
1337
3697
988
1758
415
1216
257
1934
243
542
3831
2663
2060
4048
1500
1089
1580
3873
4326
1074
438
854
2951
1209
4081
4282
3011
664
470
2961
1235
642
4731
1449
1541
2624
2727
4747
2887
71
319
1159
1675
2190
238
4907
2713
2110
2544
1808
3622
3359
3926
4089
3270
3686
1329
4516
3249
3435
4220
2418
3094
2682
4508
2321
2034
1638
2242
2846
3848
306
3416
4932
1671
2688
4440
3409
4557
4084
1793
2928
98
3643
3782
3109
995
3189
3746
52
1564
1667
2902
4625
949
3116
2786
1968
486
3394
2118
3788
2966
1820
4690
2317
3059
2748
4897
127
1995
1853
719
4563
3135
4941
1719
3274
251
2410
3982
4416
441
4026
1013
851
1868
162
1194
2891
4348
1706
4408
1149
656
512
4754
828
670
2957
1537
2731
3763
4612
2223
3007
1082
1389
4759
3813
1656
1895
531
2947
651
4753
2484
3033
4236
732
4841
4540
3827
2250
2269
229
2360
2439
3078
1197
2551
4578
855
4016
4426
2245
3473
4191
1017
4382
3277
4786
2355
1619
1534
2631
827
3452
2954
4008
552
1900
3162
203
1606
3092
2822
530
2944
3212
1556
198
1383
3004
1941
30
2405
453
3824
2076
722
112
4707
2487
3646
4548
3183
1412
2000
1303
3743
3140
3526
4167
986
4179
4615
443
1664
1567
1815
2314
2041
4203
22
685
4340
3101
2528
4174
4798
86
3397
346
4940
1362
64
3332
4857
1836
1252
2648
4230
2502
4526
3586
856
4482
987
1738
3298
76
3401
4173
2037
562
4662
3097
2582
1178
4768
2843
1571
4197
4887
2296
4056
759
1779
3265
883
272
4040
1112
2588
3440
1192
2185
577
2563
616
4448
4308
2491
2105
2376
1937
414
4652
3392
1240
480
1468
442
4316
1680
884
1575
309
2884
65
3152
2724
2627
4721
865
3722
447
3378
2139
3281
2999
2613
2547
611
4713
1201
2055
1495
4443
126
2759
4913
1367
4595
188
2835
3818
2088
161
1612
2208
366
3156
2287
1790
4687
3446
2351
1018
3273
2448
843
1042
2816
3086
105
4211
2158
1562
4806
3206
4938
3477
2029
1334
3694
3597
2082
4818
2809
4223
3988
3219
4916
1406
2514
2127
4537
4671
51
2328
4144
825
3652
2431
259
1419
2555
2193
2113
2710
33
3996
4859
3532
2639
702
2921
409
473
4775
2605
3167
1503
2660
2063
3870
4149
1246
254
1842
1689
15
3326
1583
4266
1356
461
976
528
1929
4903
2220
4543
4296
3810
4135
4889
2496
3592
525
672
3171
3030
3465
412
2253
2576
2917
4750
873
2363
2302
1119
977
2413
3966
3578
667
467
1106
3498
1749
4701
1186
2427
822
104
289
1375
2131
3760
2718
2382
4437
779
4560
3601
2869
1823
3175
3659
595
3481
2148
4693
1850
3386
2347
3735
1295
4935
14
2794
3640
2388
579
2291
4288
938
3709
3146
72
874
3874
4565
430
1268
178
3716
4217
1371
