1960
1417
1960
2266
4137
1805
4137
1886
1263
3648
1263
4744
1263
3477
1263
2063
570
495
267
94
4544
2903
809
657
3572
1114
421
422
421
243
29
144
3433
2375
3433
3624
3191
1113
647
674
674
84
3485
1573
598
600
686
751
3111
3359
1774
2578
1774
1725
4799
2751
324
326
3407
3758
3407
4911
3923
4825
1128
4421
3357
3114
710
818
1038
890
1038
1039
4178
2952
4794
3731
2275
2988
975
122
3247
2295
3247
4001
3247
4002
681
665
681
759
4591
1639
4591
4184
4591
4187
3061
3073
2830
2854
2830
2950
2830
2376
4783
4357
4783
4861
4783
4837
4783
3735
4783
3716
1327
1587
1327
2212
465
598
4549
3458
787
742
787
693
787
739
914
943
1008
922
1008
924
3950
4108
3950
1130
3950
3409
1166
1162
1402
1398
2010
4525
2010
3626
291
298
291
199
145
132
1313
4672
2729
4851
4603
1570
4603
4179
4873
1524
1447
2273
1447
4548
2395
2851
2395
2355
4435
4928
4435
4928
698
17
4574
1444
1151
3233
1151
1140
1157
1154
1157
1149
2889
1235
1026
867
1026
941
1026
1011
1860
2903
4004
3485
96
136
3202
4314
3202
3967
3202
3206
3202
3578
920
1078
406
303
406
398
406
241
3366
4278
3366
3134
3366
2733
2134
1874
2134
3802
1282
1789
913
912
1721
1722
2994
3045
1233
1705
1233
2033
1233
3105
1233
1706
55
188
3353
3931
3353
4772
2368
2994
2271
2478
4009
4017
1910
3854
1910
3649
202
298
1596
4941
187
1207
2741
1207
3127
1207
1565
1207
3132
210
209
4579
2649
4579
2446
4579
4632
1476
2684
4567
2438
4567
4012
3320
3072
3320
2706
3320
3509
1087
14
1288
1791
1288
2207
4215
3034
1391
4009
1391
2039
1391
2038
1387
4024
1387
2635
1387
4214
2226
2604
2226
3996
3009
1174
4597
3985
4597
2560
2603
2064
2603
2203
2603
3467
2603
2204
2603
2631
2603
3640
4444
4867
819
769
819
751
2949
3304
2949
1497
1211
4420
1091
4112
1505
1676
1505
1130
4304
3191
4304
3411
4304
2793
2068
1277
3829
4686
177
599
602
3016
1420
2483
4778
2483
2484
285
400
285
414
2267
2222
2267
1825
3942
3160
3942
4793
3942
4828
4685
4712
4685
3912
4685
2717
1770
2875
1770
2042
4630
2261
4630
2260
4630
2076
3293
4040
1614
1234
1614
4768
1614
2063
1717
2592
1717
2581
2434
3479
892
890
892
887
3066
3112
623
56
2018
4934
144
1147
1143
1161
1154
1161
1160
4573
3468
3035
3081
615
614
4449
2471
4309
4346
1455
4857
1455
4857
2095
1620
2095
2410
1451
3454
1451
1450
1539
4704
2959
3643
1348
1507
1348
3305
1348
3030
502
464
502
463
3228
3267
3228
3471
3228
2958
737
806
737
766
737
618
4143
3225
3625
2957
4535
2429
4535
3992
4535
3988
273
21
2319
2652
2319
4405
2319
2082
2462
3704
2462
2473
2462
3348
1102
4947
234
271
261
394
1428
3623
1428
2291
2173
3250
2173
1597
3545
3744
834
837
834
649
4764
3496
1331
3823
1331
2302
396
329
396
298
396
198
3251
4651
3057
3340
680
78
680
711
3258
3279
2306
3139
3361
4879
3361
4902
3361
3157
3361
3734
3308
4716
2256
1308
704
856
3411
3423
3411
2541
3411
4115
4777
1687
4777
2712
4777
3346
3187
1518
3107
4430
3107
1138
4252
4072
4252
3903
374
225
374
380
4769
4399
3890
4786
268
92
1669
109
2512
2519
2512
3743
54
151
1057
921
1057
924
297
230
3133
4799
3133
1625
3133
3137
3730
4849
1918
4705
2181
2538
4148
1170
985
960
2475
4839
3566
4113
3566
4308
1114
1669
1527
3321
1527
2455
2741
2495
1037
955
1037
957
4611
2970
4611
3832
4611
2620
3981
2845
439
441
2595
2201
1647
3230
1647
2259
1647
1604
1007
1086
1007
918
1744
4724
1513
2345
4623
3042
3043
2695
1591
1491
4195
3001
4842
3397
4842
4859
2700
3736
2700
1707
2700
3937
2103
1390
2103
1389
3837
4240
3837
1542
3837
4770
3837
4022
1463
2994
1463
4034
152
190
33
964
123
423
427
423
245
1396
2372
1396
4006
1396
3873
586
590
586
470
3285
1538
1172
1687
1172
2712
1172
1160
1172
3346
2568
3841
2568
3476
2568
3652
3553
2514
3704
3709
2165
2434
2165
3998
2165
1500
3607
3645
3607
3644
3607
3814
4819
3739
4819
3727
4819
4286
369
386
369
384
369
205
2471
2386
2471
2390
963
37
2799
2535
2799
3766
2799
2809
3989
3996
3633
4722
3633
3673
3633
4048
1276
1614
1276
2675
1276
4426
1021
878
1021
1069
3372
3120
3372
3376
3520
3369
3520
3364
568
526
568
485
1488
3563
3879
3895
3196
2349
3196
2535
3196
2814
311
323
311
361
4876
3751
2864
1236
0
170
2198
4237
2198
2681
2198
1740
2198
2282
2198
2663
1602
1812
1602
4569
4356
4792
4356
4357
4356
3701
718
768
3125
4385
785
692
785
656
3984
2886
62
96
62
97
62
88
62
60
62
37
62
90
62
58
62
91
62
39
62
92
62
16
62
84
62
95
62
94
62
23
62
40
62
34
62
35
62
89
62
59
62
20
62
38
62
32
62
31
62
93
62
21
62
87
62
30
62
22
62
86
62
76
62
33
62
15
1482
1586
4814
4829
4814
4358
3654
3657
3557
3563
730
691
730
808
867
866
3561
2788
2024
2500
2024
4100
3493
4805
2232
4562
1628
4944
1628
4107
1628
1680
171
2804
3969
3936
1530
3936
3143
4289
2780
3214
1379
3214
1632
1255
2061
1255
2888
1339
2281
1339
4323
3699
3523
3425
2811
3425
3576
782
758
782
783
3022
4766
3022
4775
1548
4842
1548
2489
1548
3717
1548
2494
3072
4822
866
865
317
212
317
215
317
381
565
452
565
538
2754
4940
4284
2030
4284
2787
1305
1660
2938
2978
372
330
372
207
372
389
3915
2514
2283
3989
2283
1502
2283
2066
305
241
305
346
3611
4186
4705
3040
4705
2689
4705
4236
724
760
724
735
2467
2698
1096
3956
2456
1591
2456
2472
2456
3674
3508
3521
4126
2239
852
820
852
642
4281
4430
4082
2025
4082
4091
2312
4574
2312
1721
2312
2949
2312
2068
2312
1527
2312
2875
2312
1801
2312
1517
2312
4695
2312
1582
2312
3236
2312
2042
2312
4547
2312
1733
2312
1189
2312
4656
2312
4545
2312
1874
2312
2239
2312
1540
2312
2908
2312
2945
2312
2924
2312
3234
2312
1989
2312
2876
2312
4655
2312
1975
2312
1971
2312
2242
2312
4612
2312
1779
2312
1790
4165
1700
1058
1070
1058
984
1924
1430
1059
1070
2403
4712
2403
3679
2403
2678
2403
3062
2403
2717
4617
4648
1587
3313
1587
3014
522
450
1684
52
3841
4618
2880
3626
1651
3085
2262
2263
4456
3315
4456
4233
4456
4731
2519
2794
4160
3803
836
638
836
842
3345
3355
3345
2713
603
48
1225
3087
1225
4447
1225
3089
1225
3080
1225
3109
3800
3803
3800
2002
3800
3810
4732
3323
4732
4239
4732
2459
2634
1183
1531
1403
2737
4791
2737
2361
2737
4282
4676
1542
2506
1636
2506
2379
1414
3251
1414
3460
1414
4680
3458
3299
3458
2649
3458
2446
3458
3328
3458
3297
3458
3036
2177
2175
2177
3172
3350
4783
1230
1222
3795
2256
3795
1504
3795
3798
3795
2858
3795
4626
3795
4717
3795
1194
3795
1619
4489
2849
4489
2310
1913
4599
1913
1897
4116
3573
3169
3557
3169
3405
3169
3559
2875
2634
2875
2621
1687
3530
1687
1139
4108
2801
1584
4950
4627
2641
4627
3852
4627
4028
3323
3111
3323
3123
2766
2785
1927
2320
1927
2084
4651
3285
4651
2449
4651
1823
1988
4238
2129
1924
2129
1489
3768
54
2986
2677
1751
1753
176
1863
2206
1863
1867
4600
3253
2174
4620
2174
2152
1417
2920
2734
3723
2637
3111
2637
1650
2637
1736
2637
2045
2637
3687
2637
4826
427
264
427
429
4722
4390
1982
1905
1982
4176
1982
4177
4484
2042
4484
1189
4484
2239
4484
2554
1121
1679
1121
4315
1121
2539
1075
1038
1075
1037
1075
1016
1075
959
1728
2666
249
282
3920
1748
2027
4262
2027
3903
3479
3375
3479
3878
4661
3055
4661
3683
4661
3053
1888
2075
1888
1874
2833
2902
2833
2891
3661
3672
3661
3500
2871
3630
2871
3804
707
603
3953
3764
3953
1661
3953
3763
3599
2057
2013
1617
2013
4598
4481
4542
4481
2845
4481
4733
4481
1194
3217
1147
3217
2587
3217
2596
4780
3742
4739
4756
4739
3093
4739
4766
1310
1866
1310
4640
2807
1211
1062
1072
165
1963
1498
1963
4598
1369
2853
1369
2562
650
749
650
695
2757
1458
2757
2767
2757
3949
1260
2926
1260
2585
4734
2480
408
381
408
213
327
192
327
328
1882
4582
3430
2829
2464
2713
734
801
734
748
734
606
4867
4875
4867
3394
3711
4444
3711
3384
3711
4832
2289
2323
2289
3146
4256
3354
264
96
231
230
758
741
758
719
3536
3153
524
529
4389
3698
1948
4657
1948
2091
4829
4850
3604
2932
294
200
3707
3725
3893
3917
904
949
662
677
662
815
3130
4437
3130
4437
3733
4883
3733
4402
2761
2777
2761
3183
345
327
345
394
677
817
677
831
644
676
3221
2592
3221
2593
2811
2817
2811
3966
3956
2532
994
932
3515
4344
1702
4863
1702
4863
3342
3125
3342
3379
3342
3122
4745
2044
1826
3619
1826
1603
2867
3012
2867
3010
2867
2317
321
237
321
289
2170
2407
2170
1429
2031
2452
821
838
821
699
3554
4105
3554
2520
3657
3049
3657
3319
3657
2469
740
695
4824
2769
4824
2747
4140
2913
4140
2902
237
283
2538
2322
2349
1118
2349
2536
2349
4924
939
969
939
938
4384
1704
4384
1703
4384
2034
2641
4043
1524
4304
1524
4896
1117
4121
3290
4631
4570
3461
4570
2925
4570
2936
1318
2568
1318
4672
3666
3680
1421
1417
1421
3229
1033
1085
164
4633
2996
2429
2338
4934
3429
128
1747
2772
1747
4872
1747
3173
1644
1094
1644
4891
1644
4887
2695
3907
186
3908
3722
2856
1385
4192
2078
4192
1611
4192
3847
4381
1522
2048
2049
1003
1063
1003
884
3046
2699
1931
2885
1931
1441
840
638
840
843
97
134
3834
4027
3834
2308
2600
2671
2600
4054
2600
3507
2600
3047
2600
3689
2600
4069
3858
2028
3858
2468
2906
1152
1691
4288
2668
2216
868
38
2480
2753
2480
3380
2480
3135
4555
1402
4555
1405
903
998
1773
4667
1773
2884
2919
4745
2919
2703
2919
1223
2919
3086
3885
3511
3885
4398
597
600
3399
3747
3725
4789
3725
2750
2978
3485
2978
3294
727
714
727
673
2772
3188
2772
3954
799
859
3054
3337
356
373
356
256
4504
3469
375
344
375
292
3104
2306
3104
4805
3104
3377
3550
4926
922
921
4509
1759
4509
4520
4509
4688
4509
4522
4509
4608
4509
2396
4509
1825
4509
1400
4509
1489
3184
3759
2992
3689
2992
3078
1781
1726
1781
2887
3630
4215
3630
2662
3630
4222
3523
3718
3523
3737
3523
3546
4088
4099
1976
3257
1976
3784
1053
1080
1053
909
1569
1234
78
168
3040
2701
1460
1095
1460
4891
2100
3651
2100
4021
2100
1761
2703
3086
2703
3086
4044
4053
172
1798
3866
1384
1383
2264
2265
4096
85
4335
4336
4869
4353
2489
4289
2489
1088
2489
4859
4157
1185
4157
2588
4951
105
633
706
4702
3046
4702
2686
4702
3331
1876
4324
1876
2257
2437
4370
2437
2640
2437
1609
2437
3023
1199
2475
1199
1691
1199
3671
1199
2742
1199
3694
1714
2612
1617
3625
1617
3639
3279
4740
3279
2704
4620
1633
4620
1908
4620
4699
3001
4725
3001
2680
3001
3028
330
208
941
996
2141
1902
2141
4678
1765
2856
1765
1384
242
267
4049
3897
1510
3848
1144
1148
1144
1136
1144
4226
1144
3864
2883
3655
2883
2450
1154
3107
1154
1153
1154
2679
1154
1159
3315
4711
4035
4339
4035
3898
3542
4821
3542
4815
3542
3740
1444
1542
1444
3338
1444
3098
1444
3092
2629
1539
2629
4045
2629
3497
2997
1697
4758
4786
1621
3997
1621
2928
1621
1656
2137
2232
2137
3820
3803
3260
4672
3666
4672
4335
4672
1301
4672
3665
2338
1398
1905
2388
4344
1624
4344
4345
4163
4540
4404
4683
2441
1627
2549
2554
4349
4549
4349
1812
4349
1720
4349
1899
4349
4589
4349
4569
4349
2258
4349
1799
4349
1853
4349
2576
1855
1852
1855
2202
1855
3259
1832
1532
1832
2382
3336
3901
3336
3374
1696
2712
1696
4269
1696
1160
655
677
4409
4391
4409
2353
4066
1648
462
461
113
166
61
136
1939
1940
743
688
743
768
4225
4047
2400
2505
88
131
220
22
1204
1199
1204
2687
3672
2364
769
697
769
631
386
393
386
392
3945
3412
571
457
2005
3992
2005
1919
314
219
314
224
314
257
3404
4888
1777
1217
1777
1470
2280
2629
4636
2443
4636
2969
4636
3831
594
469
594
596
2862
1281
2825
112
890
953
1324
4490
1324
1490
475
498
3244
2952
3490
3685
2912
1376
3354
3363
3354
4271
3354
4272
1518
1461
1518
1478
3052
2470
3052
3096
3052
3080
935
1076
935
932
133
1955
1413
1955
4689
1020
876
1020
1016
1020
1069
151
3
96
3
97
3
123
3
60
3
37
3
122
3
90
3
121
3
58
3
91
3
39
3
92
3
16
3
95
3
94
3
23
3
40
3
34
3
35
3
89
3
59
3
20
3
38
3
32
3
31
3
93
3
21
3
87
3
30
3
22
3
33
3
15
3099
2353
4212
3207
4212
1666
4212
3574
788
808
788
807
788
626
2039
3853
3775
2846
1360
2270
1360
1912
1269
2864
1269
2046
170
3330
3904
3330
4255
3330
4060
1250
1466
1250
2591
3866
3897
4118
3422
1484
1183
1947
4527
1947
3818
4868
2356
4868
4355
4868
2523
4653
2437
4106
4886
4369
4370
3708
2736
4377
1806
4377
2152
4377
4376
4377
2905
2656
4030
2895
1237
773
784
773
661
1223
3105
1223
1667
2389
1128
2389
1211
2389
1127
2389
1210
2389
1108
2389
1266
2389
4945
2389
1493
2389
1673
2389
1494
2537
1610
1731
3148
4712
2727
838
843
838
667
436
281
436
441
4364
3944
4364
3934
4364
3386
955
956
2149
2277
2149
2976
1891
1892
3658
3051
2706
4260
2868
4620
2868
1896
2868
4367
2868
2152
2868
2206
2868
1520
2868
2894
2868
2901
2868
1788
2868
1818
2868
1156
2868
1175
2868
3823
2868
2899
2868
4669
2868
2890
2868
2915
2868
2196
2868
1226
2868
4667
2868
2910
2868
2402
2868
1549
2868
2905
2868
1600
2868
1867
2868
4343
2868
2914
2868
1903
2868
1216
2868
2884
2868
2302
2868
1186
2194
2618
697
18
870
962
1410
3846
1410
3835
1410
4052
1410
1406
2002
1517
2719
4800
3142
4289
2047
2049
4663
1280
3771
3811
2853
4192
2853
3830
1748
1460
1748
2301
3907
3525
3907
3528
3907
4073
3907
4802
3907
3522
3907
4077
3499
3511
3499
4255
3499
4749
3499
4751
3499
3332
4172
3245
4849
3178
4849
2391
4849
2360
4483
2861
3579
3968
4590
2381
4590
2436
4590
2336
2820
1124
2820
2540
3693
2483
3090
3918
3090
3918
946
90
1317
2916
1317
1875
3210
4940
4075
2487
4075
2487
4494
3261
3933
3728
1118
2827
325
391
325
326
4499
4577
4499
4322
3450
2627
1786
2315
1786
1619
2564
3019
2667
1188
1902
1345
4725
4047
3160
2760
648
845
648
640
341
325
341
293
3423
2820
4844
2510
4844
3162
3857
3906
760
612
760
804
760
616
1991
2624
4258
3516
3720
4098
2793
2822
3123
3187
3123
3532
1928
1939
1928
1521
1041
985
1041
1068
4657
1407
1987
1991
1987
4665
947
94
3861
3688
1688
4284
1688
2182
1688
4080
4469
3299
4469
3328
4469
3297
4922
3428
4922
1129
2671
4685
4477
3608
4477
2852
3150
4865
3753
3757
3504
3355
3636
2997
3958
3960
2638
3657
3390
4101
1242
1549
1242
1600
1846
4653
1846
1575
1321
4721
347
401
347
223
4464
2654
3454
1940
1418
2920
1682
57
754
50
235
234
123
131
2329
1474
2329
3749
3911
3729
3767
3963
4946
1
2051
4781
2051
4781
4835
4103
159
27
738
810
738
771
4202
2983
3615
4674
2973
3662
3218
1226
3218
1216
3756
4309
3756
4109
2808
2327
360
317
360
368
1110
3871
1713
2612
1544
1461
1544
1478
3442
1520
3442
1216
1190
1714
1190
2577
2159
4593
2159
4670
2028
4264
2028
4065
4383
4384
2675
4647
4647
3324
4647
4242
4647
3322
1887
1523
1887
1875
2449
2673
4631
3057
4631
2692
4631
4249
2541
2542
4394
2349
4394
4908
1624
2339
1727
2919
2235
4652
2235
4652
4399
2497
4399
4830
4399
4834
4865
1474
4865
3749
36
133
49
134
3026
3038
3026
3044
3026
2691
284
285
284
399
1951
1514
1951
4637
602
62
602
5
602
99
602
4
2209
2608
3819
3836
3819
2217
2089
3863
2089
3656
2089
1749
2580
2198
452
550
1663
1282
1663
1618
1663
4584
1663
2090
1663
2091
1663
2993
1663
1758
1
178
2500
2770
849
850
425
427
1055
915
1055
1084
2216
3066
2216
1750
2216
3524
2216
3702
2934
2277
2934
2975
2934
2976
3806
2981
2758
3736
2758
3741
3872
4052
1840
2401
1840
2385
4692
4762
4692
3059
2337
3412
3745
3560
3745
4305
4514
4611
4514
1463
4514
1587
4514
4636
4514
4590
4514
4657
4514
4638
4514
3624
4514
2212
4514
4698
4514
2219
4514
1532
4514
4658
4514
1804
4514
4639
4514
3824
2998
4039
573
497
2138
3990
2138
2896
3379
3537
1035
935
2785
74
3115
3380
3115
3135
717
690
717
750
1005
892
1005
1061
880
957
2662
2467
1014
865
495
481
2712
1687
2712
1687
1469
3682
73
140
1801
1279
3530
4856
3623
3470
2965
3879
2965
3487
2965
3895
1284
1788
1284
2196
4086
1087
1996
2912
1996
3245
3136
4101
2364
3091
3650
3887
3650
4368
790
625
790
767
790
807
4519
4619
4519
1920
4884
2779
4884
4887
2589
3009
2589
1484
2683
4256
2683
3512
2080
4676
556
535
556
449
1086
1077
1086
1078
2243
3837
1778
2432
1778
1217
4870
4895
4098
3945
4098
2337
4098
2795
4324
4633
4324
3278
1705
2292
4542
4015
574
470
1560
4413
1179
1172
1896
1348
4329
1383
1655
3645
1655
3814
635
770
1610
1534
3980
2421
3980
3601
332
283
2981
1590
2981
4248
2981
2694
2981
2457
1739
3944
1739
3934
1739
3386
3299
3067
1792
4647
1792
2990
1517
1376
4245
2714
4610
2368
4610
3631
4610
3839
1124
1118
1124
1115
1124
4125
1124
2335
1124
1116
1124
4939
1124
4938
1124
3966
240
332
2903
3266
2903
2615
2903
3033
4239
4245
4414
4380
4024
4053
4024
4737
1424
4270
1424
2481
1424
3375
1424
1483
1424
3878
2649
3031
1521
1434
138
3254
4565
1215
3127
1215
1667
3783
4500
3783
3226
3783
4673
3783
4561
3783
4671
4161
3260
3642
4757
4756
3703
2529
2531
2977
3649
8
176
1046
1058
1046
889
1046
1061
4068
3722
653
650
653
721
653
634
1676
1211
1852
4204
1236
2064
1236
4458
1236
3467
1236
2204
1236
2639
1236
3640
1914
2654
1914
2448
472
530
2380
3553
2380
3915
2380
2343
3304
3050
4280
1692
4280
3392
745
605
745
748
222
221
4419
9
4029
3019
4234
2685
3685
3724
3685
4843
2064
4213
3436
3226
304
321
304
255
546
499
3925
4798
3762
3197
3762
2016
3762
3573
118
135
4638
1430
2300
3253
1797
3866
2845
2279
489
593
489
540
489
454
4442
1636
83
3415
3202
3415
3425
3415
1120
3032
2693
3032
4385
3032
3364
3032
3883
3032
3122
4222
2659
4854
2177
4854
1550
377
221
377
257
1344
4320
1344
4321
3224
2883
3224
4179
484
494
2222
4001
2222
1757
1618
1424
3812
1237
2341
4535
2341
1531
2341
4324
2341
2929
2341
4323
2341
1800
2341
2935
2341
4322
2341
2872
2341
2257
2341
1824
2341
2942
2341
1919
2341
2921
2014
1414
2014
1551
3079
4847
1073
1038
1073
1074
3590
1355
3590
1559
2438
1439
265
97
757
790
757
729
2371
3873
506
521
506
552
3453
4320
3453
2407
3453
3241
3453
2431
2268
2600
4665
2607
2067
1277
3585
2281
3585
2073
3163
4849
3420
3200
3472
4686
3472
3013
3472
3011
4042
3885
1291
2050
1291
2459
1291
1635
1291
1737
1291
1738
1794
2048
1794
2210
569
475
569
578
1388
1387
2295
1757
4176
2614
1040
939
1040
875
1040
1068
4593
3253
2850
2310
3227
1914
3227
4655
4480
4377
4480
1164
4480
1156
4480
4669
4480
4375
4480
2852
1347
1652
1347
2930
4781
3928
4781
4833
786
809
786
690
786
683
2
147
1148
2017
1148
1137
1148
3874
4232
3321
708
755
4894
3765
4894
3421
1869
1806
1869
2914
3690
3360
3690
4267
3690
4750
3093
4775
2823
111
3213
3794
2017
2537
2017
4928
2017
2710
455
549
4660
4697
60
167
1718
3304
3266
2255
3930
3542
1382
1110
1382
1381
1077
924
1077
976
3257
3281
700
41
2375
3290
2375
3289
2375
3292
1131
3965
1131
3577
4784
3539
4784
3540
832
821
832
636
4601
2603
2749
2507
2186
1628
2186
3556
1427
1485
1427
2121
4424
1318
4424
3227
4014
3660
4014
3850
4014
3659
3058
4739
2106
2929
2106
1800
3182
2287
2974
3288
2974
4031
281
88
37
182
1413
1407
3742
2509
3742
2305
3742
2513
1302
3666
1302
4336
1302
3062
1302
3665
1302
3494
3789
2857
2119
3885
1969
2899
1969
2905
1363
1982
1363
3602
4205
3654
150
1917
3844
4650
2982
882
881
1253
1228
422
427
422
265
3333
3520
200
31
1576
3942
4429
160
4019
3865
3188
3411
3188
3410
3188
4114
1496
1497
212
211
3108
2749
3108
2186
3108
2185
2056
1721
2056
1779
4789
3742
3307
3038
3307
3044
3307
2691
1220
4717
1220
1619
482
481
482
552
4871
3950
4871
3752
3311
4046
2929
1789
69
137
2356
4890
3408
4120
694
613
2246
1402
2246
1395
2842
1245
2689
2236
2583
3634
2583
4701
2503
3176
1660
2656
1660
1290
1660
4194
1660
1741
4314
1125
1605
1798
1605
1797
1605
1291
1605
1522
3849
3362
419
425
419
245
861
990
287
247
287
429
1921
4020
1639
4198
4380
4381
4380
3866
1113
2543
1710
3745
1710
2030
625
624
4319
3737
4319
2342
4319
3546
2419
2273
2419
2272
1555
1237
4904
2804
4904
2817
4904
4907
1193
2667
1193
1183
1193
1698
1431
2935
1431
4689
2075
2956
1328
1553
1328
2330
613
53
835
836
835
840
3248
4590
1127
4372
3261
2275
3261
1663
3261
2375
3261
1921
3261
4619
3261
1990
3261
1920
3261
1459
3261
4691
3261
4690
3261
2382
4571
1892
4571
2944
4926
4942
2406
2341
3358
3117
3358
3119
1514
3663
1514
2324
3393
3554
3393
4400
1809
2580
1809
2258
4524
3270
4342
2971
4342
4709
4141
4644
4141
4365
3645
3016
2334
2503
2334
3548
2021
4880
2021
3402
1158
1152
2562
1346
1816
2965
536
458
1448
2855
1448
1580
3525
3121
344
307
344
390
4059
1548
2970
3486
1351
4666
1351
1652
678
680
678
80
3231
1155
1287
2209
1287
1599
4587
2603
3120
2503
3120
3947
3120
4836
3723
3149
3723
4434
2790
4395
2790
3766
2790
3760
4054
3899
1208
2578
1208
2579
2612
2959
2612
2031
2612
3636
1088
3190
2071
2209
2071
1594
1835
1393
1835
1397
295
276
4529
3466
4529
4565
3153
3160
3153
2508
3750
3188
3750
3954
373
234
373
343
2367
3115
4695
2442
1759
2658
4269
3128
4269
4840
948
92
669
146
2495
1690
2495
3157
2495
3734
2495
1564
1613
1593
1613
3276
1613
4634
1547
4445
4613
3003
4613
2626
4613
1895
4277
2491
4277
2491
2201
2636
2201
2658
2201
4062
2201
4056
4146
4504
4146
1526
784
809
784
709
1139
3144
1139
4285
19
1724
1477
3994
4014
1078
121
1627
2657
4621
2606
1884
3464
1884
1512
3983
4673
2575
1282
2575
2595
2575
1463
2575
4636
2575
1618
2575
2375
2575
3624
2575
1920
2575
1532
2575
2993
2575
2382
3466
3470
2680
2702
2083
1434
2468
4065
2468
3514
192
35
2240
3479
2240
1536
2240
3100
2240
1483
2240
1500
3999
2963
2937
4763
1376
3499
1376
2670
1376
4716
3272
4616
424
426
424
430
4752
3104
1491
1481
1105
4950
4264
1090
1185
2941
1185
4451
1185
2953
567
546
567
584
1563
2672
2192
2777
1588
2608
872
986
2112
4628
2112
4626
4185
3278
1984
1909
1984
1567
3533
3151
109
165
3620
2929
3620
2935
2779
2531
3385
3147
3736
3167
1296
2293
1296
1589
3507
4696
3653
3495
4809
1173
3176
4106
3176
4881
3899
2722
3899
3714
2571
2354
4804
4819
2178
2177
2178
1550
1582
1476
1582
2059
1582
3503
720
770
3457
3823
1843
1555
1843
2133
3145
2018
3145
1710
3145
4291
4562
2632
4562
1626
4562
1815
2738
4875
2738
3394
4358
4850
3715
4407
3715
3735
728
680
3764
2806
301
239
301
289
2062
2437
1502
2604
3904
4831
3904
3158
3904
3373
2836
2586
2252
3808
2252
2124
1648
3163
1648
3531
1648
3941
2044
3087
2044
3089
2362
1826
2362
2238
2362
4350
2362
3785
3239
4494
3239
4514
3239
4468
3445
4703
1528
4623
1528
3891
1528
2348
1528
3020
1528
4048
3461
4007
1314
2945
1314
1971
3155
2018
3155
1138
3679
2485
3679
4736
3679
3692
3593
1463
3593
4691
3085
4799
3085
1625
3085
3137
2815
2540
3511
3902
714
603
714
800
4715
4359
2664
3052
3205
1112
2567
3478
2567
3237
2567
4210
315
190
315
345
2303
1313
2303
1151
2303
1276
2303
1305
2303
1318
2303
4349
2303
1158
2303
1245
2303
2594
2303
1142
2303
1145
2303
1899
2303
4706
2303
1187
2303
1221
2303
1249
2303
3449
2303
1326
2303
2849
2303
1206
2303
1203
2303
1343
2303
1177
2303
1262
2303
4528
2303
1165
2303
4585
2303
4679
2303
4703
2303
1141
2303
1170
2303
1289
2303
1243
2303
4348
2303
1197
2303
1192
2303
1334
2303
1295
2412
1307
2412
1881
2412
1571
3854
2078
3854
4729
307
270
3838
4025
4607
4629
4607
1632
4283
2765
4128
1305
1487
3361
4294
2775
1405
1399
2941
3280
2383
1568
2383
2321
371
387
371
201
371
385
3608
2868
3608
1806
3608
1164
3977
1145
2556
2354
256
235
256
344
256
343
3969
106
1822
3063
1944
2918
1944
4162
3558
3570
2606
3907
2606
3055
2606
3683
2606
3053
2900
2244
3964
4942
837
838
837
687
4458
3490
4458
3488
4458
3318
2534
117
1631
4784
3780
2909
3780
1141
1355
2261
1355
2260
1355
2076
4299
3567
2619
2643
605
45
3325
1105
3325
4930
3325
4122
1245
2567
1245
2628
1439
4240
1439
1622
1439
3859
2197
2198
4678
1348
1551
3625
1551
2602
1551
2947
4511
2940
4511
4322
3517
2723
3517
4795
3517
3101
4810
2493
4810
4860
2776
4117
2776
4901
3124
3721
3124
3534
3124
4412
2752
2763
2752
4293
2865
1246
3179
2792
4523
3630
3896
2723
3896
4795
3655
2263
879
878
4115
3198
3610
2931
3739
3171
1299
2197
1299
1802
2122
1437
3792
2355
1972
1511
1972
2114
130
545
471
4883
4895
2164
2933
2164
4687
3705
2737
12
173
348
211
348
299
1043
1062
1043
880
1043
883
2898
1422
791
806
791
621
3560
3568
142
487
475
487
536
487
458
487
578
3778
2374
896
1018
1136
2465
1136
3498
1076
899
1076
998
1076
997
1650
1651
2881
1439
4078
4820
4333
4334
2443
2450
3469
3015
4417
3694
4027
3026
558
496
558
497
3801
1686
3801
4181
4270
3712
4051
3339
777
797
777
733
1530
1643
1623
4483
1623
2366
3284
3061
3284
3048
250
249
1115
2823
4255
3347
2474
3695
4237
3884
1872
1806
1872
2302
122
130
4728
2657
3840
4347
2594
1133
2697
2476
2697
2476
1745
2720
4000
1918
4000
4196
4000
2989
593
481
593
481
593
552
1379
1378
663
622
663
806
663
803
4411
3046
4411
2686
4411
3331
3618
2338
3618
1800
3618
2918
4152
1184
4152
2430
4351
1907
4351
4352
4351
3678
3970
2075
3970
1975
364
330
364
382
364
296
1812
3647
1812
3483
1812
4605
4327
4455
4327
1400
2701
4345
2701
2339
2701
2718
1590
4058
2559
4527
2559
4568
1415
1414
1415
2265
4033
3063
4423
2828
163
3344
3515
3344
3693
1224
4745
1224
2703
1224
3086
2635
4044
2635
4737
2143
4491
2143
1630
4838
1746
2740
4854
3797
4014
3003
3064
3003
1595
3003
3674
555
535
555
449
4243
4066
4243
4265
4243
2488
2609
3274
4300
4353
4300
3952
2180
2798
2180
2792
1685
43
4746
4812
4746
2361
2877
1162
1436
1510
1436
2297
2616
2634
3955
3570
1925
1641
1925
4197
1762
4055
1762
4056
2932
4008
2755
2294
2755
2504
1304
2283
1304
1742
2839
2906
2839
2587
2692
2271
548
597
3676
3898
4517
1510
4517
4653
4517
1655
4517
1521
4517
4593
4517
2197
4517
1911
4517
1231
4517
2297
4517
2922
4517
1545
4517
1479
4517
1652
4517
1578
4517
1598
4517
1791
4517
1802
4517
4415
4517
1519
4517
2207
4517
4670
4517
1811
4517
1556
4517
4526
4517
1575
4517
2627
3852
4032
3236
1814
3914
3372
1783
1230
1783
2432
897
952
897
1018
1642
1643
2238
2240
4556
4603
4556
3224
928
914
928
1083
2470
4447
871
870
2422
2871
2422
2243
2422
1388
2422
4613
2422
2083
2422
1558
2422
4551
2422
1525
2422
1485
2422
1881
2422
4361
2422
4534
2422
1974
2422
3252
2422
2411
2422
2121
2422
4326
2025
4096
2025
2748
2678
4049
3424
2807
3424
1472
3424
2812
3424
2533
378
444
761
858
761
646
2805
2335
2805
4315
3521
3928
3521
4279
3521
4087
493
577
3215
2056
3215
1158
1254
1727
1254
2888
2189
2190
2746
1747
1423
3893
1423
3082
1423
1622
1423
3095
775
730
775
788
4644
1166
4644
1147
4644
2906
4644
2047
4644
4663
4644
2583
4644
1185
4644
1466
4644
2592
4644
2597
4644
1553
4644
2598
4644
2581
4644
2195
4644
4490
4644
2892
4644
1490
4644
2897
4644
2911
4644
2590
4644
4575
4644
2593
4644
2205
4644
4566
4644
2587
4644
4171
4644
2591
4644
2596
4644
1906
4644
2896
4644
4625
4644
2588
4644
1468
4644
4713
4644
1583
1857
2890
1857
2905
2109
1803
2109
2210
560
455
560
541
4397
4075
4397
3518
4397
2487
2643
4754
4866
3547
4866
2020
2782
3184
2782
2526
2968
2651
1450
1438
3786
2934
2116
4571
2116
2428
26
19
3902
4794
3902
4410
3902
3726
1160
3107
1160
1139
1160
2482
1160
1159
1579
2383
1090
55
4790
2350
1693
4858
135
4491
2931
3317
3508
3317
4767
3317
3343
1210
4373
359
365
359
363
4430
3768
4020
4241
4020
3662
1966
1401
1933
2880
1933
3622
2394
1321
2394
1321
2788
4338
2788
2803
3118
3143
2135
1891
2135
1890
2135
2944
1771
2949
1771
2875
4931
4943
862
35
2995
3658
2995
2669
2995
3025
619
618
869
868
3748
4402
498
474
1907
3342
2059
3686
4373
10
1499
2981
5
3
4649
3022
4649
3872
4649
3667
4474
2341
4474
2406
4474
2340
4474
1401
4474
1264
4336
3707
4336
3719
4095
1568
99
29
99
55
99
54
99
0
99
113
99
159
99
1
99
73
99
8
99
118
99
2
99
69
99
109
99
12
99
115
99
114
99
53
99
11
99
81
99
107
99
67
99
156
99
46
99
106
99
125
99
82
99
85
99
10
99
74
99
66
99
75
99
48
99
102
99
158
99
119
99
56
99
9
99
68
99
101
99
108
99
57
99
13
99
103
99
129
99
43
99
100
99
116
99
70
99
110
99
160
99
117
99
7
99
45
99
155
99
111
99
71
99
52
99
112
99
65
99
126
99
105
99
104
99
14
99
72
3410
2541
3410
3571
3410
2328
90
135
1142
4166
1142
1133
2274
4609
4503
2212
4503
4159
1009
1012
1009
990
2763
4301
2763
3406
2763
3565
3731
4873
3731
2502
3731
4443
4654
4004
4654
3294
4654
2605
541
455
1957
1416
1957
2923
1071
1035
1071
1074
416
421
416
286
756
678
3891
3525
3891
3528
3891
4073
1658
4421
751
696
3947
3176
4853
4874
4853
4903
1708
4810
115
132
4248
4058
2813
4948
3223
3604
3223
2248
2007
2243
2007
3804
4659
3012
4659
3010
4659
2317
329
277
329
331
1775
2288
1775
4733
440
251
440
441
3360
3120
3269
4360
4741
4791
4741
2361
4741
4282
1330
4571
1330
1886
2827
110
4467
2681
3250
2439
1866
4414
1866
3999
1866
3627
2033
4280
3484
4661
4479
2331
632
631
3663
2464
3663
3504
3663
3041
2831
4706
3060
4253
343
301
343
307
4060
3347
829
816
829
682
829
695
4497
4160
4497
4656
511
513
550
597
1806
3829
1806
3013
1806
3011
4036
4059
2011
1441
2011
1941
3951
1636
600
99
600
6
1819
4549
2873
1303
219
274
4391
1482
4182
4013
4847
3361
3887
3510
4831
2773
3624
2964
4530
4688
4530
3793
3727
3171
853
761
853
857
1961
1416
1961
1825
4
145
4
55
4
78
4
61
4
88
4
36
4
49
4
26
4
80
4
53
4
17
4
46
4
124
4
47
4
84
4
48
4
56
4
146
4
57
4
18
4
42
4
43
4
41
4
25
4
24
4
50
4
44
4
45
4
98
4
52
4
86
4
76
4
51
4226
1099
4226
1137
742
747
80
167
134
532
523
532
451
532
592
2622
4785
2622
2276
2622
3007
1218
2908
1218
1779
1756
1537
3544
4433
3544
3391
4065
4072
4065
3102
3713
4096
3110
4819
4473
2848
4473
2847
1442
1422
3190
75
338
202
338
199
338
385
881
956
2435
4207
2686
3889
4374
4404
4374
4650
4374
3287
2249
4580
2249
1429
1911
2977
1911
4199
1911
1492
1767
4329
1767
1386
2926
3635
2270
2986
2270
4682
2270
2985
4635
2646
4635
2984
4635
4710
4403
3202
4403
1121
1615
1263
2359
2405
1390
2392
1390
1601
3242
4728
3846
3022
3321
2703
3321
2044
3034
4727
362
388
362
196
1454
4567
1454
2384
3418
2808
2094
2411
2094
2410
3682
3507
3682
3689
3682
3078
4942
4952
2416
4636
2416
1990
1753
1455
1753
1708
1753
3113
1504
1234
1150
1144
1150
1149
2848
4365
1636
3416
1636
4897
206
32
1720
2616
1720
3255
1720
2610
1123
4938
3928
4827
2409
4455
2409
4664
4320
2444
114
130
772
755
4367
2950
476
513
1861
2899
1861
4343
4379
3569
4379
2527
3688
3091
1715
2884
1715
1186
4003
2978
1764
1391
1764
1388
2586
4188
3974
2128
3974
2855
3502
4057
3502
4718
4604
3005
2097
1759
2097
2613
3582
1867
3582
2914
1457
4946
4668
2656
4668
4194
4668
1741
3843
3647
3843
3483
3037
3354
4762
4064
1145
1140
2401
2937
2401
3995
2401
2948
4297
4893
2298
4699
4877
4112
4877
3755
1385
1560
1385
4024
1385
2974
1385
2635
659
716
659
744
3296
2662
1736
3359
1507
3508
1507
4767
1507
3695
1507
3343
1653
4935
1176
2894
1176
1175
4609
3837
1899
3822
458
549
4273
1731
4273
3932
4273
3140
2440
3330
2440
3690
2440
2119
2440
3038
2440
4229
3979
4349
3979
2850
3979
4528
3979
4348
3588
4163
3588
1630
466
465
3967
3969
1533
4464
1533
4208
1533
3277
1025
963
1025
860
1025
1012
4330
4331
2265
1410
1620
4445
860
33
510
527
510
480
3376
3929
551
469
1272
1788
1272
4343
3491
3911
3491
1631
3491
4051
3491
3876
3491
3543
3491
4266
3105
3130
3105
2752
3105
2740
3105
3381
3105
4437
3185
1129
587
527
587
480
3563
3955
3563
4408
716
747
716
763
1079
946
1079
1080
4436
2754
4436
3155
2392
1387
4216
2678
4216
3062
3724
4817
3724
4817
4520
4029
4520
1333
3627
2963
4821
4848
3884
4364
3884
3365
2152
2943
2152
4459
209
208
1466
1728
1466
4220
1466
2999
3991
3310
3055
3065
3613
3254
3613
3257
3613
3466
3613
3463
3613
3263
3613
2133
3613
3464
711
76
3547
2771
3547
2515
4813
3116
2281
1882
2281
1883
2281
4203
1999
2123
1999
2125
2722
2492
2378
1924
2378
4329
2378
2222
2378
1759
2378
1355
2378
4374
2378
2273
2378
4455
2378
4321
2378
3455
2378
2200
2378
4580
2378
4624
2378
1416
2378
1559
2378
2248
2378
1386
2378
4522
2378
4664
2378
2040
2378
1456
2378
2396
2378
1319
2378
1825
2378
1400
2378
1489
2378
1429
2378
4548
4208
2654
3139
1693
3139
3388
3139
1692
2277
4351
1780
2598
1780
2911
4686
3506
4686
3867
4686
3492
3355
3524
3355
3702
3355
3112
1325
2268
1325
1817
2473
3706
3245
4550
3439
1276
2078
2683
490
585
490
448
490
542
3551
2514
2162
2300
2162
3813
1558
2298
1558
1633
1558
1908
303
414
1954
2093
1954
3252
2452
1188
540
454
3631
4646
2004
1510
2004
1556
121
128
1608
1408
2212
4721
298
200
3822
3495
3822
3027
2092
1406
53
184
3944
3169
622
621
4807
3713
4807
4278
4807
2748
4092
4400
4291
3549
4291
2019
3487
2463
2824
107
3076
3707
3076
1467
3076
3126
3405
3563
1048
1058
1048
888
2140
4636
2140
4690
2743
1102
2743
3210
2743
3145
2743
4124
3997
3845
1012
996
1012
995
3000
1756
3000
3868
3000
1755
561
455
561
541
1854
1852
1854
2202
1854
3259
2646
4411
1838
2890
1838
1600
2183
4871
1511
1882
1511
1883
1511
4203
1205
1470
1205
1471
4274
2737
4536
2275
4536
4468
2526
4373
4240
4700
4303
3757
4698
2981
2397
1587
2397
4584
1239
1466
1239
2590
1445
2238
1445
2318
4420
8
4030
2461
4030
2696
4030
2688
3528
4779
1461
3962
1461
4907
514
571
514
482
514
457
2101
1456
2101
2396
4267
3374
3314
3330
4279
3561
4279
4105
4279
2399
141
1155
1154
1155
1150
1679
2335
3041
3513
1593
3008
11
175
3973
4161
143
1904
2077
1904
2260
2332
2226
2332
4630
2332
1414
2332
2048
2332
2149
2332
2268
2332
1253
2332
1555
2332
1551
2332
2881
2332
2265
2332
1803
2332
1515
2332
3808
2332
2210
2332
1597
2332
2585
2332
1894
2332
1817
2332
3456
2332
3811
2332
1475
2332
1512
2332
2211
2332
2124
2332
2060
2332
2582
2332
2291
2332
4565
3648
4768
246
264
4930
1577
2592
3050
1188
1182
1188
1173
3496
2036
3496
3529
3496
2351
1108
2544
2810
1266
4589
2626
4589
2630
4589
1895
1307
3887
1307
3675
1307
3875
3220
2419
3220
1203
3363
3927
4551
1528
3917
1530
3917
1642
3917
3118
4850
4379
4850
4303
4527
3816
3253
3057
3253
2692
3253
1372
3253
4249
2465
1534
3576
2538
508
479
508
529
1333
3335
2171
3630
2171
1485
2030
3560
1182
1688
1182
4879
1182
4902
1182
4275
2578
1204
3413
4116
3413
2016
1742
1278
3302
1591
3302
3064
3302
1595
1789
3054
1789
1650
1789
2045
1789
3687
1789
4452
1257
2864
1257
1853
179
688
669
3131
2738
4584
4694
4584
2458
4584
4227
953
22
2760
1513
2760
4299
535
449
4057
3699
4057
3352
801
814
4801
4088
4801
4278
4500
4654
4500
2314
3427
4930
3427
4928
3427
1106
4879
1672
4879
2182
4196
2120
2498
3179
2498
3398
2498
2798
3869
3512
1093
4110
1690
2761
1690
3946
1213
1207
1213
1215
2601
2319
4317
4938
4370
3104
4370
4752
4370
3103
365
209
365
382
3718
2342
4011
3857
4011
3849
4011
3905
1266
4419
1930
1585
1930
2085
3382
3736
3382
1707
3382
3937
2735
3151
4925
4926
4925
2819
4925
1674
4925
4316
4793
2760
2386
3926
2386
3926
1227
1233
1227
1225
691
672
3347
2334
3347
4803
3347
3368
4581
4614
4581
1546
2481
4277
2481
2491
2481
2363
3148
2183
3148
2762
3148
2184
954
20
4023
3660
4023
3659
4433
1661
4433
3754
4188
4015
2175
4926
2175
3964
2175
4302
2659
2467
2659
2467
2146
3254
2146
1475
1420
4813
1420
2709
1420
3910
1420
4742
1420
2711
1420
2721
398
414
2709
3371
1472
1131
1472
1127
927
916
927
1084
3291
3037
3291
3869
3291
3306
696
124
3794
3801
3794
1097
898
897
3388
3392
589
468
589
523
589
451
589
592
589
467
2640
3320
4355
4890
1453
2274
1453
2297
420
422
420
266
2716
3108
2874
2904
1585
2960
1585
4221
1585
1641
1163
1157
1163
1161
3835
3667
4323
3840
4323
3269
4323
4387
1750
4444
1750
3384
1750
3095
1750
4832
1750
3909
1153
2017
1153
3325
278
37
3759
1505
3759
3192
3287
4683
4112
3961
4311
2543
1120
1119
4787
1199
1723
4738
2446
3031
778
654
778
793
4451
2648
3208
1584
4427
4647
4017
2028
4017
2468
2156
1916
2156
2433
3088
4730
2818
4937
3158
4855
4706
4165
4706
1724
4706
2619
4706
2032
4706
3256
4706
3275
2206
1664
4928
1610
2477
2758
2477
3721
2477
3534
2477
4412
2477
3932
3029
1730
3029
2732
2086
3861
2086
4461
2086
4244
2086
4037
2086
3870
3816
3002
3816
4201
3448
3797
3448
4609
833
821
2273
1444
1525
4681
1525
2213
1525
2214
27
3351
3119
1231
2919
1393
2201
283
95
2219
1606
3809
4182
3809
3826
926
917
926
1085
4400
4401
811
819
811
764
1645
4124
1645
4932
2694
3894
3082
3909
2597
1300
4718
3699
4718
3352
3431
2889
3431
1855
3328
3067
1248
1527
1248
4695
2652
4041
538
452
3127
1702
3127
1691
3127
4851
3127
2742
3127
4845
4470
3997
4470
2928
4470
1656
4771
3075
1261
1504
1261
1732
4166
1134
189
3514
4264
1358
2552
1358
1515
3639
2464
3639
3504
3639
3513
2532
119
4125
66
3710
3554
3113
4857
3555
3762
4533
4551
4533
2393
3193
2812
3193
2387
3063
3371
3063
4742
3660
3327
4675
1306
388
394
3605
2933
3605
4687
2167
4612
505
459
505
460
1849
2062
1849
1787
1047
1058
1047
887
1047
891
275
23
3921
3931
3921
3383
3921
4772
1311
1459
1311
4639
4063
4261
1408
1751
1408
4330
1408
1752
1408
2087
1408
2460
1408
2088
4455
1399
1070
1035
2870
3246
2326
2327
2943
4702
563
537
563
453
3482
4809
4614
3000
4614
2987
4614
4209
1654
3247
1654
4591
1654
4574
1654
1655
4001
2092
1557
3153
2486
2744
4666
3825
2077
3491
3602
3458
2278
2951
1125
1123
1125
4317
2381
2456
3276
3008
1633
3004
1372
1624
1372
4803
1372
4345
1372
3367
1372
3368
1372
2718
4271
4092
4271
3710
4271
3924
4072
1087
4072
4082
4050
3908
4050
4068
4050
4081
81
77
1520
1563
1520
2445
1520
3632
3488
2700
588
522
588
582
588
471
588
450
456
549
1879
2226
1879
2211
1196
2589
1196
2193
1704
3105
1553
1528
1607
4844
1607
1581
749
753
4619
3848
468
467
2292
2740
2292
3138
2292
2179
4175
1910
226
273
3396
1518
3396
4113
2964
3857
2964
3849
2964
2478
2964
3905
566
452
566
538
1285
2194
1285
1615
3172
4909
3172
4440
3172
3401
3591
2898
3591
2084
4642
3848
2340
4427
2340
2653
2340
2954
726
713
726
732
1837
1391
1837
1612
3463
2439
509
483
509
577
4438
4103
2365
3611
2365
2996
2365
3278
2132
1397
2132
1395
4218
4042
4218
3314
4218
4229
3993
2441
3993
4205
3993
4422
721
749
721
816
3647
3018
3513
3355
3744
3950
3744
3752
4823
3403
4823
3552
783
686
783
689
783
656
199
198
1566
4780
1566
4789
1566
1635
1566
2730
1566
1634
1566
1738
4206
2698
2398
2329
2398
3938
3114
3707
3114
1467
3114
3126
2784
4944
2784
3197
2784
1680
4878
3412
1979
1911
1979
4666
4510
2270
4510
4323
4510
1824
4510
1401
3527
3714
2301
2022
2301
4887
4287
4864
4287
4864
4811
2755
1345
3491
1345
2263
539
456
3225
3984
3225
4553
878
958
4688
4219
4688
2324
4688
3481
1800
1280
3531
4849
2297
2126
553
599
313
300
313
316
4875
2775
4875
3398
1458
1535
1458
4900
3414
3209
3414
3574
3414
4316
2098
2100
2098
1499
921
976
3038
3344
2432
1214
2573
2433
2573
2320
2573
2951
2015
3612
2015
2942
148
3651
1760
934
992
934
1066
934
902
3987
2880
3987
3615
3987
4525
3987
2885
3924
4093
4817
3545
4817
1561
4817
2769
612
611
3587
1896
3587
1903
3684
3893
3684
3082
3684
3095
1841
2895
1841
2061
2065
2988
370
294
370
385
3096
1667
17
77
308
268
1508
3307
2036
3723
4293
1658
4293
3565
2844
2365
2844
2072
2922
1204
2980
2986
2980
2985
1915
4761
2626
2644
942
963
1030
872
1030
869
1030
1067
2203
4458
58
19
1611
4729
4945
4947
1000
903
1000
992
1000
900
2546
1571
4102
3751
4301
1658
91
140
585
474
585
474
585
530
3305
3317
4538
4611
4538
4590
639
701
4929
1673
2377
2378
1936
1937
3255
2634
1214
1207
1214
3087
1214
4441
1214
3109
4696
2722
4696
3527
4696
3526
1699
4839
3339
4838
3339
4823
107
163
2081
4025
1425
4642
1425
2307
3548
3413
3548
3555
336
258
336
342
1561
2021
933
904
933
994
933
1013
1493
4371
4350
2165
4350
2283
4350
1617
4350
1792
4350
4342
4350
4587
4350
1588
4350
4654
4350
1742
4350
4675
4350
2365
4350
4583
4350
2878
4350
2408
4350
1498
4350
4598
4350
3606
4350
4586
4350
2072
4350
4588
4350
2879
4350
3626
4350
4673
4350
4674
4350
1441
4350
2318
4350
3609
4350
3622
4350
1820
4350
1941
4350
2314
4350
4671
3971
1463
3971
1758
2352
4377
2352
3600
2352
4375
3628
3281
4410
2756
2565
2332
2023
1088
2023
2780
3207
4943
3476
3646
4779
4283
4779
4830
4779
4834
1320
4654
1320
4588
4767
3521
4740
2474
4740
2474
2817
1123
3087
3109
3087
3109
706
754
3288
2325
3391
3953
3233
1146
1353
4575
1353
4625
2050
3323
2492
2735
2492
2736
3910
2721
4145
2879
4145
1820
4553
3461
4553
2925
4553
2936
3596
1618
3596
4619
4902
4284
4902
3430
4902
1101
258
324
258
325
258
228
3860
2282
271
91
4880
3564
4880
3406
263
89
67
128
3962
1122
2598
1213
1202
1471
1202
2193
1366
4553
1366
2259
3282
3324
3721
4853
2286
101
1050
1059
1050
894
4803
3378
3447
1657
3447
4495
701
61
2478
2746
2478
2756
2478
2323
2478
3726
2478
3146
4198
4707
4774
4078
4774
4796
3151
3730
3151
3733
3151
3163
3157
2761
3157
2192
3157
4295
690
671
2670
4247
2073
2955
2581
2031
2581
2043
992
994
992
997
4013
1685
4013
1381
3166
4297
3166
3180
3166
4296
1950
2882
1950
1937
3402
3185
3402
3565
3402
1100
3313
3682
1923
4567
2769
2021
3128
1102
3128
4436
1357
2408
1357
4588
4431
2534
4431
1111
4431
4944
4431
1112
4021
1760
4594
4414
4594
3999
4594
3627
780
787
780
659
4447
2740
4447
3138
4447
2179
919
918
2195
2618
4186
3278
1247
4695
1247
1582
4791
4812
4583
3258
4583
2972
4307
3414
2501
4831
2501
3158
2501
3943
4490
3815
3327
3691
3327
3338
3327
3074
1191
2589
1191
1184
1485
1376
1111
2816
2126
2698
2126
4727
3774
1792
3774
4587
448
548
4599
2970
4599
3832
4599
2620
2989
4705
1407
2449
1407
3496
1407
2454
1407
4720
1407
1538
3263
4579
590
574
590
591
2540
4406
2540
4416
2168
1917
2168
1558
1572
2100
1572
1620
1572
4614
2894
1163
1433
3607
1433
3454
507
478
507
473
1890
1892
4007
3879
4007
3487
4007
3895
3669
2704
4122
1577
4321
2606
367
444
367
254
1133
1132
1133
4026
1730
4276
3918
4382
1308
1291
1308
1566
2935
3271
2935
4200
1411
2219
1411
4658
4313
1669
4577
2968
4577
3268
4577
2625
1187
1178
2426
1424
4912
4922
4912
1131
2859
1252
1107
2544
4453
4287
4453
4864
4569
1528
156
177
3428
1493
537
453
1545
4604
1545
3842
2497
2765
3331
3889
4564
2652
4564
4405
4564
2082
4708
1420
1251
2865
1251
2576
2909
1140
1258
1733
1258
2876
3049
1495
888
953
1361
1982
1361
2853
1625
3154
2916
4672
2234
4238
131
4716
3108
4716
2367
3102
56
2577
1712
1064
968
2674
1233
2042
3267
2042
3471
2042
2958
671
25
3147
3747
3147
2773
3161
3397
4773
3708
4773
3533
4773
2735
3455
4573
3455
2932
3455
2923
3455
4506
3455
2613
3455
4595
3455
2127
4927
1673
3451
2122
3451
4641
3539
2379
3539
3738
4168
1854
2373
2406
2373
2857
3348
3709
2632
4616
1228
2470
1228
1704
1228
3096
1228
3341
1228
3080
1228
1703
1990
3293
1990
2235
1990
2234
1081
944
1081
1082
4134
1262
4830
4852
1293
4663
1293
2195
3614
2975
3614
3817
4531
4621
4531
4569
3717
3142
3717
1088
3717
4862
293
226
293
334
4547
3989
4547
1502
4547
2066
4390
3099
4390
4391
4390
4392
2552
3628
1829
4677
1829
2220
905
966
277
40
288
347
288
290
1942
3988
1942
2921
4139
2909
4139
2913
3770
2091
3770
2993
3387
2757
2346
1544
2346
1544
4797
4082
4797
4071
4262
4072
39
188
4061
4784
676
88
3211
3448
3211
1326
1023
920
1023
1034
46
182
3091
3150
3091
4277
3091
4095
3091
2398
3091
4097
2821
114
684
752
3505
4742
2732
2745
92
138
2796
3764
2796
1678
4513
2893
4513
4526
16
142
4892
4354
2892
1236
3144
3580
4105
2788
3510
1566
3990
2946
3876
4061
3199
1116
3714
3536
3714
1557
3714
3935
4521
4549
4521
4589
3617
1912
3617
2939
983
1083
1279
2637
1279
1267
4820
2500
4820
4438
4820
4089
3765
2813
3765
1108
3765
2806
3765
4312
1985
2883
1985
1621
887
954
2878
4705
2878
2120
557
448
557
542
3460
4651
2343
2506
1027
1014
1027
1011
1027
863
3798
2883
3798
1621
3798
2912
3798
2300
3798
2401
3798
4628
3798
1486
3798
1570
3798
1732
3798
2233
3798
2384
3798
4179
3384
4867
776
791
776
663
1630
1901
1523
2956
4331
1455
4331
1708
4331
2187
4132
1582
4132
2924
4347
3335
4076
4820
2901
1198
3569
3418
4407
3558
4407
4408
4053
1683
106
157
1550
3550
1550
4302
1550
3746
1104
2829
1184
3280
1184
3473
252
280
965
87
3781
2331
2940
4721
1031
1068
1031
1017
1031
873
582
594
582
545
4462
2421
4462
2563
2494
3161
2494
4862
2494
4859
1885
4594
1885
1480
609
608
984
897
1001
866
1001
1011
2677
3328
2677
2284
2574
3620
2574
3618
2574
4510
2574
3617
2574
3243
2574
3612
2574
3240
2574
4465
2574
3459
2574
3796
2574
3616
2574
4170
2574
3249
858
674
858
859
4726
4333
4726
2714
4726
1734
1399
2052
1399
3045
125
63
2237
4583
2237
1820
4682
2995
1725
2622
2241
1374
665
684
665
810
665
651
2535
4939
2322
4406
2322
4416
2459
4245
1099
1098
4413
4031
4413
2325
4154
2241
4353
2180
4353
4354
2681
3069
2681
3071
2681
4363
1056
1086
1056
919
3324
4258
1244
4544
1244
4168
1490
2955
4047
3363
4047
4272
4047
4268
1354
1525
1354
4361
4421
7
4031
1684
3518
3523
363
210
363
382
363
389
2516
3753
2516
4379
1404
2338
1404
4610
4241
2080
4241
4250
2983
3308
2983
2670
2983
1821
3777
2333
3777
3788
4836
3548
2200
2201
445
59
445
446
196
195
2897
1155
547
551
2509
2035
1672
1653
1672
1101
1672
4123
4748
2714
4159
3248
1945
2090
1945
3824
591
599
591
575
3012
4463
2814
1116
3084
3366
3084
4801
989
979
2952
2456
2952
2436
2952
2336
4290
2511
2665
3088
2665
3083
2665
4693
3204
4922
3204
1127
4507
4161
4507
1978
4862
4300
889
888
3855
4038
3832
3486
1336
2259
1336
1616
3696
4082
3696
4086
3939
3748
3939
1695
3621
1606
4558
2275
4558
4639
1803
1279
2045
3517
2698
4734
2698
2367
2698
3914
2698
2716
2698
2079
2698
4460
4881
4310
4881
3194
3905
3362
4362
3729
4362
3543
124
144
2570
1646
491
465
491
466
3154
1488
3154
3405
3154
3562
1315
4547
1315
2945
168
1542
3705
1542
4270
1542
4746
1542
3375
1542
4776
886
1037
3444
4546
3444
2121
2962
4764
2962
4720
82
79
891
890
1711
1162
2886
2966
2802
1117
2802
4394
2802
4395
877
876
2726
4083
2726
4081
559
568
559
579
3369
4838
3369
3403
3369
3552
1028
939
1028
1017
1028
874
2543
108
85
83
3260
4195
3260
3279
3260
2972
428
246
428
429
157
1430
2998
1430
1822
1430
1423
3882
3066
3882
3702
1953
4614
1953
2093
1599
2611
1217
4207
1217
4190
1217
1662
2374
3795
4493
1569
4493
1939
4493
3797
4493
4517
4493
1442
4493
4666
4493
1554
4493
4169
4493
1316
4580
2440
3310
4622
4085
1691
4085
4866
629
692
4010
4761
3728
4852
3728
3177
2975
4662
1920
1508
1920
2647
1920
2447
973
1080
973
910
4371
12
1479
2403
3888
4735
3888
2725
496
573
496
525
1661
4419
120
915
965
3863
4759
4800
3720
4800
4453
3417
2808
3417
2326
4501
1569
4501
4653
4501
3994
4501
2922
4501
1554
4501
1578
4501
1598
323
384
323
331
323
203
47
137
2294
4876
2294
4102
646
645
513
580
687
699
4338
3958
4338
1115
4338
4906
2791
3193
2791
4910
3121
3718
3121
3546
1768
4624
1768
1386
3751
2790
3751
2522
974
913
974
1082
2070
1594
2070
2584
2673
4331
2673
2087
774
786
774
789
2020
3168
239
332
3687
3517
3584
3263
3584
1894
1323
1812
1323
2873
4827
4098
4827
4287
4827
4864
10
174
3927
4802
3927
4094
4550
4027
4550
2308
4550
3273
1006
1059
1006
896
1006
893
4851
1509
4851
3152
4246
4748
4246
2696
132
4387
4360
2971
3000
4743
3490
4743
3488
4743
3318
1350
4611
1350
4690
3230
2889
3230
1855
3230
2895
3230
1418
3230
1727
3230
2067
3230
1613
3230
3610
3230
2898
3230
1224
3230
1866
3230
4635
3230
4668
3230
4553
3230
4564
3230
2916
3230
1630
3230
1523
3230
2123
3230
4532
3230
1616
3230
1916
3230
2061
3230
4640
3230
2125
3230
2084
3230
2882
3230
2888
3230
4418
3230
1875
3230
1541
3230
1937
641
666
2847
4644
1795
2047
1795
2195
2053
2054
3913
2386
3913
3926
1036
868
1036
1015
1036
986
140
74
142
318
261
318
194
318
328
1169
2894
1169
1164
2316
4659
84
128
4755
2290
2851
2370
2967
1626
2967
1815
3773
1758
3773
2382
274
20
1051
982
1051
1066
2309
2746
2309
3159
2309
3146
4038
4660
4038
3060
4038
3881
549
597
3931
3393
543
447
233
232
736
650
736
705
1834
1393
1834
4164
1858
1504
1858
1574
66
169
3691
3098
4833
4279
4914
1679
4914
4317
4914
3578
731
748
731
607
731
664
3747
4855
3644
3016
2335
2826
1908
3004
4393
3027
4228
4246
2522
2799
2522
4394
2259
2950
228
227
2370
2319
2370
4627
2370
4600
2370
4570
2370
3806
2370
2559
2370
2135
2370
1511
2370
4642
2370
4599
2370
4471
2370
4629
2370
4641
2370
4559
2370
4554
2370
2307
2370
2085
2370
1632
2370
1909
2370
4677
2370
1897
2370
1516
2370
2114
2370
1567
2370
2220
3524
3711
940
1015
940
938
1993
4471
1993
1909
4471
2646
4471
4005
4471
2984
3117
3535
2787
2018
2787
1645
1290
3069
1290
1635
1290
4363
1290
4067
1290
1634
1290
1737
4770
3859
4737
1682
4737
4339
3318
3685
1666
2828
652
771
652
651
3421
3424
3421
1108
3421
3959
361
386
361
204
361
331
2946
2630
2946
1895
841
844
841
846
4401
2337
4401
4878
4401
2521
1554
1213
1657
2048
1657
1253
1657
2881
1657
3235
1657
2585
1657
1817
4624
2392
4624
1601
1958
1413
1958
1824
3006
3495
2229
2067
2229
4668
1221
1722
1515
2995
1515
2677
876
959
1342
4613
1342
2393
3702
3711
2074
2580
2074
1799
3826
1109
3019
4694
3019
2458
3069
3133
2828
0
1893
4367
1893
1818
75
143
1045
981
1045
1060
4450
2420
4450
1165
4487
2313
4310
3205
4310
3418
1130
4922
1733
1236
216
212
216
299
1536
2481
4933
1114
4933
2541
4933
1113
4933
2822
2008
1921
2008
3824
2956
3060
2956
3497
2956
3886
2956
3881
478
472
478
585
3948
2781
4629
1302
1604
3625
1604
2602
1604
2947
1707
3167
2861
2083
2861
2874
2861
1546
4947
155
4101
4872
4101
4889
4302
1668
1409
2222
1409
4664
4757
1622
2987
4709
3793
4573
2123
1437
2720
4780
2720
4789
2720
2730
916
915
248
263
1848
1569
1848
4653
2636
4055
1416
2920
2150
1621
2150
1543
2753
4836
2753
3732
2504
2776
3671
4845
814
662
814
765
2454
1751
2454
1754
1094
2779
247
246
253
252
4150
1313
3972
3015
3972
2233
2390
3923
2390
4798
3638
3855
48
183
638
667
2615
3283
1973
1881
1973
1974
1359
3610
1359
2278
2767
3750
1926
2083
1926
1925
3051
3339
3051
4061
4735
2720
1270
4601
1270
1599
1686
48
3329
4341
1249
2442
2911
2453
2911
3629
654
633
654
738
654
652
1435
1613
1435
2125
102
64
335
402
2442
1225
2442
4383
2442
2664
2756
4358
2756
2505
3808
2467
3808
3034
1622
2383
1622
1530
1622
1642
1622
3118
1622
3110
2218
4649
519
587
519
480
3235
3247
3235
2226
3235
4630
3235
1414
3235
2149
3235
2268
3235
1555
3235
1551
3235
2265
3235
3613
3235
1803
3235
1515
3235
3808
3235
2210
3235
1597
3235
1894
3235
3811
3235
1475
3235
1512
3235
2211
3235
2124
3235
2060
3235
2582
3235
2291
3449
1133
3541
2498
3541
4882
3159
1524
3159
2516
3028
2702
3675
3510
3089
4441
2819
1494
3580
100
1873
1805
1873
1480
2026
4252
601
602
3209
3579
4093
4401
4485
2851
4485
2370
4485
4602
4485
4557
2806
1676
2806
3204
2806
1677
2806
2387
158
149
3758
1645
3758
4919
3758
3761
3758
1665
435
436
435
250
3216
1402
3216
3607
3216
1417
3216
1982
3216
2856
3216
1384
3216
2853
3216
3454
3216
2562
3216
1405
3216
1450
3216
1390
3216
1393
3216
3605
3216
3602
3216
2299
3216
4439
3216
3790
3216
2266
3216
1397
3216
3985
3216
2854
3216
4164
3216
2572
3216
1922
3216
2566
3216
2221
3216
1395
3216
2128
3216
2855
3216
3229
3216
2560
3216
1580
3216
1389
3216
2555
3934
3169
839
648
839
824
391
397
391
290
1831
3806
1831
1547
1016
958
3500
3900
2330
3815
4641
2126
875
985
1827
2411
1827
1546
2866
3248
2775
2800
3389
2499
3389
2499
4559
3828
1813
1333
2708
4356
950
91
3656
3882
3895
4075
3895
3518
3895
2487
181
2658
2697
2658
1590
2658
4771
2658
2476
2658
3894
804
812
804
722
3706
4873
3706
4337
3706
4443
426
248
426
405
3149
2512
3149
3165
3149
2510
4554
3484
4554
3295
4554
4572
848
798
848
851
3537
3387
3537
3389
1763
1388
4087
4827
4812
2507
4812
2185
3719
3941
3719
4841
2142
4175
2142
4656
1274
1733
1274
1790
3002
3882
3002
4759
3868
3697
3194
2816
1044
1062
1044
881
2907
4633
2907
4185
2907
4186
2499
3553
2499
2506
2499
3551
4749
3904
4158
1187
3853
4035
3853
3862
661
809
661
762
661
627
3047
4685
4763
3097
917
964
2771
3182
2771
2777
1135
3957
4921
1596
4921
4123
2933
1918
2933
2989
2933
3664
1394
2658
1394
2457
1788
2611
4002
2092
2210
2608
2579
1198
2090
3017
3820
3302
3820
4622
2693
3921
4944
3426
2160
4600
2160
4508
748
608
241
268
3564
3965
3564
1100
3564
1129
3667
3670
4825
4835
4825
4438
4825
1089
2450
3491
1116
2825
225
219
225
223
4385
3390
4385
4846
2991
4617
1643
1644
1643
4884
1782
1226
1782
1549
4272
3927
4071
4086
666
36
4744
4783
4744
2708
4744
3356
1109
45
2857
4470
2857
2574
2857
4322
660
629
660
741
660
656
1189
1174
401
274
401
230
1746
3750
1746
3949
2423
3262
2254
2706
2254
4822
816
831
4334
3896
4334
3101
1805
3829
1805
3021
119
134
4532
2886
4532
4540
3903
3102
3649
3035
3649
3334
4476
2556
4476
1442
4476
2922
4476
1598
4180
1725
966
95
1422
1423
1422
1750
1678
1266
1470
1477
1470
3256
4045
3886
4656
3825
1977
4613
1977
4361
3529
1607
56
189
2783
2793
2783
1113
1238
2867
1238
2576
2642
2479
95
141
4261
3370
4062
4797
4062
3696
753
42
1839
1519
1839
1575
1692
4858
322
343
322
233
322
236
2304
1230
2304
1902
2304
2209
2304
2589
2304
4665
2304
4601
2304
4571
2304
2062
2304
4678
2304
2164
2304
1533
2304
2432
2304
4594
2304
1184
2304
2241
2304
1711
2304
1599
2304
1217
2304
1805
2304
1470
2304
1594
2304
2058
2304
1787
2304
4643
2304
2430
2304
1886
2304
1471
2304
2428
2304
1967
2304
1480
2304
2584
2304
2193
2304
2917
645
675
1932
2319
1932
2085
3380
3147
4339
1090
4339
4065
1755
1537
2925
4007
139
2762
2778
204
203
1616
4347
1616
4387
146
142
4113
4894
4646
4034
3064
2472
1877
2256
1877
4626
2436
2665
4505
2938
4505
2564
4505
1816
4505
4003
4505
1813
4505
1659
4505
2418
2685
3349
1180
1179
1180
2877
1609
2306
1609
3493
1609
3377
1609
1703
1609
2034
3845
3032
4322
4617
4322
3991
4322
3298
4121
2824
387
329
387
393
770
700
1143
4212
1143
1136
1143
3864
1143
4217
3300
3317
1740
4246
9
171
393
284
1011
996
1635
2509
1635
2344
2224
2068
2224
1790
1559
1346
2415
2058
2415
1787
2032
1195
2079
3372
3438
1355
3438
4522
2590
1222
517
583
517
473
3341
1693
3341
3388
3341
1692
1701
1207
3014
3309
1069
885
1069
1072
2812
4931
2812
4918
2812
2176
2812
4919
2812
4923
2812
1665
2812
4913
3222
4462
806
812
3138
2752
864
863
2379
1640
4874
4885
357
408
357
260
4022
4700
4432
4941
1998
4564
1998
2123
800
745
800
814
4376
3457
2745
1731
2745
3932
2745
3140
479
524
479
585
2872
4610
2872
1413
2872
2900
2872
2270
2872
2281
2872
4470
2872
2340
2872
2065
2872
2073
2872
4577
2872
2940
2872
4689
2872
1401
2872
1912
2872
2939
2872
1264
2872
4578
2872
4615
2872
4543
4792
3716
4628
1303
1594
1278
4107
3573
1697
1174
3337
2477
1474
3956
1474
4111
1474
3755
3662
3338
3662
3074
617
57
3785
1399
2115
3457
2115
4367
167
1965
1826
1965
4342
2623
4223
2530
3961
3712
3385
3712
2753
3712
3135
885
1037
1443
2935
1443
2921
1881
3841
1881
3476
1881
3652
474
472
2650
1539
2650
4045
2650
3497
2136
3450
2136
4524
94
137
3364
3921
2996
4335
2996
3680
3243
2940
3243
4578
4345
2309
4405
3661
3589
3606
3589
2879
3683
3065
3080
3096
3080
3096
967
947
967
1079
1164
1155
1898
3822
584
576
584
578
4229
3885
4034
3681
403
445
1981
1897
1981
1567
2299
3621
2299
1603
4224
2254
4039
4813
4039
3910
4039
2721
908
947
1122
113
232
16
735
802
735
685
863
862
1865
2256
1865
1589
340
253
340
404
1752
1753
3961
68
1776
2949
1776
2908
1870
1545
1870
1479
3246
2434
3246
3998
3246
1500
3842
3650
4005
4710
3689
4696
3583
3605
3583
3985
1326
2600
3356
4273
2408
3031
2408
4632
2311
2312
3929
4794
3929
4410
3929
3726
2849
4349
2849
4528
2849
4348
429
263
429
433
4434
2512
4434
2764
4219
2668
820
676
820
856
4575
3653
4575
4393
4575
3006
1167
1166
1167
2897
3503
3686
4090
4846
3419
3423
3419
2328
492
511
492
476
725
734
725
731
1532
1394
4439
1402
4439
3607
4439
1417
4439
1982
4439
2856
4439
1384
4439
2853
4439
3454
4439
2562
4439
1405
4439
1450
4439
1390
4439
3794
4439
1393
4439
3605
4439
3602
4439
2299
4439
2266
4439
1397
4439
3985
4439
4164
4439
2572
4439
1922
4439
2566
4439
2221
4439
1395
4439
2128
4439
2855
4439
3229
4439
2560
4439
1580
4439
1389
4214
4035
4214
3862
4936
2529
4936
2530
4936
4120
4936
2528
3406
3409
3406
3189
2358
1727
2358
1224
2358
1604
2358
3452
2358
2405
2261
2262
713
800
713
604
4361
4404
4361
4650
1652
3258
1652
4195
1652
2972
2248
2599
845
666
845
850
3075
4807
3075
4806
1694
3415
1694
4898
3334
3520
1597
1430
4618
3887
4618
3675
4618
3875
3021
1744
3021
1743
3021
3039
182
469
601
3976
1151
2645
4344
2645
3693
2645
4234
2645
4715
2645
3312
2645
2660
397
285
4032
4449
4032
3677
4422
2638
2393
2632
2393
2967
383
288
383
395
68
136
1219
1554
1219
1598
766
620
1970
4629
1970
2114
244
243
2231
1801
2231
4547
1273
1615
1273
1732
823
820
823
643
2525
2802
2525
4899
4545
1914
4545
2075
3562
3765
3562
3421
4606
4642
4606
4641
1206
1724
1206
2032
1206
3256
4153
3451
4153
4606
968
948
968
967
4918
2537
4918
3208
4918
4122
1477
2690
1818
2925
1818
2979
526
579
3612
4000
1156
1150
3790
2854
2120
3664
907
906
2723
3124
1446
1618
1446
4173
4242
3070
3367
2334
4795
3124
2153
1914
2153
2242
2750
3178
2750
2391
2750
2360
682
753
3071
4067
195
34
464
463
2585
2603
2163
2164
4765
4773
1874
3842
1874
3264
1874
2617
3067
1506
3268
3480
2453
2690
410
287
410
428
1716
2593
1716
4713
3371
3920
3371
1748
3371
3131
657
819
657
655
1065
994
353
377
353
259
1640
1535
1640
4900
796
619
796
766
796
803
4534
1391
4534
2100
4534
1917
4534
1514
4534
1925
4534
1499
4534
1620
4534
1904
4534
1307
4534
4614
4534
2393
4534
4637
4534
4546
4534
2410
4534
1571
4534
1612
810
635
810
721
4131
1289
4332
4783
2472
4272
2472
4268
1709
3809
1709
2029
4147
3449
4147
3791
4276
3724
4276
4817
4276
4448
1146
1144
1146
1143
2420
4324
2420
2073
23
77
608
43
1175
1171
269
270
1659
4029
1481
4769
1481
3720
1481
4287
1481
4811
1481
4760
3850
3303
2227
1552
2227
1799
1386
1385
4681
3301
1735
4792
1735
4357
1735
3701
3295
4661
4915
3427
4915
4918
4539
4374
4539
4595
906
948
2266
1410
2930
2627
2213
4719
4461
3684
3017
2709
3017
4050
3017
3505
3017
2711
3017
4244
4760
4399
1601
4009
1601
2039
1601
2038
3823
3633
3823
1891
3823
1890
2093
1406
2690
2475
2690
2741
2690
4417
2690
1699
2690
1565
2690
3132
2058
1728
2058
4220
2058
2999
3106
3129
1498
3637
3749
1096
3749
3756
3749
4110
3749
4111
3186
4904
3186
1462
1080
1081
1080
945
842
843
407
269
407
379
4522
2614
4522
2388
2257
1308
3375
3712
4684
4692
1760
1590
1760
4248
1760
2694
2742
4288
2789
4921
3119
3535
1083
965
1083
1084
1974
2992
1974
1883
4445
3315
4445
2697
4445
4771
4445
2476
4445
4233
4445
4731
4872
2772
4872
2772
1578
4011
1578
3845
2182
3745
2182
2787
2182
3758
4305
4307
4305
4915
4305
3568
1171
1161
1171
1696
432
439
432
251
1465
4612
1465
2843
2333
2275
2333
4611
2333
1587
2333
4657
2333
4638
2333
2575
2333
2212
2333
4698
2333
4584
2333
2219
2333
4619
2333
1990
2333
2866
2333
2090
2333
4658
2333
1459
2333
1804
2333
2091
2333
4691
2333
4468
2333
4639
2333
1758
2333
4690
2333
3824
2333
4173
300
345
300
191
101
150
2969
3655
1072
1038
1072
1035
4689
4219
4689
2324
4689
3481
1810
4594
1810
2584
2307
3821
312
315
312
278
2108
1802
2108
2207
3056
4777
3056
4777
1592
1553
1592
2896
2188
2189
4920
4934
3362
3125
3362
3379
3362
3122
3044
3690
1332
2135
1332
1511
3836
4692
3252
4651
3252
2962
2904
1391
2904
2243
2904
1388
2904
1917
2904
1514
2904
4613
2904
4523
2904
1925
2904
1499
2904
1558
2904
1904
2904
1307
2904
4551
2904
1525
2904
1485
2904
1572
2904
1881
2904
4361
2904
2393
2904
2093
2904
1974
2904
3252
2904
2411
2904
4637
2904
4576
2904
4546
2904
2121
2904
2410
2904
1571
2904
1612
2155
1916
2155
1541
4948
126
2679
1105
2679
1137
2679
3326
2593
1195
4402
4403
4402
2269
2461
4748
1101
4429
2445
4787
449
548
693
670
4598
3251
4598
3460
4598
4680
1397
1394
2239
2240
1526
2956
215
299
3985
2599
1085
975
1085
1086
166
614
613
4815
4848
2205
1664
3664
3511
3664
4751
3664
3332
3567
1544
3567
2346
3815
3843
3815
4605
2085
2086
2511
4952
1646
2889
1646
1855
1646
2895
1646
1727
1646
2067
1646
1613
1646
2898
1646
1224
1646
4491
1646
1866
1646
4668
1646
2573
1646
4553
1646
2916
1646
1630
1646
1523
1646
2259
1646
1604
1646
2123
1646
1616
1646
1916
1646
2061
1646
4640
1646
2125
1646
2084
1646
2882
1646
2888
1646
4418
1646
1875
1646
1541
1646
1937
207
296
2838
4669
1183
4809
1183
1182
1183
3056
2854
1321
2854
2394
2854
3238
3412
4117
3412
4901
184
4110
2530
1140
1143
1140
1134
3303
3880
3303
3048
3303
3073
1743
4724
918
975
3941
3733
523
451
4199
3854
1824
2218
1824
4684
1824
2217
1092
4111
175
262
301
262
269
262
390
1212
4717
1212
2288
2608
4726
2608
1265
3556
2784
3383
3539
3534
4853
1452
1922
1452
1580
847
852
847
823
4472
2375
4472
1920
3900
1536
3900
3100
3900
1483
1162
1157
1162
1161
764
677
2558
4627
2558
4600
2558
4570
2558
3806
2558
1547
2558
2122
2558
2135
2558
1511
2558
1585
2558
3816
2558
4642
2558
4599
2558
4471
2558
4629
2558
4641
2558
4559
2558
4554
2558
2085
2558
1632
2558
1909
2558
4677
2558
1897
2558
1516
2558
2054
2558
2114
2558
1629
2558
3805
2558
4508
2558
3827
2558
1567
2558
3818
2558
2220
2558
2427
3606
3614
381
288
3197
3767
3197
2326
3197
1111
4194
4030
4778
2289
2325
4737
2325
1683
1473
4945
705
700
4183
2624
1277
4726
1277
4744
4586
2440
2780
13
3619
3621
4164
2055
1722
1215
1722
2642
1722
1662
1378
3858
1378
2636
1378
4062
1378
2190
1378
4056
108
167
1281
2637
1281
1789
675
86
3201
3205
3495
3043
3495
4318
3575
3423
4949
125
2466
3890
2466
4758
4502
1221
4502
4472
1152
1144
1152
1149
4138
1142
57
185
3240
2340
3240
2942
1392
4164
1392
1389
292
233
292
333
3468
2089
3468
3645
3468
3644
3680
3090
3680
3916
3083
4714
185
794
804
794
614
351
369
351
366
3937
3741
2272
2127
4169
2274
4169
2893
434
249
434
436
4852
2518
4852
4296
4177
4469
1010
861
1010
1012
174
40
185
2620
3291
3779
1910
3779
1989
2984
4411
2533
1210
280
86
1265
2708
1265
4334
1265
3356
1265
1735
1265
4263
1265
1734
3112
4810
3112
4857
3192
2387
1440
1597
1440
2582
3571
3572
2507
4877
2507
3174
2653
2675
2176
3964
2176
3209
2176
1494
2176
1675
4709
3058
4709
4762
4709
3059
2899
3654
2899
1627
2899
4422
18
79
2736
2356
2736
4355
2736
2523
2385
1227
3738
4442
3738
3951
1298
2206
1298
2915
1401
3265
4372
11
2145
4665
2145
1533
952
21
4704
3527
4704
2492
4704
3526
1097
1686
3178
3186
2457
2697
2457
3075
2457
3077
2457
4782
2457
2037
620
55
4568
3819
4568
1547
4568
2122
4568
1379
4568
1585
4568
2054
4568
1629
4568
3827
4568
3818
3062
4049
201
294
1586
4297
1586
4821
1586
2768
1586
3180
1586
4296
2764
2797
4285
3155
2715
2725
147
628
818
1821
4247
3603
1718
3603
1719
3949
1458
3226
2313
1346
3032
1346
4359
1346
2660
405
433
2009
3249
2009
4543
4209
4709
3267
3009
2942
4005
2942
2984
4785
2479
2016
3426
943
89
3483
3018
4425
1249
4425
3787
4015
3327
4015
3850
3068
4356
3068
3356
3068
4263
2829
2
723
737
723
796
3018
4054
3018
3047
1552
1277
3434
2924
3434
2876
358
372
358
364
2066
2604
2293
1281
63
932
966
932
968
1373
2562
1373
2560
1959
3819
1959
1516
4363
4364
2228
2068
2228
1801
1632
1605
4204
4701
1052
992
1052
901
3095
3917
4917
4933
2035
3187
2035
3566
715
740
715
682
3978
1824
3978
4615
334
272
4616
4718
4616
3329
990
860
3319
4259
3462
4579
1577
1098
1674
1464
1916
4631
1916
3316
1234
1730
1234
2745
1234
4224
1234
3856
1234
1729
1234
2253
637
687
2625
2651
4412
3544
2361
2501
4352
2462
4151
1185
4151
2581
384
392
2258
1308
808
710
808
657
767
672
3306
3354
1497
2687
4127
4530
4664
2285
2251
2939
2251
4543
4608
4456
4608
2371
2057
2058
1909
2298
1909
3004
459
598
3173
4889
2545
1379
844
849
844
641
899
16
1859
1569
1859
4415
2107
1792
2107
1588
4669
2607
4677
1403
454
550
2187
3113
1426
1517
1426
2242
2411
2368
2411
4646
2411
3839
2308
3026
3256
2032
3256
2032
1935
2881
1935
3463
604
707
2730
2750
2133
3635
944
96
197
196
4457
2377
4100
82
2890
4763
2890
3995
2890
2948
3512
3353
3512
3383
1168
2877
1168
2891
2572
3809
2572
2029
431
440
431
432
1894
3484
1894
2661
2433
4635
4070
4092
395
347
395
397
354
341
354
376
4052
3345
797
801
797
609
1540
3244
2960
2215
42
138
4699
1907
4699
4352
4699
3678
2407
2961
224
223
1126
4949
970
914
970
983
2485
2490
4525
2318
2111
1459
2111
1804
2191
4329
4278
4091
747
655
4133
1243
2247
2266
2247
2221
2061
1252
3830
1901
4683
3043
4683
3501
4683
2682
1501
4937
1195
2475
1195
3079
1195
4417
1195
1699
1195
2707
1195
1689
610
609
2357
2556
2357
4493
4694
4396
3275
4211
2923
4688
1769
1384
1769
2572
4463
3321
191
302
4055
4252
4055
2027
3010
4232
2950
4397
2950
3055
2950
4057
2950
4718
2950
4341
1581
2512
1581
2766
1581
2759
3889
3349
1670
4423
1478
3203
1478
4905
1478
4907
28
4315
2827
3395
3168
1286
2067
1286
4418
3729
3173
3729
4292
4512
2072
4512
2314
1994
4470
1994
2942
2366
2422
2366
2861
2366
2093
2366
1546
818
671
818
750
3134
4088
1598
2619
1598
1701
1598
3275
2202
3634
302
190
1492
3854
925
920
925
1077
3271
3002
3368
3378
2353
3708
2353
3533
2353
2735
4357
3382
2320
4564
4640
1660
1817
4004
1817
3294
1817
2605
771
752
1565
4085
310
338
310
320
1352
4566
1352
4625
3232
1171
4856
3145
4856
3155
4856
3144
765
694
765
722
765
611
3024
3900
2493
3156
382
288
382
217
34
186
180
2561
1910
2561
3800
2561
2875
2561
1801
2561
1582
2561
4547
2561
1733
2561
4656
2561
2908
2561
1978
2561
2876
2561
4655
2561
3802
2561
2242
2561
4612
2561
1790
2425
4524
2425
2930
2022
2529
2022
2774
1024
941
1024
1014
1024
864
2699
4362
2699
4778
2699
2484
4184
4198
4919
3210
4919
1473
2936
2979
1377
2164
1377
1533
2214
4719
4596
1405
4596
2299
695
831
3804
4576
3938
3739
349
362
349
319
4120
69
792
718
792
688
792
652
3754
3764
1546
2285
217
348
544
481
2072
2955
4189
3638
4189
2623
4805
4824
624
623
3467
4213
1203
1496
1203
1193
1203
3603
2611
3054
2611
3648
2611
2633
2611
4452
2611
3477
2611
2063
3283
4369
3283
3851
1626
4235
205
295
2915
1278
1844
1855
1844
2895
1922
2438
1922
4012
3995
1638
3456
3623
3456
3250
3456
2926
3456
3628
3456
3462
3456
3262
2508
1694
2508
2360
2841
2596
260
383
260
381
260
214
1063
1073
1063
1072
4260
4280
4260
1706
3403
4442
3403
3951
3403
1640
3312
2483
3262
3472
3519
3114
4265
1648
3880
2705
1432
3607
1432
3229
1573
4769
1573
3933
1573
3930
1573
4811
1573
4760
4392
2353
4181
4013
4181
1109
4776
2739
3506
3888
2458
4254
1098
102
3177
4868
4832
3541
4588
2938
4588
2965
2800
70
3634
2657
1297
4663
1297
2205
3737
3166
846
641
846
850
2345
4904
2345
1462
703
794
703
795
1301
3090
1301
3918
1301
3897
1301
3094
3741
3170
3741
4903
1398
2641
1398
3852
1398
4028
1398
4340
521
544
1784
2867
1784
2887
3475
4023
3475
3303
3960
4125
2566
3801
2566
1097
3181
4888
901
950
673
46
3595
4698
4136
1559
4136
2431
4295
1103
35
181
1132
1457
290
285
433
436
433
282
1365
4570
1365
4554
3700
2485
3700
4736
3700
2728
4742
2726
3103
2183
3103
2762
3103
2184
1340
1814
1340
1975
554
522
554
450
2837
1647
2837
2570
2837
2148
2043
1697
3568
3427
3568
3957
980
869
980
986
3965
1128
2285
4449
2285
4036
2285
3677
2285
4230
576
474
13
120
1032
877
1032
1016
1032
936
282
87
3799
1726
1292
2915
1292
2196
3471
1484
3165
2764
2553
2570
2553
2148
2704
2380
2704
4767
2607
4234
2607
4715
2607
2701
2607
4236
2607
2660
4719
1507
2879
1901
2196
2618
1002
904
1002
1065
795
615
795
804
795
802
352
374
352
314
2520
3416
2520
4897
2633
3337
4886
3205
4886
3417
4886
3194
4886
3963
2372
4456
2125
2126
1381
1684
1381
2325
103
148
618
617
1278
4239
1278
2050
1278
2459
1278
1267
4566
3830
4566
3465
3864
2465
3864
1135
3864
2710
3198
1114
1486
2240
211
30
4492
3223
4492
2844
4492
1177
4714
1481
2654
2271
2654
3057
2557
3239
630
708
379
301
762
811
762
657
1943
2898
1943
2882
4729
2693
4729
3364
4729
3883
2604
4467
2604
4228
2604
1740
2707
3892
194
193
4074
3713
4495
2332
2536
2322
4923
2818
4923
4929
4103
4300
4103
2023
3761
2019
2130
4638
2130
2993
2733
4091
153
129
127
392
284
1828
1531
1828
4610
2893
3270
221
220
2342
4876
2342
2776
2342
1649
4845
4866
3867
3888
3811
3637
2515
4951
245
265
744
772
744
693
2221
2295
2221
4001
2221
4002
3349
2757
3349
3390
3349
3389
3349
2499
3349
4090
3349
3141
961
40
1229
1721
1229
1527
802
813
802
722
337
407
337
262
3538
3156
534
543
534
447
2554
2561
2657
2700
2657
4752
2657
3318
2657
4808
640
639
4724
3090
4724
3918
4724
3094
4067
3365
4079
2496
3170
4885
1946
1516
1946
3818
3031
3879
3031
2463
2666
1225
815
819
815
623
815
767
815
818
4360
4623
4360
2348
4360
3020
520
594
1029
871
1029
940
1029
1067
1787
2937
1787
1638
2290
2486
2290
2731
4637
1419
43
186
3641
2667
4906
3199
4906
4908
4906
2809
1370
1578
1370
4670
41
141
1522
4736
1522
3692
3048
2705
1259
4601
1259
1967
3695
3710
3695
4093
3695
4070
3695
4802
3695
3522
3695
4077
1335
4321
1335
4506
2908
4787
2908
2672
999
940
999
980
3856
4788
3429
3768
4924
1123
4924
3967
4924
2539
2858
2586
2858
3807
2858
3813
3906
3704
3906
3706
4292
2772
4292
4872
4091
2024
4091
4103
2834
4679
3600
3608
850
820
850
702
399
330
399
347
399
348
399
206
2046
2049
1309
2283
1309
4675
3919
3542
1851
1860
1851
2865
3480
3037
3480
3869
3480
3306
4365
4366
3668
3506
1316
1301
2169
3808
2169
2291
2795
4338
2795
2803
4395
2349
4643
3268
4643
2651
2350
3149
2350
4434
1847
2583
1847
1468
1067
969
1067
1015
2988
4237
2988
4467
2988
3860
2988
4228
2988
1740
2988
2663
3766
2825
2323
3159
402
60
402
445
3875
4368
1673
2286
1986
1558
1986
1904
2768
4355
2768
2525
3129
2755
3129
4760
2982
2474
2982
4740
2982
3669
1791
1263
3734
2192
3734
1103
1294
2194
1294
2293
3637
3890
3637
4758
3637
3846
3637
4755
3637
3670
812
662
437
340
437
443
4822
3545
4822
1561
4822
2769
3174
1091
3174
3756
3174
3755
3992
4000
4156
1179
4156
4174
2661
3502
2661
3329
3833
1381
3833
3871
2479
2729
2479
1702
2479
4085
2479
3132
2479
4863
4460
3115
3027
2474
3027
4740
3027
3669
982
998
982
900
4761
2478
805
651
4097
2321
4896
3410
4896
2783
2920
4764
2920
3285
2920
2449
2920
2454
2920
4720
2920
1823
4839
3361
3807
4567
3807
4504
3807
2194
3807
1615
3807
3820
3807
1526
3807
2385
3807
2293
3807
1543
3807
2315
3807
1574
3807
4552
3807
2288
3807
4733
3807
1589
3013
3021
2217
4649
1374
4042
1374
2119
1374
3314
1374
1915
1374
4010
1374
4378
4680
2962
2953
3473
2599
2964
2599
1915
2599
4010
2599
4193
3871
1685
607
606
2430
1171
991
1064
991
905
504
465
504
466
227
272
750
698
3757
3418
3757
3417
3757
2527
1543
3844
389
395
389
218
4834
4868
4130
1531
4130
4615
2963
1291
331
276
658
742
658
716
658
630
1802
1279
3289
4631
1726
2622
2711
2726
1886
2629
1886
4223
4465
2257
4465
2921
3464
3472
4073
4779
909
946
634
705
3629
4785
2542
65
2315
4659
4325
2429
1570
3291
1570
3486
4478
2377
3883
3369
3441
1723
3441
2911
3549
1665
3338
3098
1698
1487
518
596
3137
2751
817
669
817
749
817
770
817
771
817
768
4249
3340
4772
3540
2803
3196
2803
1115
2803
3960
1997
1613
1997
1541
4658
3637
4244
3688
4263
4273
755
44
911
945
2336
2665
320
291
320
387
1665
3429
1814
3272
1814
4046
1952
1551
1952
2582
3400
3179
3957
3207
3957
1670
276
39
643
642
4111
2530
4312
1678
798
644
798
856
3005
3867
3005
3668
3005
3492
355
375
355
322
394
396
394
284
4452
4332
499
474
2945
1301
1897
2213
1897
3301
2672
1195
1509
2511
1509
3746
4648
3088
4648
3083
4648
4693
3862
3676
3862
4339
3825
1507
3825
3305
3825
3300
3825
4018
4123
3430
1200
2901
1200
4667
444
402
4515
2135
4515
4554
930
1079
930
908
3280
4777
3280
3482
3280
3056
214
213
1516
1407
2404
1924
2404
3241
2354
1510
2354
1939
2354
1521
2354
4593
2354
2197
2354
1442
2354
1911
2354
4609
2354
1231
2354
4666
2354
2297
2354
1545
2354
1479
2354
4501
2354
1652
2354
2425
2354
1316
2354
1791
2354
1802
2354
4415
2354
1519
2354
2207
2354
4670
2354
1811
2354
1556
2354
4526
2354
1575
2052
1756
2052
3913
2052
1755
2052
3697
2052
4753
2490
4382
3912
3700
895
894
2244
3475
100
179
1681
2794
3039
3076
494
513
1322
4628
1322
1526
89
133
1459
1302
2099
3806
2099
3827
1535
3575
1535
3198
1535
3422
2955
3357
2955
1744
2955
4765
2955
1743
2955
3519
2955
3039
376
324
376
226
376
229
1241
1231
1241
1519
2725
1557
2725
3939
1978
4178
627
709
2399
2520
1237
1609
1237
4224
1237
3856
1237
2253
4582
2671
4582
3899
4582
3047
1677
1210
79
1574
2628
857
858
857
645
4626
1302
2885
3622
4378
3336
572
547
572
596
2054
2055
4117
3196
4117
3420
4117
4906
1494
1668
768
754
807
811
807
628
385
329
385
392
4012
3672
4012
3500
4012
3024
1940
1420
1940
3017
3772
2299
3772
2221
1992
1911
1992
1578
789
717
789
762
2184
4871
2104
4624
2104
2396
2550
1253
2550
3811
2550
2060
1901
3305
1901
3300
1901
3349
1901
4018
2523
2525
2976
4662
1068
969
485
580
2630
3003
596
599
1049
1059
1049
895
1049
1060
404
444
404
279
4552
1438
1343
1321
1343
2394
1343
3238
3703
4790
3703
3117
3703
3119
3100
4741
2040
1382
2040
3833
1878
2597
1878
1583
4415
1235
4025
2364
4025
3500
4025
3024
3489
3052
3264
3005
230
273
230
334
959
32
689
697
3141
4846
515
456
515
539
515
595
2279
4567
2279
2256
2279
2232
2279
2883
2279
1621
2279
2912
2279
2194
2279
4172
2279
4542
2279
2300
2279
1615
2279
1504
2279
2401
2279
2316
2279
3820
2279
4628
2279
1526
2279
2385
2279
2293
2279
1486
2279
1543
2279
1570
2279
1574
2279
4626
2279
1732
2279
3015
2279
4717
2279
2288
2279
2384
2279
4733
2279
1589
2279
1194
2279
1619
2279
4179
2001
2243
2001
4523
4257
3370
4802
4319
3437
4585
4952
159
972
967
972
907
733
801
733
610
733
664
4235
4046
1892
4623
1892
4409
342
324
342
227
996
1036
996
937
1732
1614
3963
1112
1796
1552
1796
2046
59
168
4428
4708
4193
3336
4018
3030
2038
4017
1506
2719
1506
3928
1506
4833
1506
4087
1506
3106
1506
4723
4576
4025
4576
3474
213
275
2414
3624
2414
1990
1177
1163
1177
3232
3098
3705
3098
4274
3098
4776
4632
3036
4788
3724
4788
4817
4788
4448
2531
118
1634
1739
3297
2284
1737
1739
826
653
826
736
2225
1800
2225
2065
500
459
500
460
380
231
380
391
1519
1227
763
655
763
764
1262
1614
2651
3043
2651
3501
2651
2682
894
951
4858
2763
4858
4293
116
131
1880
1512
1880
2211
3432
1175
3432
1186
3015
1469
3015
3313
3015
3309
3573
2808
3573
1111
3573
3201
4006
4456
3065
2296
4717
2643
4717
1700
712
658
712
825
2587
1146
2684
3072
2684
2706
2684
3509
958
58
2924
3266
2924
3283
2924
3033
1403
2471
1403
4036
1403
3677
1403
4230
1312
1866
1312
2916
1084
964
1084
1085
3844
3515
3844
3693
3844
3331
3844
2699
3844
3312
4885
2791
4885
2533
4885
1677
4885
2786
3922
3160
3922
4793
3036
1506
529
472
2096
1759
2096
2200
451
550
208
58
1456
1378
4605
2650
1467
3725
4250
4676
3203
3962
6
62
6
5
6
4
971
989
4546
4464
4546
4208
4546
3277
3626
3838
3626
3284
3626
2081
1283
2929
1283
2340
1980
1904
1980
1525
2305
2344
1938
1939
575
469
1754
3351
1754
2350
136
3546
3166
3975
4511
149
3081
3911
3081
3543
3081
4266
683
750
2548
4462
236
333
2339
4814
2339
2400
4939
2824
3377
3139
2255
3033
4796
4089
4796
4084
739
772
25
83
4201
4019
4201
4428
1804
1303
3352
4075
1232
1231
1232
1554
2628
1476
2628
4369
2628
2059
2628
2640
2628
3503
2628
3023
893
952
4528
4544
4528
4621
4528
1552
912
944
2482
4856
4275
4284
4275
1104
3943
3399
3381
2178
3278
4216
3278
3494
1864
2205
1864
1583
4766
3703
3077
4782
3077
4782
2602
3639
1198
3641
1198
1698
1198
2451
1198
2687
4171
3990
3486
4225
3486
2680
578
530
2488
4821
2488
4815
2488
3740
998
950
4058
4807
4058
4806
2276
2453
326
290
1799
1280
3292
3316
1471
1198
1165
3231
1165
1152
649
838
649
637
979
59
70
138
270
93
2172
2165
2172
2238
1568
1644
1568
4884
4888
2526
4888
3759
4888
2791
4306
3762
4446
4520
4446
4478
4446
2040
4446
1319
4187
4206
1964
3819
1964
2220
350
371
350
370
793
706
793
652
2396
1380
3365
3133
413
242
413
417
1700
1701
3340
3905
3340
3906
1103
2286
626
691
2463
2719
2463
3106
2463
4723
4318
3695
2591
1246
2647
3307
621
620
2513
2035
2744
4842
2744
2494
4723
3129
1066
997
1066
1013
1595
1491
3132
2741
3132
2741
4855
3413
4855
4306
2527
2821
2979
1506
3301
3051
3301
2669
3301
3025
1741
4732
4711
4063
4711
4257
4711
4747
3398
4354
3784
3462
2114
3646
2114
3652
1475
2607
299
275
1181
1166
1181
2588
24
135
2918
3017
692
696
4441
3130
4441
3381
4441
4437
2669
4388
1512
1300
3859
4804
3859
1579
3859
3110
3426
115
527
593
527
553
1256
2583
1256
2892
3935
3939
4359
3704
4359
2473
4359
4251
4213
4788
4213
2253
4354
4936
4354
4346
2049
3054
2049
4258
2049
4332
2049
3068
2049
2633
1306
1566
1306
1290
3497
4704
2331
2565
2331
1657
20
79
4808
3103
3909
3920
3909
2738
2428
2606
824
639
824
845
1173
1688
1173
3128
1173
4275
1173
1671
38
187
4221
1822
4221
4033
4221
4039
3042
4773
3042
3519
4816
1746
4816
3552
1319
2458
1319
4227
1319
4396
1462
1125
1462
2817
1462
3195
1462
4905
2102
2100
2102
1612
3577
1493
3674
1491
3916
3922
3916
4828
3234
4175
3986
3614
3373
3399
2348
4409
3632
2672
4162
2244
4901
3196
4901
3200
4860
1681
4860
3743
4860
3743
2451
2667
2539
2335
2455
1223
1095
2529
1095
2774
4937
4949
2147
3615
2147
2878
2161
2300
2161
1543
4673
1403
900
899
3552
3403
3552
3403
1434
3861
1434
3642
1434
3684
1434
4244
1434
4037
1434
3870
4730
1573
2614
4469
193
192
2717
3700
2990
4744
3998
4231
1267
1651
1267
4333
1267
2045
1267
1735
1267
1734
471
601
4585
1660
4585
2863
2770
29
183
4080
1104
1483
4741
981
893
981
1018
4268
4271
3821
3834
3821
3273
2091
1408
463
598
110
162
2505
4881
2505
3175
1603
2052
1949
1925
1949
4637
2211
1306
2387
3427
2387
4925
2387
1645
2387
4921
2387
4920
2387
2287
2387
4916
1226
1214
3346
4269
32
189
4697
1745
4697
4735
4697
2715
1019
879
1019
1069
1019
936
2391
1694
4298
3953
606
605
2288
1204
4840
2743
4667
2616
4667
3255
4667
2610
4124
4940
4541
3310
2087
2088
2087
2088
3817
4351
3817
2976
3565
3409
3023
3320
2207
2208
997
949
4679
1722
4679
2860
2476
3366
2476
4801
2596
1345
3492
4243
2910
2599
969
937
3050
3079
3050
1188
3050
2707
3050
1689
962
31
1271
2889
1271
4418
2233
4562
4459
2964
4890
4403
4890
2269
173
1368
4630
1368
2149
2721
3920
2721
1748
2721
3131
1134
4212
1134
1132
1134
4026
1134
4217
2282
4382
4454
2739
3598
1486
3598
2384
2860
2919
3968
4423
1889
1523
1889
1616
4129
1604
3670
3345
3073
3936
3073
3908
3073
4068
3478
2676
4674
2645
2151
2152
457
549
2157
4600
2157
4471
1395
2371
1395
2372
1395
4006
3286
4384
3286
2664
3286
3489
4703
2859
4703
2442
1729
4276
2447
1529
4911
4921
4911
4913
2313
2165
2313
2283
2313
1826
2313
1617
2313
1792
2313
4342
2313
4587
2313
1588
2313
2238
2313
4654
2313
1742
2313
4675
2313
2365
2313
3987
2313
4583
2313
2878
2313
2408
2313
1498
2313
4598
2313
4586
2313
2072
2313
4588
2313
2879
2313
3986
2313
4673
2313
1441
2313
3609
2313
1820
2313
1941
2313
2314
2313
4671
2402
2968
2402
2625
2402
3480
2166
2939
2166
4578
3581
1894
3581
1817
1830
1499
1830
1620
4691
2285
3501
4318
2327
2820
2327
4917
3195
2804
279
84
1275
1791
1275
4415
3769
1826
2128
1639
2128
4184
2128
4187
1989
4040
1989
4652
4286
2329
4207
1662
3126
3719
2774
3408
4864
4102
4864
2504
4864
1649
3168
3182
3168
2515
3168
4440
3168
3183
411
406
411
305
3894
4797
3894
3696
2263
4389
2263
2051
2263
4781
2263
1631
2263
4051
2263
3876
1061
1071
1061
898
580
581
3540
3393
3681
2052
3459
2065
3459
1264
3322
3068
1015
961
1015
1017
516
567
516
543
516
499
516
447
3535
3538
3535
4860
4259
3104
4259
4752
4259
4808
679
743
679
738
4910
2807
4910
1676
4910
4912
3241
3468
4498
2270
4498
4577
2518
2790
2518
2522
1912
2977
1912
4199
1912
1492
4341
4800
4341
3106
4142
1334
2324
2668
1862
2065
1862
2257
1825
2218
1825
4684
1825
2217
296
206
902
901
1034
1077
3200
2823
446
76
2777
3560
2777
2781
4736
2490
1280
2637
1280
1267
3516
1730
3516
2732
3516
1729
1983
4630
1983
1515
581
530
1004
870
1004
1067
4254
3357
4254
4765
4254
3519
4253
4066
4253
4265
4253
2724
3897
3111
3897
1736
3897
2509
3897
2305
3897
2513
3897
4826
169
3509
4260
4848
4870
4848
4883
4848
3748
2204
4743
3665
3680
3814
2089
2084
1434
4114
4311
3952
2519
3952
2785
3952
2524
1400
3265
2012
1617
2012
1941
993
1079
4891
4309
4891
1093
4891
2528
2939
1424
929
1081
929
911
2855
2870
2855
2426
2832
2906
2832
2897
2696
3350
1441
2960
1441
1641
1441
4197
1549
1222
4368
1745
4368
4735
4368
2715
3698
3915
3698
3551
3698
2343
503
464
503
463
1338
4323
1338
2940
2905
2615
2905
2255
1137
4435
1137
1135
3045
2386
3045
4063
3045
4774
3045
3926
3045
4753
4572
2661
2621
1487
2621
3641
2621
2451
2444
2394
2444
4645
4486
2561
1962
4342
1962
1498
1629
3265
4190
2642
2154
1917
2154
4546
4119
4313
3570
2810
3570
1107
3570
1678
3570
3763
1883
4582
3892
1182
160
180
2144
4620
2144
1903
2510
2519
2510
4869
3732
2503
3732
3947
4900
3572
4900
4118
4900
3419
4900
3198
4861
4433
4861
4298
3796
4610
3796
2281
3796
4577
3796
4543
4398
3367
4398
3368
2765
3177
1141
1134
2714
1488
2714
3557
2714
3715
2714
2723
2714
3559
2617
3650
4720
2454
4720
2454
4602
4627
4602
4677
1437
4240
1437
4770
1437
4022
1437
4727
2876
2441
2876
2638
2199
2296
4950
104
3878
4746
497
581
497
581
1489
1438
117
133
2985
2677
1264
3282
1264
3322
1264
3070
481
553
2798
2800
2384
3837
4882
4892
4882
3400
4882
2798
2460
1754
3343
2380
1100
4371
1703
1704
1703
1704
2569
1646
4041
3061
4041
3880
4041
3048
3901
3360
3901
4750
266
90
3959
2813
3959
2810
2781
2787
2781
2789
50
140
4468
1281
137
592
594
592
601
3494
3679
3954
3411
3954
4311
3940
4835
960
39
1772
1713
1772
1720
4247
4255
4247
4060
4247
4749
4386
4591
4386
1230
4386
1902
4386
2209
4386
4665
4386
4601
4386
4571
4386
2062
4386
4678
4386
2164
4386
1533
4386
2432
4386
4594
4386
1184
4386
2241
4386
1711
4386
1599
4386
1217
4386
1805
4386
1470
4386
1594
4386
1787
4386
4643
4386
2430
4386
1886
4386
1471
4386
2428
4386
1480
4386
2584
4386
4516
4386
1968
4386
3274
4386
2193
3237
3242
4782
4076
4782
4796
1022
1033
1022
917
3677
4059
3574
4931
3574
4916
859
678
4826
3123
4231
4734
4231
3914
4231
2079
709
698
7
172
2773
1628
2773
4104
945
97
1919
1508
1919
2647
1919
1529
460
459
4655
2645
3851
3023
390
240
390
306
1967
3993
1480
1300
4046
3335
255
238
255
306
255
289
1668
156
3316
4761
3316
4378
1906
1346
4083
3722
2691
3344
4328
1924
4328
4509
4328
4329
4328
2222
4328
3453
4328
1355
4328
4374
4328
2273
4328
4455
4328
4321
4328
2200
4328
4580
4328
4624
4328
1416
4328
1559
4328
2248
4328
1709
4328
1386
4328
4664
4328
2040
4328
1456
4328
1319
4328
1429
4328
4548
636
668
1600
1227
4475
1282
4475
4698
4475
4468
4475
3788
830
833
830
636
4094
3945
4094
4878
4094
2521
333
271
3309
4722
3309
3673
3309
4048
2931
2980
2931
4682
4895
3415
4895
4898
328
195
3370
3925
3370
4825
4099
81
3522
4319
3259
4466
3335
1482
3335
3099
3335
3528
3335
3121
3335
4392
1695
4870
1695
4883
1856
2401
1856
1574
4733
1718
4733
1496
4733
1719
1429
1639
1429
4206
2747
3744
631
772
631
670
533
551
533
572
2644
3088
2644
4714
2421
2589
2421
4386
752
51
2318
2973
2318
2080
2318
4250
2117
4566
3787
3986
3787
4674
4670
3844
4837
4407
2993
2216
1641
2215
2524
2797
2958
3009
1349
4678
1349
4643
2006
1919
2006
4578
3229
1608
3229
4167
1538
1751
1538
1752
1538
2460
831
821
831
668
3946
4929
3946
4927
3946
1126
1170
1163
4518
2609
4518
4643
4908
1118
4908
2815
4908
4914
4506
4520
2019
4920
2702
3907
4645
4725
4645
2680
4645
3028
3074
3092
2826
129
4210
2676
1867
4380
1867
3999
1811
2650
1811
3018
1060
1071
1060
1070
813
662
1761
1762
3828
2988
2069
1588
2069
1742
2948
3286
956
23
3008
4707
1956
1514
1956
3252
316
345
316
302
4943
4946
400
332
400
307
400
308
400
232
400
333
3802
2907
931
905
931
968
1289
2208
3726
3731
3886
3930
3886
3728
3886
3919
1464
4951
2882
1419
4375
4620
4375
1896
4375
4367
4375
2206
4375
1520
4375
2894
4375
2901
4375
1788
4375
1164
4375
1818
4375
1156
4375
1175
4375
2899
4375
4669
4375
2890
4375
2915
4375
2196
4375
1226
4375
4667
4375
2402
4375
1549
4375
1600
4375
1867
4375
4343
4375
2914
4375
1903
4375
1216
4375
2884
4375
2302
4375
1186
924
979
418
423
418
419
1757
4230
3543
4816
4634
2983
2260
2262
2369
3792
2369
2370
2310
4549
2310
1860
2310
2864
2310
2867
2310
2580
2310
4621
2310
2865
2310
1812
2310
2877
2310
2873
2310
1720
2310
4589
2310
2578
2310
4569
2310
4168
2310
2579
2310
1552
2310
2258
2310
2046
2310
1799
2310
2424
2310
4563
2310
4174
2310
2576
2310
2869
4639
1605
1807
2197
1807
1316
729
808
729
767
729
624
4905
3576
4905
3206
31
184
3374
3376
488
456
488
539
488
544
957
30
1871
2597
1871
1490
2888
1228
1833
1547
1833
1629
4561
4587
4561
4671
2728
1576
1975
1469
1975
3313
1975
3014
3791
2854
2121
2440
3294
2199
1734
1735
1637
1584
1637
1610
1637
4942
1637
4948
1637
1577
1637
3429
1637
4937
1637
4943
1637
1464
1637
4941
746
631
417
420
4622
4648
4700
3705
4700
4274
4700
4454
1174
1696
1174
1173
223
220
2417
2268
2417
2423
2863
1605
4028
4032
4418
2611
4069
3933
4069
3930
4069
3919
3070
3516
3673
3891
4406
2389
4406
3210
4406
1637
4406
4935
1054
912
1054
1082
4898
3425
4898
1119
668
47
2751
4861
2751
4837
2751
3735
4077
4094
4346
4431
4346
2327
803
812
803
813
1129
1128
1766
2856
1766
1390
93
139
2927
2216
4751
4398
2687
2495
2687
4847
2687
2707
2584
2198
4727
2367
4727
4277
4727
2716
4727
4460
4727
2491
4727
2363
4064
4079
4064
2744
4064
2731
1875
4604
1875
3842
1875
2617
339
388
339
193
339
328
3020
3042
218
348
910
909
2913
1146
4238
4652
3053
4397
1971
2907
4843
2183
4843
2778
923
989
2230
2226
2230
1803
741
632
741
763
3847
2683
1438
3642
1438
1439
1438
4461
1438
3870
3701
3382
1341
2428
1341
3274
4037
4050
2618
2461
2618
1265
2618
2696
2618
2688
1222
1223
1222
1215
4200
4019
4200
4428
4343
1235
3635
4728
3635
3478
3635
4210
4496
1540
4496
1814
2344
2346
2344
2345
44
143
4909
4915
4909
1674
4909
1675
3559
3562
3180
2518
3609
3812
1845
2591
1845
1468
2003
2912
2003
1486
77
978
908
978
993
4738
1563
4738
2445
4738
3632
3143
1460
3143
2301
3740
2768
1300
4381
1300
1798
1300
1797
1300
3912
1300
2717
1300
2727
2797
73
4227
4254
3616
4324
3616
1919
4846
2767
4846
3164
3877
3084
3877
3077
4251
3348
3839
3681
450
548
3692
1576
951
15
286
422
286
244
154
3932
3148
1380
4009
1380
3853
1380
2188
1380
2655
1380
4016
3755
4109
4863
3547
4863
3395
368
216
368
383
2852
4377
2852
4375
2236
2289
2236
4362
2236
2484
2914
2403
2676
3049
2676
4259
2676
2469
4104
2784
477
494
3422
2542
3025
4388
3678
3342
4366
1166
4366
1147
4366
2906
4366
2047
4366
4663
4366
2583
4366
1185
4366
1466
4366
2592
4366
1723
4366
2597
4366
1553
4366
2598
4366
2581
4366
2195
4366
2892
4366
1490
4366
2897
4366
2946
4366
2911
4366
2330
4366
2590
4366
4575
4366
2593
4366
2205
4366
4566
4366
2587
4366
2591
4366
2596
4366
2896
4366
4625
4366
2588
4366
1468
4366
1583
937
1075
937
935
3470
3307
3470
2447
4109
4346
1529
3499
501
462
501
461
3238
4645
2215
1423
3805
2601
2521
2795
4488
2279
1903
1345
2424
1905
2424
4176
2424
4177
1649
3751
3865
4708
3752
4912
3752
1130
3752
2801
3752
3189
45
181
3776
2846
2124
1437
2517
3759
2517
1677
4710
3040
4710
2689
4710
4236
2739
4286
2739
4818
781
785
781
660
3122
3537
4893
2802
4893
4899
2792
72
4899
4121
4899
4395
4396
2296
699
24
2610
2621
2179
4854
2896
2938
2896
1816
2896
4003
2655
3858
2560
4702
2560
4459
3164
1458
3164
3949
2705
3091
3898
1682
483
593
483
493
564
537
564
453
2972
3001
1039
897
1039
954
1243
2628
2778
2782
2778
3181
936
1073
936
886
1589
1664
21
120
1683
53
3881
4697
1364
4570
1364
4599
4043
4063
4043
4257
4043
4747
2284
2051
2284
4781
2284
3698
4337
2502
2801
4420
87
132
2469
1495
1712
2941
1712
2953
1712
4191
155
28
4155
1206
3443
1192
3474
3284
4170
1396
4170
1531
4170
1413
4170
2073
4170
4689
4170
4615
1662
1199
111
161
4466
4701
1785
2598
1785
2590
1138
2030
4388
4389
4388
2051
4233
4711
583
478
583
473
4828
2508
2840
2848
2840
2847
4592
4668
4592
4640
3594
2219
3594
4691
1337
1811
1337
4526
3697
1548
988
1081
1758
4340
415
242
415
420
1216
2435
1216
4190
1216
1662
257
297
257
326
1934
2881
1934
2124
243
266
542
448
3831
3655
2663
3884
2060
1252
4048
4390
1500
4231
1089
2770
1580
1444
3873
2457
4326
1385
1074
935
438
367
438
442
854
855
854
822
2951
2966
1209
1520
1209
2901
4081
3936
4282
2501
3011
3021
664
814
470
469
470
469
2961
4215
2961
3296
2961
2659
1235
2064
1235
2203
1235
4743
1235
2631
642
702
4731
3877
1449
1489
1449
4548
1541
3026
1541
4218
2624
3293
2624
1988
2624
2235
2727
3536
2727
1557
2727
3935
4747
4774
2887
1214
71
139
319
261
319
388
319
197
1159
4281
1159
1710
1159
1138
1675
1464
2190
2027
2190
2026
238
237
4907
2181
2713
3358
2713
4790
2110
2873
2110
2869
2544
158
1808
1479
1808
1316
3622
2086
3359
3154
3359
3137
3926
2489
3926
3717
4089
4100
3270
3484
3270
3295
3270
4572
3686
1233
1329
4551
1329
1974
4516
4183
4516
2057
3249
3475
3435
3786
3435
4635
4220
2666
2418
2600
3094
3916
2682
2695
4508
3821
2321
4865
2034
3341
1638
3286
2242
1374
2846
2333
2846
2557
3848
3308
3848
3499
3848
2670
3848
1821
306
398
306
308
3416
3419
3416
3575
3416
4119
4932
4945
1671
2743
2688
3350
4440
4923
4440
2287
3409
3192
4557
4627
4557
1629
4084
4835
4084
2500
1793
2048
1793
2585
2928
4011
98
120
3643
1697
3782
3602
3109
3127
995
1014
995
862
3189
3193
3189
3192
3746
3182
3746
3948
3746
1674
3746
3568
52
187
1564
2192
1564
1126
1564
1673
1667
2729
1667
3130
1667
1702
1667
2178
1667
4863
2902
1150
4625
4681
4625
2213
4625
2214
949
93
3116
4867
3116
3541
2786
4372
1968
3993
486
569
486
536
486
498
486
458
3394
4294
3394
4892
3394
3398
2118
3820
2118
1570
3788
3239
2966
3653
2966
4393
2966
3006
1820
2078
1820
1611
1820
3847
4690
1348
2317
2455
3059
4739
2748
4099
4897
4313
4897
3575
127
1995
4470
1995
1912
1853
1854
719
751
719
689
4563
1714
4563
1179
4563
2594
4563
2909
4563
4180
4563
1898
4563
1141
4563
2913
4563
2887
4563
2902
4563
2891
3135
2753
3135
2753
4941
4429
1719
3304
3274
2381
3274
2336
251
281
2410
4340
3982
1585
3982
3816
4416
3968
441
280
441
404
4026
1457
1013
932
851
704
851
644
1868
2258
1868
2869
162
1194
3050
2891
1157
4348
2864
4348
2867
4348
1713
4348
2580
4348
1179
4348
2865
4348
2594
4348
2877
4348
2873
4348
2578
4348
2909
4348
2577
4348
2579
4348
3799
4348
2046
4348
1141
4348
2913
4348
2887
4348
2902
4348
2891
4348
2869
1706
2292
4408
1107
4408
2796
1149
1148
1149
4226
1149
1153
1149
2679
656
747
656
746
512
462
512
513
512
492
512
461
4754
2690
828
832
828
830
670
98
2957
3863
2957
3656
2957
1749
1537
2486
1537
4079
1537
2731
2731
2496
3763
3424
3763
2806
4612
2426
4612
3246
2223
2054
2223
3827
3007
2453
1082
1083
1082
943
1389
1380
4759
1750
3813
4550
1656
3845
1895
2644
531
570
531
571
531
495
531
482
531
457
2947
2957
651
650
651
720
4753
2390
2484
4362
2484
4362
3033
3503
3033
2684
4236
2236
732
707
732
800
4841
4849
4540
2934
3827
3651
3827
4021
3827
1761
2250
2878
2250
4586
2269
3425
2269
2805
229
334
2360
3186
2439
2086
3078
4069
1197
1193
2551
1989
2551
4655
4578
4202
4578
1593
4578
3276
855
647
855
799
4016
2190
4016
2190
4426
4427
4426
2954
2245
4638
2245
2090
3473
2648
4191
4451
1017
960
4382
1513
4382
1544
4382
3944
4382
3396
4382
2346
3277
2448
4786
2036
4786
3529
4786
2351
2355
3819
2355
1379
2355
2558
1619
1213
1534
103
2631
2639
827
829
827
715
3452
2569
3452
2148
2954
2990
4008
2645
552
595
1900
1818
1900
2402
3162
2766
3162
2524
203
277
1606
3058
1606
3868
1606
4064
1606
3059
1606
1537
3092
4804
3092
1579
3092
3110
2822
67
530
595
2944
3633
3212
2417
3212
1197
1556
1374
198
38
1383
1560
1383
1382
1383
2974
1383
3833
3004
3032
1941
4708
1941
3271
30
83
2405
2571
2405
4493
453
550
3824
3661
3824
4041
2076
2077
722
617
722
766
112
164
4707
2480
4707
3914
4707
1372
2487
1586
3646
4660
3646
4253
3646
3881
4548
3838
4548
2081
4548
3474
3183
3407
3183
4305
3183
2781
1412
4657
1412
4658
2000
2122
2000
2601
1303
4243
1303
3076
1303
3867
1303
4724
3743
4353
3140
2758
3526
3714
4167
2927
986
962
4179
3825
4615
2971
4615
2987
4615
4209
443
252
443
404
1664
4732
1664
2656
1664
3860
1664
2663
1567
2443
1567
2969
1567
3831
1815
3311
2314
2280
2314
3638
2314
2623
2041
2572
2041
2566
4203
2992
22
144
685
694
685
612
4340
3077
4340
3045
4340
4782
4340
2037
3101
3715
2528
2532
4174
1712
4798
3940
4798
1089
86
130
3397
3190
346
303
4940
3580
1362
4374
1362
4522
64
3332
3902
4857
2498
4857
4882
1836
2200
1836
1456
1252
1228
1252
1609
2648
1696
4230
1548
4230
4755
4230
2466
2502
2516
4526
3840
4526
3269
4526
4387
3586
1545
3586
1811
856
858
856
675
4482
2241
4482
1711
4482
2430
4482
3601
987
967
987
906
1738
1739
3298
3302
76
177
76
152
76
171
76
176
76
165
76
164
76
172
76
151
76
170
76
150
76
163
76
179
76
27
76
148
76
157
76
166
76
175
76
174
76
147
76
63
76
28
76
180
76
153
76
149
76
173
76
169
76
154
76
127
76
162
76
64
76
161
76
178
3401
3407
3401
3414
4173
4020
2037
3084
562
540
562
454
4662
3035
4662
3333
4662
3334
3097
4824
3097
1705
3097
2033
3097
3377
3097
1706
2582
1419
1178
4777
1178
1172
1178
3482
1178
3056
4768
2477
2843
2002
1571
1387
4197
4221
4887
1092
4887
4109
4887
2528
2296
1648
2296
1586
2296
2724
4056
4062
4056
4062
759
684
759
805
1779
3629
1779
2276
1779
3007
3265
3852
3265
3877
3265
4043
3265
4233
883
955
272
15
4040
2462
4040
3678
1112
2821
2588
1172
3440
1295
1192
3228
1192
1178
2185
2186
2185
2186
577
553
2563
2304
616
694
4448
4843
4308
4894
2491
2749
2491
2186
2491
2185
2105
1230
2105
3599
2376
4328
1937
1608
1937
2927
414
267
414
420
4652
3333
4652
3334
4652
3081
3392
4880
3392
3402
1240
2316
1240
2385
480
553
1468
2437
442
378
442
254
4316
4423
1680
2534
884
955
884
880
1575
1246
309
318
309
339
2884
2959
2884
3636
2884
2452
65
168
3152
3172
3152
4290
3152
3746
2724
2488
2627
2991
2627
4541
2627
3298
4721
1481
4721
1573
865
34
3722
3150
3722
4095
3722
4097
447
548
3378
4829
3378
2400
3378
4358
2139
1896
2139
2402
3281
4404
3281
3287
3281
2982
2999
2674
2613
4608
2547
2040
611
52
4713
4738
1201
1720
1201
2579
2055
1762
2055
2189
2055
4021
2055
2655
2055
4016
1495
3097
4443
1524
126
154
2759
2524
4913
1653
4913
4432
1367
1902
1367
4183
4595
2444
188
2835
1442
3818
1408
2088
3910
2088
3116
161
1612
1378
2208
4726
2208
1265
366
295
366
384
3156
4869
3156
1681
3156
3743
2287
4927
2287
1501
1790
1263
4687
4707
3446
2553
3446
4495
2351
3723
1018
951
3273
4218
2448
1372
843
701
843
845
1042
1062
1042
882
1042
1063
2816
116
3086
2479
105
152
4211
4754
2158
4593
2158
1556
1562
4478
4806
4074
4806
2733
4806
2748
3206
2815
3206
2536
4938
1122
3477
3029
2029
4013
2029
3826
1334
2564
1334
1813
1334
1659
3694
2495
3597
2165
3597
4586
2082
3661
4818
3739
4818
3727
2809
4939
4223
4038
3988
2918
3219
2311
4916
3207
1406
4758
1406
4756
1406
3093
1406
2290
1406
4766
2514
3561
2514
4105
2514
2399
2127
2961
4537
2946
4537
4575
4671
3242
4671
3478
51
139
2328
2820
4144
1898
825
708
825
742
3652
4618
2431
4008
259
222
259
380
259
257
1419
2998
1419
1822
1419
4033
1419
4330
1419
2087
1419
2088
2555
46
2193
1193
2113
4584
2113
1804
2710
4307
2710
3957
33
183
3996
1290
4859
4300
3532
4113
3532
4308
2639
2477
702
145
2921
1422
409
435
409
434
473
472
4775
2734
4775
1607
2605
2199
3167
3404
3167
2782
1503
4675
1503
2365
2660
2685
2063
3029
3870
4757
4149
3605
4149
2128
1246
4383
1246
2664
1246
3489
1246
3097
254
279
1842
1555
1842
2060
1689
3892
15
143
3326
4930
1583
1306
4266
4816
1356
4583
1356
2408
461
598
976
60
528
581
1929
1450
1929
1922
4903
2517
4903
2786
2220
1606
4543
4676
4543
2973
4296
4893
3810
1721
3810
2949
3810
2068
3810
1527
3810
1914
3810
2075
3810
4695
3810
2042
3810
1189
3810
1874
3810
2239
3810
1814
3810
2945
3810
2924
3810
1989
3810
1975
3810
1779
4135
1521
4135
3994
4889
4304
4889
4896
2496
4844
2496
1581
3592
2083
3592
4576
525
528
672
26
3171
4877
3171
3174
3030
3387
3030
3389
3030
2499
3465
4192
412
413
412
415
2253
2254
2576
2674
2576
2666
2917
1991
2917
2609
4750
3929
873
961
2363
2398
2302
2280
2302
4189
1119
2826
977
911
977
988
2413
1532
3966
3967
3578
3966
667
49
467
601
1106
1584
3498
1135
1749
4759
4701
3319
4701
1495
1186
1178
2427
1380
822
647
822
859
104
153
289
303
289
308
1375
4580
1375
2248
2131
4608
2131
1400
3760
2535
2718
2309
2382
4445
4437
1509
4437
3152
779
792
779
679
4560
4621
4560
4589
3601
2304
2869
2403
1823
2673
3175
4886
3659
3327
595
599
3481
3663
2148
2934
4693
4730
1850
2062
1850
1968
3386
3396
2347
2341
2347
3789
3735
4861
3735
4861
1295
2862
1295
2208
4935
3430
14
19
2794
71
3640
4743
2388
3658
2388
4388
579
581
2291
1593
2291
4634
4288
1690
4288
1564
938
937
3709
3136
3709
4090
3709
3141
3146
1747
72
141
874
873
3874
1099
4565
3290
4565
3289
4565
3292
430
248
430
433
1268
2047
1268
2892
178
3716
3544
3716
3721
4217
1666
4217
4916
1371
2149
1371
1475
