2935
13915
5201
13907
10198
5071
4820
1650
13843
11116
10980
12482
13912
5231
6919
1021
4191
10228
11006
230
12268
610
2148
220
11389
4923
580
7506
11601
9230
69
519
3110
9978
3857
14074
9543
1516
14083
4893
12716
8248
7608
4965
11631
2608
9200
6306
359
2213
10922
4460
9209
1715
10103
14027
12962
7832
10013
8038
2778
8755
1013
6803
2513
10892
2954
9540
11974
8146
10538
5541
9153
4485
5366
7476
2601
3767
4009
4284
5825
13629
12589
8942
8259
1342
1662
5776
8790
13380
5863
633
9272
9705
10636
4308
5795
5575
4859
3392
7230
9023
2292
1059
7978
8884
12034
2458
11315
7091
2383
12951
3358
9506
3483
8993
9608
4149
6340
336
7200
6612
11537
9065
4747
759
6960
7543
1374
13366
12286
8556
13308
13953
11043
8971
10610
3813
857
2001
4512
8658
13045
3062
3155
6985
10629
2257
5405
11040
12515
4761
5627
5042
5204
4419
4014
9476
13641
12669
12957
7272
10599
7705
2557
4848
10513
3050
12337
5597
10391
5388
3966
11227
8220
11604
1581
8103
6465
9832
3134
8013
2008
6264
6846
6393
8649
7209
8491
3980
7540
11197
10146
10038
4714
7132
1438
6343
6423
2595
11971
10214
4625
13653
6140
781
10415
11556
4407
302
3287
9787
11658
4595
3587
12413
1086
2946
4070
4663
5503
2003
12680
3300
6525
2400
9034
8315
12023
6841
11884
13758
1721
7217
4076
13488
12065
784
10141
6495
8537
11993
5258
10261
6563
2453
10855
2388
11649
10082
3353
7188
7325
12356
7445
3488
4577
13301
7773
12936
11220
8604
7244
8227
7866
5745
7295
12853
3169
3694
6235
5074
2972
8197
7363
9888
9621
1804
5473
11491
6434
3496
1380
10247
5332
13941
12592
5620
9654
2941
10890
6143
13714
5952
5249
6677
6739
12622
4185
3196
819
3818
5186
8175
4042
10662
4934
13805
13817
13558
8601
2796
1117
9217
1575
4354
2218
4102
8389
14009
768
1005
8631
1840
10784
14112
11248
3984
13802
21
2773
13076
6683
14050
8141
2518
12910
5546
4827
10489
2747
717
196
5487
13615
13607
12438
919
4321
13184
4797
6281
13890
13612
7787
5648
4583
10651
2417
11942
13929
11259
13472
6696
3317
5168
6875
1827
7654
1471
12153
13514
1506
179
619
6726
6907
10175
1995
2143
13475
13344
3161
6106
480
10582
6016
11790
510
10657
9773
9244
725
12899
9866
13193
5659
4728
209
2177
8082
9325
9445
12929
7888
7621
8974
9363
5967
1819
2603
4698
3329
11755
7166
9295
10969
2429
2887
11831
6074
314
7033
8300
9428
428
9348
7808
534
9067
4745
332
11535
4473
3933
4129
275
1163
9398
6520
11801
8450
8330
11317
10579
2052
8564
8002
2165
13201
5577
8112
3037
6987
439
13047
8079
11710
140
3879
10502
3461
13970
6186
8916
9180
10400
2361
5143
4117
4620
4332
803
12470
12544
10350
2616
10430
4249
4952
284
13104
5595
10836
11729
13014
12335
8372
3030
83
1599
4503
5663
7707
3215
7926
12955
11699
9359
1171
267
11142
10409
5625
6256
10333
8762
3515
9939
1533
7896
12517
5407
10953
5140
910
11394
11263
10704
9092
10472
12990
4258
6603
11195
7050
12169
2090
7632
11344
7320
113
11424
1567
12742
2402
8433
8309
13061
9122
3302
6467
11225
2485
2128
947
14173
3385
8858
1327
13101
5016
5106
1139
10079
13244
6168
10810
1630
11171
13933
8751
9052
416
13399
3611
13131
6559
2999
3
4967
2369
2690
3469
1878
12381
92
11411
6812
7428
10701
9808
7348
5698
7108
4153
10002
7018
3188
552
12771
10112
10731
7398
937
8684
1297
354
5728
4659
13293
2815
1532
3732
3598
6548
14165
1637
8757
8418
2652
2579
8849
6973
4100
6646
5934
9632
2279
9320
11804
5354
10276
6452
5797
1179
10318
5321
9707
9926
10799
5583
4648
11581
2016
7939
9896
13661
12869
3781
456
1358
5827
4546
1964
7359
11736
4487
10829
13976
3682
2719
7760
8411
556
6368
1787
988
3593
13738
2334
9414
1051
5460
3434
2074
8183
11684
6641
9215
6778
7289
12880
400
1279
4863
7785
9719
13280
4776
4795
5308
11858
3221
13416
10311
9461
1920
4366
5485
4541
12052
13633
13497
11751
4825
3521
2727
5284
4231
10862
7154
348
12998
8581
1197
1939
2123
452
10177
6905
2355
12822
3455
1445
13676
1043
12206
13028
1847
6877
8736
4201
9854
12792
5820
10690
11068
13961
6071
10070
5893
2449
11418
9297
14135
2740
3349
9821
11757
9688
3660
5965
7568
12653
1873
9327
8804
1696
9447
7666
3092
13794
5923
9586
2171
1227
4158
7121
10655
3183
3806
7011
11849
5848
371
12240
12180
11916
10851
2926
8710
7461
13670
4388
9785
7719
4597
2206
13697
10758
5761
4405
10417
3775
1365
2506
12509
812
5419
904
4204
4627
6042
6883
882
7024
8535
12572
6497
12067
9760
8831
2704
637
5714
1271
11300
1986
7215
9289
13158
173
11564
6386
6994
1455
13538
8801
7414
11450
8317
11330
6527
10183
278
2674
14091
9169
12092
9568
3938
1463
8195
10749
8070
793
1897
6237
7297
8394
11174
5747
7688
7821
8263
7586
12122
8225
11433
5859
11309
4575
8344
7327
8424
539
12479
7447
2310
9666
2821
3410
10857
11086
3391
4022
13149
8177
10294
12500
5512
12402
2491
13851
8729
12774
11372
1263
61
12243
645
7854
2159
6675
13266
10444
12530
10324
3605
12364
528
10570
434
11762
8699
10245
308
13208
9160
9984
3955
1750
4079
13968
6701
8059
5682
13906
10812
11018
8783
4972
6021
334
11108
5870
6111
532
6731
312
7518
13992
282
11282
4453
9185
5915
783
10110
9871
6054
10020
967
4909
2949
11468
12708
2837
2708
5557
6810
1852
8238
1461
13995
7171
13799
10559
9533
7616
14026
3199
4930
7842
8528
9302
10129
6318
1615
10452
4278
8596
9223
3180
6799
10099
9550
8136
9265
3499
13081
4900
8498
3934
6829
2678
8626
9193
8048
1890
9464
3166
8932
1762
12975
2701
2830
8352
3667
4813
10548
471
5551
9769
121
10973
11988
10646
14180
4316
6276
908
9379
12807
8110
12941
8213
7871
12044
8020
10987
9518
176
6400
616
3438
2078
12361
9009
3530
5989
6502
9119
2338
3910
4679
11486
3015
1127
4737
7533
9616
3230
11547
6350
1931
1339
899
6430
690
929
10059
11033
352
2991
7984
8878
1097
554
448
4602
1963
5562
13367
6579
2799
13035
94
12314
10520
206
5191
9072
11712
4135
1143
6704
3237
293
12397
1816
5032
11561
7769
2426
11050
6124
6472
3326
11966
10603
5469
1451
3537
12347
7379
1002
12427
10467
4838
12605
6094
7223
5764
12107
8639
4154
9030
8777
12017
6836
1360
984
7302
9842
8129
5374
6409
500
9000
6333
10256
10048
7193
7464
7142
8367
8099
11514
6953
7550
10136
7265
1151
199
9481
1251
1031
11878
5499
10883
6150
5613
11024
13064
4756
2695
10497
600
13278
1079
5529
10386
10994
757
990
1354
12567
12885
10527
356
8712
12072
1582
2124
1621
7494
14144
12119
187
12009
6851
9044
2522
8027
7780
13563
3184
11213
6417
12860
6758
2902
8547
7524
1345
7370
1001
1874
10151
877
2222
13740
7997
5480
8486
12946
7234
2073
3433
13451
9511
12673
1243
7086
1023
6294
2333
9017
11777
12030
7435
88
11639
9107
10675
6444
4006
6324
8162
8514
454
548
6245
3594
11367
5735
6570
12000
1239
8966
6749
1968
195
5239
4882
3961
10157
12291
7174
6133
8561
7692
5342
5422
10237
66
516
9874
1560
2047
7722
5088
993
12420
6857
5392
5510
4670
10027
9780
13763
8468
8282
12185
9494
14124
12552
4944
13816
6311
2107
9370
571
8151
2673
9997
13540
11238
13178
14107
9524
13606
12448
12328
4146
7481
13668
12160
10368
5371
2647
5536
5638
10641
12687
12298
10778
11783
1071
12819
5781
13249
9692
5066
12754
5802
11352
339
11932
5196
2985
3822
8157
13394
9722
13210
6655
6008
5226
11011
4141
4590
6118
7874
8988
11121
11154
9435
11596
432
6862
9234
13285
4172
7511
3969
328
10905
4917
11528
11626
10877
12459
3021
7068
1925
12721
4555
5879
11498
2703
10162
12903
13282
6690
1063
2514
11270
1951
9958
7816
11545
3250
9338
6610
4735
3988
12983
2953
410
7043
3550
2214
9671
7313
10985
2472
8440
4057
7591
3372
1496
657
5670
2441
8908
13037
13719
4510
4392
3341
11091
6088
5882
4239
10612
380
12534
2716
10340
2112
4422
4342
1407
5133
1453
10960
12224
12607
8279
1699
4529
10465
7456
12345
12425
11703
3809
11921
10264
10846
1465
9173
10393
559
4613
5150
4499
3346
9949
12463
2446
9252
12194
13378
10343
10423
12395
11132
5756
7040
8293
8826
7267
6629
3262
665
41
1217
2900
8365
4480
6599
3562
11954
6513
8443
8323
13771
8796
6391
12015
8775
11334
12732
1936
12105
8202
7642
536
13519
13310
1989
8576
5118
5590
13924
2917
4226
5008
3711
4802
6066
1259
2862
13349
8678
4196
8741
1730
4013
1801
12211
7338
6198
2790
7958
9816
13382
4879
5555
2509
3133
10919
2929
7006
6228
9591
13443
7116
6980
250
9187
5917
2209
9313
7671
13385
14004
1362
2156
2752
1737
1808
6538
8406
9267
3698
14097
3632
12089
653
9642
1443
3484
5944
6636
794
2384
13571
8839
12805
1440
9456
791
3814
10306
4638
6922
4781
298
13977
10803
6892
2850
1186
836
11746
4536
4371
885
7949
12977
7252
3681
13760
12912
5900
10063
3693
1687
6489
1286
9995
12660
1803
2619
3782
5278
304
10281
3354
12187
5930
2454
801
6651
765
3876
13490
7382
1434
10025
13624
766
11576
13405
804
13417
12685
9931
5316
2627
14152
3870
13402
13496
11741
6784
825
10683
4551
11678
4126
5813
9901
5111
4870
13525
5972
13096
5021
6657
9674
3335
2435
13126
8155
3842
12218
4018
13522
6969
8746
4682
13677
11166
7904
10696
4557
11406
7753
1945
13872
3760
103
1159
2640
12376
10875
4915
10907
5453
11839
13875
10726
2004
8190
3138
6582
5909
5054
12766
9437
1596
436
9089
1378
14079
12873
12493
2144
7931
12619
11908
10525
4469
5094
12887
12565
12250
5838
13
10841
6032
10495
3466
1317
13888
12523
2366
7901
3675
6261
10563
5124
13696
2604
1534
160
7995
2242
6214
4374
13560
8545
2996
8063
459
8270
6415
14048
9382
13056
4764
11440
8025
2542
2380
2040
3480
5737
3983
2270
6890
419
2958
11365
5679
6247
12788
10739
3892
11293
11826
9753
10677
2774
9105
3087
11202
11775
7437
9015
8334
2570
11443
11796
4989
11323
6662
2019
10190
8954
7674
8921
6191
11188
12173
12233
6855
2027
8703
13725
2276
11279
13139
10235
3705
9904
13267
4562
10155
2576
10434
1795
5602
13722
2127
13337
9450
4902
9330
8398
11178
12183
7684
1110
6181
1308
11289
9564
8428
2479
8348
10067
2861
14016
11760
3379
10552
9300
81
1843
5689
12778
10819
14111
6880
8052
1877
111
13897
10687
5301
5817
10298
7751
12641
12368
11785
3187
258
9916
7858
10180
5451
2119
5331
3686
10328
10448
4979
1783
3802
4384
4996
13121
9762
1457
13242
2771
13011
8359
3597
1638
5844
5266
2285
8939
3096
1692
340
13561
13245
9372
4208
322
5026
6653
2140
10754
2585
6792
5457
10903
11666
5718
10721
2044
10122
10459
7028
6206
9433
3269
132
7849
12877
9309
12905
7418
2723
6822
4553
1905
7757
3569
13289
10092
11568
13154
1460
6998
4609
1893
13298
2315
9751
5569
12527
3415
5615
10567
10885
599
12386
7158
10052
1982
12994
2104
12497
8180
7916
9858
1469
11064
11461
12883
1450
9079
13024
787
11719
3038
6572
2869
11215
5982
6509
9112
3620
7564
1447
9002
2502
13938
7450
11414
7330
10860
487
9684
5156
2644
1346
2202
1177
4118
3885
6240
8808
8067
2922
705
5750
4672
7300
11586
8122
6364
606
7433
226
3639
7309
9849
8320
11327
11447
2759
12675
1
6530
8632
949
6774
5733
1329
8092
6243
12070
6500
7149
9418
1137
4026
11297
154
6402
10946
10673
9757
11821
11688
6479
11854
3261
5304
3745
1960
6135
8896
13761
10420
939
5039
1299
7762
4630
495
8926
12177
12237
3561
10291
5288
1568
8707
4600
13491
7372
5462
576
216
697
476
6544
3510
13638
7801
8414
2612
3789
7317
12002
8215
55
4791
6470
1033
12112
7831
9411
595
1911
5358
11808
1199
3210
10361
7535
12987
10941
7047
5938
3930
2765
148
4644
689
1524
2056
1229
12520
10314
5492
11035
13733
5137
2834
5410
2291
8719
12079
843
7710
8461
13033
13570
2591
5522
506
1563
10605
7699
4617
7061
3306
5349
9736
5429
12467
13776
2406
3937
1898
11896
5232
4889
10427
10347
1041
8854
47
6742
1277
6990
587
12603
9581
7729
13050
3033
5399
6164
3849
11707
9177
11926
10397
6517
13311
11632
9804
8327
7344
11320
8447
7424
5694
797
13257
8586
5580
12256
7225
8297
14145
7394
5724
7263
8688
8821
851
3664
9070
6955
2855
499
7104
200
7195
4113
6335
7014
8169
1633
3751
13533
13597
3255
5830
1788
13108
13018
4490
6771
9710
3555
12812
5800
13770
4221
6381
8785
4254
7131
13999
8289
1418
12559
5913
2249
11398
9183
4455
13795
9801
10708
5711
9317
7101
9535
8760
9831
7411
2728
2549
11428
63
14113
11348
13792
13203
3899
9225
1082
6078
6869
264
3534
11081
9344
7804
9424
8666
2012
8568
4970
373
9195
1848
5872
10169
14125
12452
9394
9263
3891
13826
3234
11939
3421
4815
10807
2810
171
2321
9699
14160
5809
7736
11359
12973
13576
12646
12548
2656
1208
1104
4157
7581
9729
5436
3736
10975
4399
7658
12563
14088
10523
2457
3357
12495
5164
4072
3121
7971
10250
12841
4429
10887
10565
4349
5617
6680
12525
7556
1684
10493
5889
4232
10619
6413
2942
159
8065
4724
8543
631
460
8200
11056
7993
9248
13848
2624
4694
13211
8023
4580
7884
8978
13357
4041
11217
8230
1859
9755
4046
11295
4358
2258
3283
2970
420
8540
4938
6622
11363
3192
7491
3583
12677
7649
8209
11325
11445
12739
2558
5791
10788
9013
11773
7220
11244
6592
11866
3492
242
9103
12434
9790
8705
1769
2007
2976
6853
4522
12175
12235
8272
11139
13541
5644
6936
10153
13729
9942
4410
3725
9259
6137
10233
6356
4492
13188
4872
1823
8608
7248
9993
5970
2413
3313
10065
1285
12141
12281
7184
10023
10660
750
795
9884
13303
1400
13958
6438
8506
10912
2147
5078
7076
2173
13450
12683
6910
1430
4436
11787
9658
14172
3858
1871
9556
5815
4106
13409
2883
10685
9971
2792
1391
4809
826
2607
13166
4800
10218
5221
6929
3084
11126
7790
7942
2777
13529
4830
7259
1057
5490
11096
8476
13741
11654
8153
13914
6899
859
13879
11621
11888
9146
10873
1761
9491
10766
3768
12726
7755
2743
9038
12907
14075
12875
8832
5254
1545
136
9220
10376
1383
2024
4711
14072
9649
12696
779
12082
5455
4913
8787
6026
5208
4054
10211
13512
953
13345
13474
2217
13483
6716
13515
13507
13753
821
13342
1710
5996
1589
5384
3800
4266
4844
2517
3731
6268
2529
9141
5553
2748
11608
6482
13389
7631
12919
3763
9537
10034
7389
1488
9315
249
4718
2229
4457
11506
7601
13658
2909
12038
2418
961
3318
1828
9197
12146
7974
8621
8888
5181
1666
9082
764
6589
5902
13237
1424
4035
9604
9227
13804
11832
10977
5979
4331
1394
4451
2178
761
805
12803
835
1185
8654
14101
13614
6962
13427
11476
3115
4689
3853
12306
1680
886
10805
4817
4301
2888
7045
1755
3950
12985
4733
9631
11200
7537
3066
11543
409
2253
3288
1551
9601
11230
8217
2914
10983
11978
8034
9389
3588
7315
6286
2553
672
4288
12960
10534
12340
3080
4462
13712
12612
5600
13091
5135
6951
379
4304
11037
13715
13553
13707
2296
5630
6039
3396
10395
9175
396
13132
11272
2387
3829
11705
23
3487
12423
12343
10463
10194
12264
12393
12846
1119
10425
4569
10345
560
13198
1865
5609
12465
1734
10224
4615
10607
917
3962
4179
6337
11540
7197
10732
9974
8363
6156
6957
5672
4750
8295
2200
7227
7604
8244
12103
8866
4982
6669
8773
12013
3817
8325
2500
8445
6515
11209
13850
8671
10910
4122
8187
3584
11076
1006
14002
13336
11382
2918
12784
9440
3841
13809
2059
3284
6685
1975
8958
4560
8338
14017
14005
3872
12651
14090
13896
7741
7678
11184
496
4867
5441
4585
10438
3786
43
6660
7576
6912
1219
9908
13619
12489
5098
12582
8949
12155
6766
8252
244
668
1592
13479
1807
5834
1738
1476
13922
6873
2671
3697
1683
11904
4216
13925
6376
5128
620
180
9279
479
10173
9443
13384
9323
13671
9796
12969
7839
5706
509
13373
5927
12190
210
1409
7126
9202
9775
6218
4378
10929
3846
5897
2409
7406
9293
9826
11753
3309
2623
10899
9365
686
7096
12657
4768
9678
10413
11901
651
1398
2546
13448
3987
9741
4623
7056
5505
4665
11931
2992
12415
7908
4519
4593
3083
12214
4058
2246
9576
2071
1085
8591
12261
12025
7440
2362
8313
10187
6523
3462
4852
3720
2023
6565
5740
6887
5058
11995
1428
6250
6493
13960
6619
12063
2744
10680
8816
7202
8642
4786
7775
11437
2659
2572
13281
1257
7443
2350
7323
7796
9839
3739
3450
10853
10936
2272
5475
1824
7365
7139
5274
6233
10356
3314
9406
12855
7293
7826
8267
2414
5743
2884
2241
12662
5049
4412
6145
3645
10622
799
11674
2174
3896
8173
8456
2541
10592
12890
822
6788
7279
12247
823
11313
2470
2116
3689
9025
2712
6534
11591
3370
5573
10951
7270
789
11816
5948
7037
13660
7545
9063
4477
8995
3376
5147
11045
2476
8901
2665
4634
3854
4000
12610
6983
13724
101
13043
10286
1157
8931
12391
5114
6732
1932
5959
2957
10337
5242
5004
12599
13777
12513
3566
10957
5403
9746
5339
10669
3088
4053
11456
10515
3266
4507
13040
7703
5667
12629
7921
8674
3580
7954
6395
13256
2028
8015
8437
2442
7334
10089
1459
6463
3342
8105
11642
6194
6425
6345
1981
11267
3280
3835
3099
3764
6607
6224
5161
785
10268
1688
1470
2880
5271
2235
13596
1449
12228
13006
3651
14043
1733
10482
13116
5001
12980
13919
2535
685
2190
609
5031
13524
229
12198
8382
3130
579
219
6211
520
13883
70
2866
10716
13874
715
11671
4925
11338
2628
4963
9270
11958
1467
4895
9545
674
238
10015
8089
9334
2913
10105
6977
1319
5652
360
2554
12892
6176
5920
9190
9954
13971
13827
10962
677
596
4017
6805
8753
2254
12922
11
13577
8904
12636
5823
5296
7746
6084
4029
13622
11949
707
4483
9155
11252
5326
5793
5446
10589
9703
3636
9921
5865
5587
13404
3137
2065
13200
2756
12538
2152
13625
2226
9783
10509
12417
6860
3437
2906
2077
8072
4667
12758
2337
5507
6004
4242
4959
1310
7878
10160
8984
6114
1784
2526
1204
4339
1108
4403
10240
1366
12851
9238
2724
1586
11524
832
11370
1182
11158
8533
6161
11997
6885
6567
2095
2043
13356
7064
10185
11494
8119
8009
9020
11780
12027
13963
10572
473
9110
123
8871
7213
3061
8265
3238
763
6420
12857
12162
9498
9099
4948
10479
8550
1414
9626
8193
1844
324
8464
7367
5477
8000
9129
13174
11234
6291
3430
3538
2330
9528
8302
4573
12749
11435
7777
8030
9596
540
8223
13891
7639
12245
10364
12570
1669
11722
8379
246
10530
12324
12444
4002
134
10243
9932
10774
6147
3625
6946
10402
5634
6673
14051
8769
11692
13086
12294
10500
969
9352
11149
10880
8616
12151
13940
6819
7238
3399
6687
6298
973
2299
291
4652
4085
9213
399
8185
6328
4142
10119
14164
6448
8518
5176
4920
10009
7178
10072
4446
4793
4326
13300
7783
3921
4587
4865
5084
2707
6552
3069
2838
4296
4823
9059
12311
11481
5483
9878
8160
152
13068
6721
10792
6903
2103
1129
12690
6031
6459
11874
981
1337
10206
11028
897
10822
4271
406
1894
4176
7352
6001
10998
2677
7932
12862
12157
9048
7626
12655
9367
5963
10000
2643
13994
1661
3668
7498
5895
376
9136
3826
9777
927
10030
10653
7596
9639
5925
4170
11511
1099
6754
8842
7528
395
11131
3034
6128
5216
6708
1856
12810
2108
13171
13395
9712
3631
4834
8481
11101
13568
6098
14153
12059
13392
13506
1610
9547
3663
12731
4897
5768
13640
10771
9486
4114
2648
9151
11616
11518
12701
4927
13273
1237
4706
7282
13284
14134
5378
10381
10044
3150
7468
5560
9514
387
12136
12276
6807
14120
12048
11842
2101
8511
3055
6975
13236
10107
2979
1766
1077
10017
3162
7988
12829
8874
5585
4441
5867
879
1564
740
7081
10869
1780
9157
777
12799
9966
4049
13426
2833
156
12318
9561
4109
8997
7486
4475
8370
11533
4743
3233
1522
8524
12579
7547
1655
6314
730
7035
128
4274
12110
13381
11871
5786
8780
9027
12020
8044
13663
9468
863
3533
9282
8494
440
35
12430
12350
10544
7712
10470
139
5412
12400
6361
6049
13706
318
12502
11984
6941
1420
11047
13768
5145
573
12953
8722
5665
4505
10517
11379
3010
12409
9988
12333
3915
5593
13142
5519
8692
10955
1282
1634
7561
11769
262
10335
5623
11014
871
11104
7966
12836
27
11193
6605
1967
6058
11464
11061
4740
1210
12099
11550
7514
1304
10742
11265
6427
6347
9162
11223
4091
8107
3322
10990
12472
8435
2422
8017
12704
2048
5852
6397
11302
8234
12129
1812
6279
5022
5647
7788
4319
9376
10220
10649
11855
4798
5305
7173
2100
646
6134
9873
3637
12437
13779
4992
10491
1510
9766
5488
727
1732
3136
1369
5262
1598
2757
4828
1014
3964
6826
6293
9040
7233
8629
12674
13841
1507
11247
8139
10096
1781
6365
13354
11890
724
8513
8599
11662
6323
6796
4016
169
6443
470
6775
120
9218
8391
6202
10126
11415
10556
9685
1611
4697
12931
7619
7493
5968
2867
3630
7250
11214
8610
10971
9043
7565
7887
1252
2912
5080
12901
4727
7523
4906
6440
4128
543
5661
10658
10884
13318
9660
11023
5614
3151
12995
2325
6908
2153
3425
13063
14060
9912
8056
13025
11261
13548
10993
966
5167
3878
11065
5257
10139
749
8096
11153
14025
8538
4940
10259
13829
6406
10942
2278
4360
9233
3599
14022
3011
7218
10790
11582
8126
13155
2578
12904
8636
6839
1275
2713
12753
5845
8922
501
2956
1381
9788
11657
5466
4385
4090
7376
3567
8892
13190
10755
4408
11969
7873
3267
13579
7766
1126
4052
14183
3377
4165
7912
2477
2998
13917
6576
13905
7660
6678
1933
2129
10056
11784
6741
12382
5251
13902
13748
10248
9250
3189
8198
5152
9887
9565
4943
11489
2117
1373
4676
7685
9619
780
9493
3468
8228
9006
737
1879
13996
13990
5986
4578
691
8980
9116
11651
2368
13643
3343
7187
9523
2443
1096
2993
3145
8657
13504
3431
11922
4814
2331
1135
3082
3897
9732
10974
6746
14071
8969
5236
11892
1938
13477
1605
4748
9345
7805
9425
11538
4159
9224
9607
13286
3348
9395
2448
11636
4861
3463
12252
9194
2022
12949
8582
7977
9463
2363
7089
13234
4454
10037
2273
14019
8489
11198
6053
4255
13807
13815
1775
2573
6
2718
7211
8651
12116
11980
13943
601
9534
12006
11228
13690
13812
5598
5387
1175
10601
13424
13617
3060
9983
13605
12338
3986
4847
5526
10389
2547
12958
4290
876
818
13602
4759
8784
5628
10631
12671
2794
4421
5496
2247
8890
5876
5763
8247
7607
7224
3194
11629
5695
3847
9805
12456
7345
12040
7425
3939
4123
7194
9977
7105
7463
5373
6334
7015
11391
5725
8662
7395
6954
11513
3494
11599
4171
2158
6921
5229
12267
6703
1806
8855
443
3696
10604
5432
10227
13704
6123
1660
6165
662
1152
3873
5199
12642
6093
96
7732
10197
5069
4307
10315
11034
12816
570
4645
79
4074
7983
5210
12313
718
3787
1517
5539
1481
1593
1682
8261
12591
10537
1020
12043
13853
11610
8214
2944
1520
6545
2622
8415
8037
1482
6270
9211
7534
3920
3005
109
4720
6528
7754
9291
8318
2779
1966
11862
3532
13157
6596
1009
8799
11690
2014
5454
6498
13861
9420
13334
12068
286
8829
12874
3232
735
5255
5053
6626
4628
6932
5759
644
268
10418
6352
4496
1980
5421
10757
12511
9673
3281
9946
4008
915
7459
435
40
10849
4387
4598
11655
5290
8276
3581
7903
7721
1216
4526
5847
13894
7160
892
1332
2149
4236
8701
7552
14174
6783
623
2471
14040
183
13151
3371
411
10684
5814
8178
9860
8731
11311
5861
10858
2423
7448
1164
7328
7185
3323
10064
381
1270
2609
1813
1068
4001
213
12481
1406
10751
7298
427
7687
5748
9171
6238
8810
7819
9567
9885
13386
922
11052
4539
8704
7673
12174
12234
7946
11749
12435
11092
8472
3715
9903
11857
9721
5307
13162
4210
9459
11122
10309
5645
10433
1187
6639
837
10372
8836
7030
6777
11294
5720
12692
12086
9754
13951
7291
8333
10762
7000
192
8409
11570
6367
9142
11245
3662
8953
11324
11444
7420
1767
12722
2009
6213
4373
2614
4148
11851
7009
10916
11180
3163
8400
7119
9448
8502
9328
2191
8064
4725
1028
9819
7885
7567
4763
1248
4876
3650
9298
9687
11758
1050
4695
3359
2881
2459
11417
8430
8350
4199
11067
251
12494
10300
5165
9552
1857
6069
1499
6878
5093
14063
998
2832
12780
13027
10330
12524
8579
10450
3445
4229
7072
2345
10178
7860
5123
745
3131
12997
4432
10564
12370
13651
12769
3168
5906
8294
7397
1055
6080
5727
9086
11836
7017
4661
7107
9975
3995
4143
10729
7347
12379
8324
9807
7427
3489
8444
5697
2670
3827
2389
11953
6514
12142
10699
14150
7605
8245
11333
8570
11409
4968
10195
8749
6966
11472
11169
1044
12223
1148
10263
6561
10394
13129
9174
6167
12302
3819
13726
11704
347
12464
12193
3365
10225
4614
4177
13218
2465
8857
10081
12265
10424
13099
12550
10344
2676
4488
10535
13020
5992
12871
7941
13110
5828
3840
3275
10831
4262
7361
13692
1984
2706
12533
2102
5319
6022
4647
5134
6712
13695
11579
1287
10317
5798
4305
9708
3575
10801
13870
11502
10710
8851
2504
11400
7044
12984
2204
8035
11430
8417
2642
7314
11350
355
6547
8758
2924
6486
13254
14155
3804
12842
13526
307
4251
1694
527
8081
13594
2351
11276
13136
3451
14182
10804
1264
13048
1170
8655
6988
3125
10581
1818
5578
4986
11799
7975
2042
8862
911
11318
2185
2428
2540
9397
3328
523
73
10736
6152
9605
14130
277
13876
11829
7807
9347
2240
9427
2875
9068
1232
5676
8690
5943
6468
1316
1587
363
2070
2519
6282
315
13059
8311
535
5940
1072
4257
274
12171
638
5360
10035
11810
9314
2219
1473
13833
2227
5408
10411
13406
13492
9361
12518
11701
2907
2076
3436
13468
903
2336
9941
13495
11731
4845
2527
161
3721
7708
285
4003
12616
629
5385
4466
9653
10777
11030
6144
10639
13591
6372
4212
5779
12821
12688
12297
5637
9
13070
10367
2657
1698
6762
8256
11000
1632
12586
4156
5369
11675
3737
3808
12327
12447
7479
7402
9822
11237
13177
8149
7500
1681
7243
8603
9998
7092
7774
9050
463
13259
3324
7530
5275
5073
2424
5702
12854
9792
6309
5474
642
6433
1172
9206
10028
1814
8467
7122
7364
423
6300
9033
12461
3730
7067
2013
11497
3801
7240
611
1711
231
5881
12024
12719
11883
10878
11072
11527
8520
4918
6330
1132
6450
11994
6564
11386
7509
3989
8987
7572
6117
6007
10213
13365
11119
11009
6916
7180
14108
816
8158
9880
13362
221
1070
581
12215
4664
2965
1268
5504
12414
14038
7998
9243
10932
9774
6757
9402
4950
7822
8548
10352
10149
6418
9500
6849
12011
76
1809
2613
12121
8028
7206
8646
4782
8973
9364
817
9530
3164
3699
983
455
7792
2501
3307
8452
10528
2407
11905
3936
5531
7653
1562
12568
12154
13791
194
106
5835
10596
10498
4416
13461
5501
2201
12666
9479
11877
10626
829
11185
12760
3032
5087
2057
13916
6858
1048
1250
9572
1550
1144
1030
5241
10238
13183
1988
6751
7052
7880
3951
10158
4584
8559
991
447
13599
12289
99
12785
4933
856
11368
2928
11160
8812
1155
4112
2208
9240
4353
3081
1000
9108
9509
10783
11778
9018
11641
6684
2508
1519
4856
13997
5189
4019
6581
14096
9990
9154
1509
747
8905
4283
6085
994
11452
5246
5864
13476
6736
1892
8877
10061
1255
9742
13220
1983
2971
13287
1361
9955
547
3795
4681
14115
2203
11548
4738
10014
6060
9335
1705
3139
10104
2923
2503
6804
1024
1150
7869
9517
12939
1244
11646
9121
5991
10988
11973
9011
12359
87
4027
1675
14123
11812
4924
6411
13806
10047
8368
3120
13868
1087
8101
4894
188
8641
1528
9544
649
9470
13223
4144
13339
12018
8131
2618
8778
12108
7381
555
1353
10468
4040
5471
4837
13616
12428
12348
10282
166
7771
11559
13899
739
889
13433
95
12398
7169
12050
8014
7335
11603
6195
10966
1168
8104
12926
8237
7955
1842
481
1064
6263
10561
2018
12707
5558
6394
6225
5656
2959
11467
3075
4911
6424
6344
6172
12896
9869
7517
327
4713
729
6109
6019
3596
5322
5442
5115
11107
6729
5203
11017
5005
4004
3097
7990
7742
10514
12320
5292
511
12632
8675
11256
8061
3945
1760
6699
12808
20
272
4635
1876
13470
2495
1272
6710
9381
11987
6130
11044
10547
2195
1116
563
3803
1782
3186
5549
9771
10486
13112
6100
1693
3687
335
13002
8047
13079
2722
9024
8883
2126
6535
5770
10101
1870
14143
8497
12033
6831
7470
10131
8994
8386
5380
6317
13331
4277
6801
10712
7544
11520
8527
8306
3498
5894
14014
2552
9592
2679
12654
13239
13323
5924
12166
8803
6755
3198
3816
2252
9622
7899
2386
7153
9936
3486
11875
9356
11696
13082
13972
6259
6942
10406
13429
4471
5837
6790
722
7929
12888
12621
13975
10839
11907
2154
9853
11726
14058
3931
4864
4246
343
1910
13509
3211
13320
9680
658
14106
4078
1475
6189
8919
3511
7910
2297
13141
11281
5085
5283
13550
1052
8076
3397
11187
2590
2709
3067
2135
7438
10576
4991
8184
5681
10678
11683
2290
3963
9413
13387
2948
12787
6248
14162
141
5060
10741
5738
1934
12325
7356
12445
11739
11677
10826
10293
3890
9899
12866
7936
12244
13441
1075
12773
10365
5100
4549
10323
10796
10443
5635
12295
7853
10202
5130
297
9929
12363
3615
10775
8465
4380
626
6220
7592
10279
11173
8393
12188
8846
8264
2444
6649
5277
3344
13231
11434
4770
6491
1667
1349
7622
9132
3420
3762
11235
13175
2320
8423
8343
2811
9438
6884
11841
4656
7023
5713
2714
9091
5172
11525
10908
5911
11563
1326
8340
6993
8612
946
305
8960
11495
10184
2339
4558
3750
1955
7065
2079
3439
13988
7413
13709
1235
6556
2798
4292
7680
12217
2216
3852
936
6971
1296
4442
9910
4322
13750
5019
10076
5109
6005
4203
6658
10440
800
2516
8985
6115
755
790
10703
9589
2141
7515
11393
5918
11846
9188
11264
2574
10921
7669
11465
6227
6604
11423
11343
12705
2274
1196
12132
12272
8235
1822
7957
3312
6197
4881
2412
8434
7337
895
2770
1335
13013
3925
13727
2882
925
9962
13262
13103
12209
8677
1441
3205
4504
8739
2793
1226
5664
13265
2172
1969
2776
12540
10334
5007
11015
11105
5117
10954
14098
3505
289
12978
1484
12230
13453
401
2860
10270
7951
4369
10545
12200
5212
11985
5144
2994
4107
9716
4637
13783
12543
2606
13774
4779
8525
4702
7286
6073
4275
6315
12091
7034
13359
8841
912
2364
1433
3464
4474
13688
8495
11960
9268
6537
11612
2146
8563
203
9482
11340
2742
8045
13672
1594
8696
4241
12832
7962
2006
2977
8875
13527
5584
8726
6087
13675
8907
13038
13146
4073
11089
4047
9669
12476
7589
9515
5856
11306
3560
664
6974
2943
5933
9337
5353
11803
9166
1535
60
3260
13877
3968
10746
1961
9957
5782
1018
3582
6601
1497
4124
13824
3493
9286
6389
3282
6631
370
7482
10045
14132
2805
5950
7268
3193
8683
12506
3874
9951
4501
5416
2456
13407
3356
13415
4531
7716
13583
8281
13574
3621
4835
13412
11919
1500
12608
621
11347
11427
10896
181
2559
2672
8420
6265
265
6550
7953
7099
413
8142
6464
6193
11605
7333
7409
9829
868
4715
12561
10707
8291
9318
7129
6302
11397
2259
10926
7836
5709
9799
12966
1122
6223
1092
4024
5003
5205
5772
4650
5113
10632
5404
6379
4219
3545
9276
10320
12514
13017
7472
2641
5362
13107
383
6769
3245
8673
8946
3761
211
1768
7704
257
11002
11112
12486
19
4147
8860
9731
4633
2646
12547
7579
13044
11941
2895
6984
1115
3823
11361
5811
10808
6170
1007
9701
10171
5700
12712
12035
7430
11314
7350
9810
6533
1858
5574
3871
8567
2106
8885
2702
7502
9064
5730
32
6077
7400
7020
4173
11079
6871
7110
12081
8721
5824
6083
4285
1040
7276
8903
4484
1583
698
2571
8459
1479
5138
1256
5794
13926
2785
9704
13247
2271
2046
9472
5046
10359
10142
2903
1725
5937
14170
7048
9333
4260
962
9409
7829
12988
11807
2223
5357
10939
7136
9953
9836
3094
3769
4007
253
7799
11975
4789
7318
6842
2523
850
8754
6616
3684
8819
54
8171
13335
2845
9430
7810
9350
8298
8687
14068
2332
650
392
4964
2072
3432
8448
488
9502
8328
14006
594
13332
9400
6518
5401
13895
2381
4516
7731
10398
9178
9579
2041
3481
116
11708
3859
466
8552
1189
12282
839
13892
5431
5351
7059
10348
10428
7701
12468
4618
4891
7690
3734
9324
8807
9444
8068
9570
13213
2654
1289
14140
9245
3865
9294
12352
3319
10086
11754
13751
6511
155
2419
7862
8975
978
12932
566
1829
5833
1817
3236
11459
6874
588
12626
494
7655
2889
10666
11903
2427
9857
11721
9081
12498
5182
13494
3327
7157
12596
2901
9749
5571
5336
3536
10568
4611
1962
12528
48
13626
2179
10174
5956
1588
1446
10289
844
4390
806
13230
3551
8708
5287
13595
11183
5850
12238
12178
147
2635
6481
13592
1950
3755
13185
3251
11552
5041
10760
4355
2228
11298
100
11687
9758
13797
855
9417
11819
2908
4935
13440
12783
7151
1156
9851
7311
2440
14114
11448
2749
704
2528
11328
3340
10785
13160
1034
3475
2035
10447
10327
3167
7857
2375
6722
13694
13000
4981
6012
3666
5329
5449
10
10586
6102
12367
1103
9655
3828
11070
361
6692
10821
10688
11673
11946
8174
10297
5691
5818
12639
13030
7749
12777
5299
1853
7570
13255
3680
1456
7245
8605
163
9690
13321
10854
14099
7162
7324
8347
11420
7444
8427
10068
2851
6179
9862
872
4178
6435
13252
7294
11177
8397
5744
2404
1493
8086
5075
5273
13551
11291
3304
6234
11885
11567
6997
1800
1731
6370
6524
7758
3710
13072
7417
3589
9035
1111
8314
10719
2836
12878
13463
6780
7027
9311
7851
5717
3289
2054
5458
6494
10461
12064
10414
13838
5310
11860
2565
4624
10215
4207
13009
8361
2791
5542
13369
13119
1763
12213
8941
521
71
2265
4594
6252
8766
6949
8873
2026
11146
13089
13679
541
6041
11038
7892
2277
8376
5390
10832
13904
2577
7922
4850
4287
1639
13330
1515
12746
2543
13471
9513
7636
9599
14077
9126
11977
1561
3568
8218
9391
3086
9629
1538
2243
11805
10040
5355
7538
3268
1745
3960
5935
9096
10476
59
6671
3378
2478
682
4104
11211
1367
7980
8116
2997
13543
8006
7228
8685
369
2825
6958
3982
10043
7198
3893
14024
13313
9610
6338
5611
1885
4336
4571
10608
4956
2118
3467
3175
2367
8660
4833
712
6182
8912
1620
10506
13419
4140
6642
11194
11463
7391
10272
760
4458
11395
960
7513
9636
1384
10705
4717
7599
3638
9538
2974
9139
11607
11224
1195
3692
3783
1802
8233
1336
12921
7629
896
12703
6267
11345
2758
11425
1597
8040
1569
13269
4542
9892
12954
3225
693
926
5594
13105
1225
3020
11732
3905
13015
10540
12334
9922
4310
3525
1402
10209
6456
11103
11013
5207
5624
8788
4044
4691
4818
10543
3843
290
3039
2868
4299
13648
9056
10200
2626
12545
12270
4127
10230
5102
4449
10978
4329
11983
5012
5981
13352
1212
9980
10116
6591
13743
11534
9228
10006
4119
1686
5179
6313
4273
6075
4744
36
8523
8043
9198
8887
8565
503
13355
7610
8250
8619
8493
14109
12037
13221
6816
3877
8732
2863
10363
12775
12202
1891
4012
603
5170
1076
10295
4811
3848
12443
12796
12323
9969
10773
11788
9657
12365
10866
10244
3181
7855
12826
12293
5633
10445
1312
10325
1393
1899
6674
4730
5077
2157
1423
7662
3132
1736
8395
11175
6437
8194
9582
8463
2831
8345
8425
2700
13173
11233
4700
8224
12279
7247
12139
8607
7890
4574
3394
11523
733
2294
5715
754
7025
1555
13790
9651
4709
8534
12908
3788
9037
7415
9489
945
7063
11619
11493
2753
13460
1325
3633
1751
11250
7214
6995
1401
11565
11887
1431
12056
9784
12440
4362
13702
7261
1236
13948
6901
1295
935
2916
13717
6113
8983
13705
1390
5650
954
4772
4205
6003
751
10217
3064
6931
5219
4404
5964
1849
11218
7582
8977
12126
7190
13232
3373
9662
2473
3898
9247
12096
9890
13814
10654
6753
2952
8805
13235
1937
6904
743
4351
2113
4431
12839
7969
13422
11873
10888
10621
5891
5618
13979
1664
11766
7155
3347
12406
9855
1501
2447
5516
11082
4401
7657
13604
13425
11376
4794
13187
3231
11141
6138
1930
7784
6046
13396
3911
9261
13502
1539
13347
5285
5083
4824
3531
11912
2717
13517
13505
11660
1505
13858
1789
5484
12741
13590
6382
7651
8211
3563
10787
2548
2729
5789
12678
12576
9214
2990
3263
5260
441
4937
9415
7489
11685
2248
4357
4056
7423
7343
9803
5693
3539
8132
11957
8622
5765
6540
2772
11337
3894
2176
6209
11515
10456
7393
7846
9306
7264
5723
3239
7013
11669
341
5375
7465
7103
2886
4103
8592
6125
2170
2416
12197
10642
3316
8853
4640
1826
6705
6272
5029
143
4312
5269
3661
1668
1495
13328
6095
8936
12604
667
12227
4999
10267
852
6163
8356
2741
5010
2746
12537
7985
2142
9919
569
5588
4976
5120
4643
10591
10313
2085
80
10816
5686
8680
11951
684
1466
1511
13034
12315
2244
8413
2602
2797
6543
7960
714
3520
6200
7612
7340
12045
3220
110
11286
675
2544
8091
1921
6978
3025
6230
14053
2820
2311
3497
13871
3411
8929
12974
1136
958
3844
5036
13246
3197
0
6476
2685
11962
13927
8899
5148
7146
10252
4478
10949
9423
7803
9343
10132
7038
5947
1625
6832
9465
2002
11589
3390
9393
3669
7306
9846
9264
2490
9612
2973
14012
11482
4253
9340
6055
6608
5159
9960
9184
5914
3784
11268
3352
4077
8438
2452
14015
14007
13819
6506
2298
3398
10091
6090
9076
11716
13983
3068
8910
10671
4508
2839
1347
5668
13650
1176
13974
4095
4043
9985
875
7919
12631
3286
10958
5961
12389
13609
2947
5341
5566
4606
10338
3586
12601
2754
9235
10904
8166
9434
12790
2978
11155
13822
6888
6621
3634
5057
1112
4554
2293
10188
7082
1915
3393
12259
14029
8589
12942
13153
13825
3482
403
1276
3031
16
2382
2256
4048
11929
4383
3812
2091
13575
7907
3063
11190
5843
5396
201
7726
12755
4521
13414
11899
4886
6654
2556
13627
7875
8962
5346
9739
5426
7696
9677
13572
10753
3967
12248
5840
6787
1125
10382
11910
7281
13674
13950
8716
12076
13683
5051
3655
2864
2109
13909
2735
4752
9495
12184
7141
8268
7683
13788
4945
9563
8482
14122
1388
13796
3460
9525
2360
1095
11438
2649
13458
9841
13775
7175
9907
3766
5303
11853
9726
5439
12491
245
4868
4101
10437
5222
5806
11356
7739
9696
5062
13772
7677
12649
708
5192
12220
11936
1480
9875
1477
7434
8337
1521
678
6363
3264
11622
3780
7235
8957
6295
10166
2049
6866
3564
6244
170
11592
6773
14041
8669
5734
6445
8188
6325
10674
119
8515
469
7563
4767
12658
2512
9045
14142
3610
7495
237
1631
9683
10901
13588
11413
5898
6217
3856
4377
7841
12971
4108
2212
2474
10931
5928
1537
7525
3374
12556
5280
8286
9281
13065
3405
2305
5127
12993
11025
13264
11063
13860
2114
8951
11680
10995
5532
1663
965
5097
12884
13023
2691
772
9256
6051
6359
11048
11136
5752
12804
942
3824
6939
1322
3105
421
1739
870
8653
4840
10842
613
7452
233
14175
1211
3308
8792
11869
2408
223
583
8206
7646
9028
9467
4174
14076
1896
7973
12736
5945
1413
1645
1292
932
7548
8822
10050
8998
9603
12581
2940
14033
2058
1315
9520
5554
4071
6398
8018
12131
8108
11059
1987
14163
6348
6428
7812
1503
10033
734
6057
753
2919
12101
11771
7559
1203
13499
10616
8880
2927
5886
34
731
4426
2207
4346
11381
1421
5383
9987
1720
4023
5521
4396
3301
2507
10518
4843
630
461
2401
12411
9646
1056
7467
3160
9973
8364
5377
12699
4280
6320
4928
6632
741
11517
10379
8530
12729
12014
8050
1697
2658
8774
11335
7603
8243
5767
3683
12104
1038
4898
9149
11955
8500
3592
3807
10769
3738
8402
9548
11742
848
10550
12344
11099
12424
8479
6896
10265
7256
12225
6097
12061
10464
4532
10193
10302
744
6926
6707
12263
9452
11129
12394
1846
13364
13691
13169
10223
12195
6127
11990
12317
12801
6062
592
4806
1841
394
9559
4059
13699
4192
3975
10533
9158
4439
4303
12831
10871
4222
7079
52
5868
11110
2122
7987
8572
11020
1584
12535
2726
4734
7112
8509
11470
10018
7002
10108
3093
3045
3182
827
2524
1786
7520
11544
12047
10984
2904
974
6808
1872
8240
9812
14070
8033
2224
12710
9877
9061
12309
12433
3089
980
13122
11162
366
7675
2017
8742
4686
6854
11479
10435
5643
6120
13092
5976
4588
8990
10154
13991
6010
2395
10234
1089
9905
7177
3295
11530
8517
4065
10722
6447
4152
6327
887
10011
1636
10121
12762
3098
6586
11364
6688
6821
2029
11402
6297
7237
12149
11500
8955
7070
10692
388
11243
492
9104
12372
11774
2600
9014
8335
4723
9641
7527
8544
6414
13438
7994
7386
8470
4375
4190
11509
6215
9778
1651
4693
3733
7497
13180
11240
12916
2653
4765
8024
9047
3688
9368
7883
12158
5095
12564
10370
13228
10997
56
4269
702
5163
12450
12330
10524
5999
11572
13863
10780
11027
6719
3111
5125
5312
12300
10494
6461
6029
13067
13716
5640
561
8011
3051
325
8121
12028
11206
10874
14061
8869
6666
2053
11792
11998
5055
5253
6568
1566
11157
28
4914
3932
11822
9237
6159
1303
1764
9675
4961
1513
12849
7877
3981
1835
5606
4566
4341
12757
10511
4668
5508
916
12418
7905
39
5090
11653
1580
1215
135
8154
4028
12684
317
13346
6036
13397
11151
11880
6148
8771
1192
13840
4116
14154
1689
13516
2617
483
1311
6785
8381
13052
9994
9386
6289
513
2629
7778
9131
7641
808
2000
3303
7183
9527
1405
2403
864
12751
5478
10481
9101
1222
10024
9883
7368
1854
4947
127
6760
3036
14133
9497
12858
13849
8681
11950
7914
13687
11066
445
30
12208
13026
2842
8055
3018
8738
14045
13810
2335
1959
634
2075
3435
5011
14042
5121
12996
11782
10590
12384
4138
813
14136
9588
5154
6231
5919
914
14089
9189
7668
8283
12553
13885
4905
10917
8090
2097
6201
3640
4877
269
7566
7341
11416
10555
7961
9686
13620
2760
13882
6776
8837
13480
2876
437
10125
6863
2354
12087
13216
10944
3454
6795
6541
11584
10095
6366
13728
2782
3619
2186
9269
10163
2693
6825
12902
8924
1722
7947
12979
3126
9693
5803
11353
3627
2870
9765
11933
4368
1165
9723
4641
5306
11856
792
8894
9375
866
13623
4778
9668
10090
9005
7588
4087
9115
5985
11212
3570
13466
1427
4675
7686
9961
2892
3774
13408
3270
2983
3958
9566
1971
9341
10055
652
5340
3576
10882
12600
390
5612
9914
5960
4237
2705
2139
1397
1923
6575
12630
3276
13039
13959
6091
11088
12073
8713
10670
8911
2675
7765
5024
4883
9947
6132
2120
10756
2466
7693
13878
5343
3366
4497
5423
4994
4386
5465
7375
7723
5264
5846
4527
1618
5393
11918
12609
8277
8635
1258
3380
12672
2480
6597
1060
13156
3542
8125
6388
11664
6405
8163
3996
6627
3604
6204
3242
8095
13528
7269
7898
13388
11032
5495
1379
5050
2346
4603
6258
3446
5563
11911
1054
7280
102
1613
2809
5525
13659
12889
7928
11713
9073
10838
5841
4467
2164
656
1158
12617
12115
8212
9840
12005
2562
6503
3900
4256
1045
14057
7532
7140
2262
7222
2032
3472
4987
3057
2372
7439
9396
2550
9843
7303
3214
11635
12791
10679
6332
2988
6620
7192
3953
10737
7143
3514
6952
6249
5677
8664
9426
2250
5739
9346
7806
6745
5033
5235
1928
976
6473
3716
10602
5434
2081
3441
11277
13137
2341
11191
6188
4520
8918
7734
13401
12644
10930
2484
3384
10278
11283
4452
5281
12189
7840
1265
14166
6648
12970
802
6546
2698
13920
1657
748
2632
8416
10900
3752
6487
14003
9532
11738
14102
2681
9898
13987
5683
3850
8950
11681
10813
4548
4646
8782
4973
9280
537
1371
10316
9928
12815
2814
8933
12221
3013
6967
2711
6166
8353
3862
4812
639
11924
9734
10972
12490
13923
1491
5018
3917
5108
11894
920
6659
8856
9087
3209
9439
5726
7396
9303
7843
5907
10453
13375
9222
13444
4133
3929
1472
7106
628
10909
7016
11837
3790
13372
3509
5696
7426
9806
12455
7346
5875
1363
12
4559
545
1965
13199
9192
12254
8584
2594
13662
9886
12100
11549
8504
909
710
4739
8062
1977
3006
4677
525
75
12130
9117
5987
7868
9383
13665
9007
12938
2433
10989
7186
14138
186
12358
114
3333
9521
84
9554
12492
5520
5188
357
726
168
13931
12410
1526
11380
6577
1943
7074
4235
6033
680
12522
1015
4434
11770
13867
10562
1107
8881
10057
2961
8275
992
12232
12172
4525
10469
8702
12429
11094
8474
7377
12349
67
517
5467
4841
11656
4495
13164
11558
3695
13288
9945
283
4563
7767
5603
1805
6050
12399
11124
365
10051
10374
12580
8097
3222
6625
5256
313
8369
14011
6407
11292
3902
533
9752
12694
8127
3522
9144
11203
6595
4184
10764
13564
11442
11322
6663
12724
12019
1242
8779
12109
8637
1022
10870
6108
11111
3141
6018
13939
11021
1574
7554
1180
1274
6728
13393
12830
3985
8057
2822
10682
12800
5812
5166
1770
6698
7168
12913
4696
8241
10062
3703
1882
13272
10557
12711
7886
13299
1793
4021
5559
4875
13275
3172
1776
2969
10915
4907
4726
292
7521
11054
11471
7383
9868
8501
13078
736
6827
7752
1062
1860
8051
3673
11864
10097
11246
4281
6797
5452
12085
6321
353
928
8531
1994
10127
6583
8835
1606
12872
13764
12809
9377
5973
1140
11991
151
5646
6934
1338
898
6354
9767
14092
12060
12436
3647
4
5548
4683
10551
3146
7945
1742
2934
8148
3678
6485
14037
9999
14157
8036
13546
2499
13181
11241
6284
8471
4180
1238
6308
2199
9640
1134
13316
10029
9312
12301
12817
6460
10638
4306
5641
5778
13639
12689
10781
14181
3701
4803
3830
2667
12331
12451
4166
5368
10371
10536
1811
7478
12844
12266
6923
1714
11118
8991
6121
10226
11008
6011
10802
8159
6893
9060
10196
2955
6965
3079
7253
8864
8246
7606
1798
5877
6820
12457
3837
3708
11501
12718
7071
10879
10010
11835
4919
6154
1280
9976
10120
9643
1174
3949
11531
5905
1078
7508
9085
12615
10529
8380
4465
5386
5994
1142
13998
13631
1679
1552
12569
2537
4393
5527
4846
207
4264
10499
3426
11150
5883
433
6024
10613
11881
8770
2326
9478
2237
4423
5497
4343
5132
6714
7999
6761
10036
11504
13746
10480
9100
8549
12982
13962
10148
6419
1011
7042
14168
177
6848
617
7640
12750
8029
7312
13965
12007
3154
12117
9130
2230
8292
5675
719
11369
2910
10735
9606
4015
215
9109
11637
2438
6512
2530
8442
9508
8322
3338
11779
9019
8010
1483
4985
12733
174
12144
8120
7976
8203
7643
78
1590
108
8656
2067
1709
11474
3135
6859
10510
12304
11702
3799
13135
11275
5091
10392
9172
1003
3991
4612
261
10239
625
185
12462
4340
9253
1948
10342
10159
5237
10422
4960
8558
11133
6747
12288
8748
112
6557
5810
11168
11360
13535
9700
6171
13686
13128
9574
11940
12216
13532
8861
10077
9730
3355
2455
6915
7054
13098
4582
4657
12768
3158
7021
11385
4183
6870
7111
2806
13793
4092
5731
8814
1307
10728
7401
12378
557
2660
5701
10170
7351
9811
7431
10698
3449
6682
82
3740
11408
2349
4969
13217
13205
10934
9772
659
9205
131
12560
10354
3334
5276
8290
2434
8083
8847
7824
9404
4784
9362
13202
2593
8759
3719
8421
2682
7794
6551
11943
10827
4489
11676
3727
2521
13634
7357
8454
1944
5829
1042
738
7937
1622
8255
12152
12867
12585
321
2221
565
5318
10797
2005
10321
13290
11578
5799
333
10583
4651
9709
1359
1993
3310
2145
4855
3821
5579
11798
2410
9401
12022
11319
10577
728
2082
8170
7811
9351
9431
11074
636
1178
11828
1074
883
3674
9069
14081
11992
12786
2938
6562
13467
2605
4247
4890
7574
294
5350
5430
7700
13735
11186
5400
12412
2391
7730
13049
8077
13732
3022
3491
4662
6989
5502
6374
3506
553
5409
10625
4214
5333
9937
12593
12519
6142
930
4415
10407
5953
12665
11697
9357
2775
12623
6764
1573
1262
3206
10595
1718
7709
5836
11727
12080
8720
891
3926
11906
93
10663
6469
956
2060
10083
9824
8307
7404
7772
1547
2
13058
8645
7205
7094
5704
9794
12167
12852
1340
900
3704
1234
1138
7362
7124
1794
5472
4261
2515
5417
4629
5758
10761
12507
5040
10419
1240
894
11042
1334
811
6480
7458
2011
2215
10848
4513
4599
7717
5851
1578
13004
831
13114
1386
1713
4030
4391
6529
3402
13161
2302
9022
8319
1956
1162
9850
7310
9287
8798
8992
814
6499
7150
6613
12069
924
14056
10714
7542
8828
13569
453
11645
8102
10859
12477
7449
7329
9833
8012
4037
1998
11307
5857
6392
6510
7299
9336
9571
5749
288
2933
6239
3129
7691
9956
7818
6174
10747
7133
9167
6342
6422
3616
8697
5444
5324
2189
13521
1080
5245
5043
1278
3117
266
5570
6735
4610
8906
12634
2879
13351
2461
7273
6086
11720
7744
8727
9080
3361
10512
5294
989
8179
13147
4922
1417
6638
9310
7850
11814
3279
7287
10460
3100
8385
6781
465
8408
13769
9542
4892
3579
3652
2732
2136
1757
6371
2598
6536
10485
4538
8940
417
13986
14000
8360
2781
10284
11748
14117
12483
9458
10308
4636
11861
9717
5311
172
4198
11255
9152
13031
2611
3999
1867
6068
13934
6879
11454
11071
8943
457
13721
10820
5690
8676
1912
8578
5116
13001
4980
1207
13243
4228
5006
5862
10179
3485
9273
2385
9744
13294
425
11847
10923
2151
12895
3815
11290
5655
7008
6226
10102
3153
7118
9449
12963
4188
9329
7833
10012
9818
7956
9691
12925
11421
6802
10893
9299
11759
7336
7571
3369
3690
6196
2469
10965
6882
4749
12573
9611
11539
4169
2694
5174
632
3972
8614
11210
7981
13618
10575
3453
6670
12948
8
3388
4857
10182
2353
7088
2488
2125
2818
4294
5086
3042
8075
13251
3185
2196
8661
13552
14129
4324
4444
13866
2496
5610
1875
4570
13713
13555
8968
13808
3941
6043
4245
4851
5599
2587
3946
5513
3070
12403
12339
11725
5391
10597
11373
10388
12959
12242
9355
1485
6040
12667
4758
11695
5629
2287
10405
4417
3595
13654
9935
11763
10204
10627
11876
12093
8488
7594
11199
13478
1907
3076
12165
10041
6756
8262
12123
7207
8647
7624
11432
9390
13730
8305
241
2300
9134
3400
11229
4862
10231
4161
2168
6006
5228
13343
6116
5980
13752
8986
1439
6917
10075
12271
13485
13513
1670
13755
10201
12053
5198
3417
4690
13482
14149
6555
2317
716
5068
197
2329
11496
7066
13449
3429
3887
50
11628
3603
7611
8251
14186
590
13410
8182
11526
13194
9981
6590
11387
654
11598
4655
1676
3773
12920
13176
11236
5892
3518
8041
2984
12652
9594
1706
13530
8845
846
3218
3102
5922
8466
9624
9207
205
7390
3796
1145
13880
10863
10776
4311
6944
5636
1036
10795
12296
12823
13084
98
12587
12865
1642
1058
7935
8257
5538
10541
10366
7355
12446
1924
12793
12326
3747
1260
10825
1154
13547
1160
3954
13302
1254
11251
14036
8628
8046
5784
3778
8138
6813
8496
3513
104
7484
8387
10003
8598
9650
1351
13305
13317
10113
8526
7285
3213
700
995
9219
4276
14189
6316
6278
9715
7789
4318
1245
6930
1025
10648
5651
4799
11986
13390
6900
5489
10546
12441
9053
746
7260
3601
3009
2767
4829
10487
6453
648
189
1614
1474
490
5582
6909
11016
2163
13844
12834
7964
3191
11106
5171
4810
1343
3935
1881
11257
10967
7618
7891
3608
5969
2857
14084
12706
14073
1012
1832
8236
4701
12927
6972
11466
5657
4110
303
2131
7516
4731
12897
9633
11845
10659
4836
4050
11661
671
2966
1779
7715
9789
10503
3557
5142
3014
9260
4333
5214
4409
11968
12505
3257
11140
782
4953
1065
5415
10138
7032
8539
4704
13747
10258
2980
5261
4472
337
10046
9285
7219
9484
12740
8003
11614
8210
7650
6838
1536
4134
13918
8113
9165
11262
8199
10745
918
10473
9093
3149
11488
6602
9891
9618
8229
3458
12134
12274
7191
9516
3383
7633
11305
4579
5855
2358
12743
2483
8432
2392
12475
3292
9123
13801
11647
4062
13145
4155
14
8373
9964
2813
1609
345
4502
5662
8725
4400
10620
8876
11143
6737
5890
13954
6679
5247
8763
10332
4430
4350
10952
8695
10249
8383
13765
4055
10007
3979
281
10117
4162
165
14148
968
8521
6451
6331
6689
13227
4962
14121
12148
8886
13762
5880
6301
12460
6817
12036
9504
13946
7241
12308
3833
9881
9057
58
10483
3049
11478
13437
4589
8554
12284
7181
13800
311
531
12485
12159
8945
157
5822
368
4268
472
122
2631
11001
4482
11253
5998
5792
12820
6457
9702
6718
9275
13071
4034
11031
907
6028
5206
9474
7835
12965
10144
5653
4150
7531
4716
13283
9637
12893
10925
11508
1109
13274
9779
10963
11606
3114
3648
9051
10895
6844
6266
2663
8752
386
7501
9369
1691
12923
940
11114
351
1300
1754
1194
7881
11004
4337
5240
12848
1978
1489
6750
4957
1098
4010
4669
6982
5509
2915
12419
13042
1385
4515
12761
10507
2031
14128
862
11640
12714
12029
13856
11312
3091
13565
8868
2322
8007
2063
1291
8117
3422
5572
11999
13398
1128
6569
1556
7504
153
9241
9062
950
6615
13562
1330
6158
11161
1224
9531
7637
2533
6288
7779
12747
12010
9835
13391
13664
6462
12120
8144
11976
9127
11643
5479
6304
2233
4951
9501
7135
7369
1864
3109
10477
9097
26
1735
12859
5774
6733
11147
8767
5045
5243
5500
12512
6149
1283
10634
5402
5364
7474
8377
1649
7702
4286
7275
5530
1820
9471
10786
8130
11868
13881
13074
9029
8312
2430
6522
4853
2538
8640
3330
833
255
1183
4936
8100
7549
12577
6492
4356
2238
1685
12062
8999
878
6410
10412
6358
13186
11049
7770
6047
4622
6938
2625
5544
3002
13531
7380
4592
13739
5470
1230
7558
1973
6724
12663
1324
5955
944
4413
6104
11767
12595
5335
10060
6014
10623
3526
10665
1191
5517
247
13411
841
8172
2437
3906
12407
3337
6694
10593
11377
10519
3226
6580
9991
7656
12625
5990
12127
9120
8976
8643
7203
9010
2068
1839
4061
13964
955
6399
7442
7164
7322
10085
8019
8109
10852
11058
6061
6349
6429
12097
9864
9246
1947
3724
6232
815
7292
1200
1294
5742
4680
934
6101
9770
11098
8478
3677
12057
1772
14103
3176
9380
10216
6131
385
13539
11128
11554
6913
13168
1886
13731
6711
6800
3170
263
12698
11521
7471
415
2826
10130
4929
11383
10378
5381
13646
12728
2668
13993
572
6830
972
9036
4899
11886
9148
374
10768
1741
10100
9549
3643
5771
4910
9442
431
8508
660
1746
9322
3142
8085
13250
10019
5076
10109
9203
6436
3085
2399
13209
12354
10560
64
9292
11752
377
3299
6809
12051
7864
12934
7246
8606
12583
8253
1602
1797
8060
6872
12797
5184
9558
4069
3707
12321
3838
407
9159
11945
4438
10867
10585
1544
9656
2921
7991
7078
2025
5869
10172
12827
2266
7911
11280
13140
2051
11928
10505
4517
7713
4088
3053
13457
5413
13787
11898
4955
2566
9681
12503
9738
5014
1066
4335
1408
3957
5104
4099
2764
10740
5061
11532
6617
4742
5680
8686
13720
2835
6889
2280
3442
8115
10189
12258
8005
14146
2342
8588
4990
2580
9283
13628
42
14001
1114
8269
6644
11192
5936
9095
10475
7137
10743
10274
1218
5356
9163
11806
3470
11222
18
9125
3712
2689
2370
12473
9837
11439
12745
5853
1617
11303
7635
12952
9894
7277
12249
8723
4544
1629
3000
11734
8375
4470
13723
6791
12332
5592
12620
13143
8693
3665
9924
2854
2376
8765
5622
5047
11145
2036
3476
8961
13520
6815
13309
3254
2089
860
8566
8341
3017
770
3554
6076
9090
13350
7283
8668
5910
10115
13836
8189
11840
14126
10005
3913
996
699
4137
12487
1026
3756
13403
10441
5438
1246
605
9911
2636
12546
4869
2098
9713
3029
7738
12648
9055
6970
13587
8914
1600
7681
6184
1429
190
13523
5131
6254
7894
9277
3535
489
6455
1504
10834
14044
13106
2651
706
13016
5101
1653
14093
8947
7924
3235
3880
12659
11426
10897
11346
4771
6490
676
3628
597
5899
13873
11396
3866
10927
11843
9635
13884
2111
10706
4130
4381
6221
5929
12967
1399
7837
13759
2160
10073
695
4792
12201
4206
5028
7782
5268
3671
1658
7950
11914
2697
6553
10271
4822
497
4998
12055
5482
13489
12231
3623
13442
6996
11566
6384
11341
7416
3409
49
11961
1468
2309
4653
8840
7026
6208
589
1514
13445
9212
2846
13374
11668
13383
5716
12090
4880
7584
5962
13327
687
2841
9664
8426
2284
8346
10652
505
3918
845
6979
1146
1377
8087
3122
8396
2584
11176
10920
8843
1726
12825
7856
9918
10793
10326
5589
6902
10446
2093
2045
2182
12366
2786
12541
10587
10865
1035
10296
10823
11947
11084
807
12795
1904
7353
854
2872
12776
7933
14080
12863
9416
2314
5951
11686
4479
10948
3414
3272
12575
8532
6630
7039
1492
3350
2105
2739
2450
11588
10573
3572
3659
13291
6600
7212
14008
9782
4364
8928
13559
4530
8073
2896
14066
5286
24
8280
3541
4243
6045
2645
1318
4774
3884
9950
4402
3241
8898
5149
1120
4500
1940
12204
12627
4083
8734
3058
4509
3246
11375
5669
11723
12405
7918
9856
5515
3992
10667
10959
3546
2987
5337
10242
11765
9933
12597
12388
7156
5957
10403
6672
1919
10339
11693
4240
9353
7664
8806
12163
3744
1927
6609
8192
5158
9584
12095
13928
11269
3362
10087
2462
8439
2720
8303
4572
8222
12125
11484
13803
3035
1410
6441
2167
9614
5660
13718
5081
12900
5912
1266
9182
11285
14185
13947
10970
7251
8611
12046
3418
12278
12138
2318
12930
13226
10815
4807
2853
5685
3888
12316
243
14100
11260
4115
13613
9968
1851
11789
12813
9661
7986
13436
4975
952
6897
8355
2800
2731
3517
640
10490
13754
12972
6096
8935
7257
13484
1836
1314
1220
6706
3217
13473
6927
6126
3054
5218
44
11964
10221
10254
1502
8390
5376
7466
3909
9647
10134
13195
1565
11516
10455
13630
7845
9305
4708
3229
12909
9488
5766
1791
13379
6834
11891
11618
2763
5873
12453
3748
9041
3529
9262
13192
5565
6740
5887
4605
10617
12838
5250
7968
13655
5493
4347
4427
10889
5619
1654
14139
13652
9986
7661
858
9075
11715
3387
13032
5523
2829
4397
2487
6505
2817
3500
11219
14187
13857
1889
12003
8981
7614
11650
13518
12113
1901
1046
3200
2962
13348
405
3179
9251
6056
2588
8134
11633
7305
9845
3553
12737
3914
10791
9466
5788
8624
8207
12679
7647
7262
3253
2288
4361
1635
7145
7488
2950
1437
8594
4941
4066
10644
3296
6475
13554
6139
9257
2396
13191
1908
6274
5233
5035
4314
975
6743
11137
12602
4080
1749
397
7210
8650
11981
5983
9113
9387
9598
2492
9003
2583
1571
9526
3558
8219
9628
2192
1785
9496
7539
3046
3258
3970
2283
4673
4946
1494
1903
12670
2725
14169
389
6948
6037
4420
13088
301
11039
13955
10053
10630
2094
3976
8715
12075
4291
12882
10600
5534
13952
6573
5425
5345
10609
7695
4121
4567
4885
1845
5607
5224
7763
7876
14078
3457
2357
5395
5064
12756
3072
7725
7373
5463
5194
8123
11207
11624
3041
7432
6667
7229
4860
8633
5732
11156
8093
6959
6242
3624
11594
7199
9236
8165
3942
6403
10672
6339
8260
1672
1559
10996
10384
13913
12590
29
8053
13842
3777
14010
145
13845
10208
4084
11026
5211
1490
13066
4754
14049
8789
1512
1118
38
4903
14082
1487
12555
4721
12182
7526
8285
9210
4459
8484
7387
1214
1320
7598
12917
22
7496
3743
9539
1641
9138
10553
14085
270
6271
13889
9046
7628
13647
11611
2768
6326
6793
13930
1382
10902
6446
9229
8516
5178
6865
10123
6587
13304
1646
9432
137
11390
9199
3413
12944
7236
6823
673
6296
2313
10165
4552
1895
12041
7084
8618
8891
10093
3792
4819
11935
9763
9876
3607
11355
2858
5805
4298
4687
9695
3106
3883
1702
8964
9373
5977
1166
6652
865
6920
7176
762
10979
4448
4328
9725
1404
13456
6064
2849
11458
4395
507
11717
9861
8730
9077
4194
4463
13150
12499
4033
842
12613
8700
9748
13798
4345
4425
10569
970
12529
1952
8574
2306
7161
133
4224
10615
13786
4607
5885
5567
3406
2937
7004
323
3113
4732
7114
8069
10750
11542
13969
2664
9170
331
8811
3855
1448
10982
1032
12480
477
5860
9814
11310
6507
720
11299
9759
515
8362
10733
7147
2930
11691
11818
5946
6634
5673
9421
2210
8205
7645
12102
12735
11449
474
4983
11329
124
12012
1717
568
8772
9847
7307
8404
2510
2789
3612
9290
5291
10288
3591
11273
13133
11744
7720
12422
12342
10462
586
8709
1729
1548
4534
12179
12239
11135
13734
5420
12392
9454
1990
5037
3834
46
13921
12510
10304
3291
9255
3765
485
1309
6477
1863
5552
2891
8351
2234
8431
6483
91
10069
6178
7814
11850
2534
11181
8401
1100
551
11287
13837
14177
2181
938
13400
1298
13204
2899
1328
4977
3157
948
2132
2736
12536
12371
10451
3656
10331
5328
5448
1130
13632
7861
14161
1831
1700
10689
13586
12781
5819
12638
2421
13635
7748
1091
10301
3810
5687
4805
5298
10817
3321
4211
12196
6925
2555
5754
9720
12802
12226
13008
8937
7255
1357
6963
13118
1458
1753
2751
13534
8357
7454
6895
10844
2255
10266
11956
7421
3549
3728
8794
7001
7759
11336
11571
1916
10718
3249
9083
8824
9307
12879
7847
5721
10457
5903
7290
9645
809
2064
7031
5459
11833
874
1083
880
13932
12682
10800
3585
6378
4218
5126
10830
3285
824
1974
7360
4096
13935
6768
2802
13021
5096
3771
12870
7940
2597
1758
13111
4873
2569
13279
9992
13054
4766
7098
11351
13292
11431
987
3723
2020
12915
7408
9828
10022
9319
7128
7385
4376
2269
6216
8287
5708
12557
10711
9798
10913
8850
11401
13295
10872
8336
8571
2039
3479
13326
1868
3861
10167
11794
8956
2379
1124
4660
1626
8833
6585
6867
11078
1228
12083
11824
4912
6081
1198
10080
9727
9906
2686
12551
10436
5975
1094
7578
4187
451
6560
7943
7676
4685
9697
11357
5807
11937
14110
10809
8152
10358
6412
1209
12170
11811
5361
7049
3026
9408
225
13669
12989
7828
8542
585
5941
10938
7992
709
3759
7798
8310
486
1577
8022
4788
7319
9385
2639
13481
1543
6786
372
14067
12562
10522
574
12077
11730
118
8717
468
2561
8458
2086
1016
679
5139
11574
9940
2261
615
10410
5314
10492
2745
6035
4233
9360
235
11700
10399
13124
9179
9578
577
217
11709
4038
3869
696
62
8080
7727
1997
8744
6852
5397
4523
7906
11164
8273
4250
1419
5605
1825
7058
10349
10152
10429
13094
4887
4565
9943
13621
12469
3315
9676
7697
4619
10232
5427
5347
4493
2415
2885
3922
8167
8691
8818
10724
964
5056
12764
6623
3644
3202
11362
3118
8299
13248
2175
10694
6665
11404
13811
8449
10580
12374
607
8329
11772
2620
9012
6593
227
11205
3502
9102
6519
9927
13773
9706
3606
5323
5796
10635
13784
5443
5775
5044
5202
3994
3107
7743
3860
429
4547
5293
5826
921
1673
9897
12633
7274
11679
5365
13454
4486
11737
7475
130
9834
320
11602
6488
8145
3742
13678
6262
8756
1647
5279
6647
438
544
3364
2464
10277
6305
6173
342
12191
4712
7134
2312
8882
3412
4966
723
3770
3274
12032
1985
4561
12715
13418
913
11838
1432
6614
9441
5908
10911
8670
10713
9088
7505
3574
2505
5440
3776
11115
5107
13736
6661
5017
11005
2205
4514
1370
12219
3793
2021
6968
2925
13113
12650
1306
1703
3882
13003
7740
3805
13206
10924
2193
12964
2282
7834
1695
13268
10145
10894
6845
2493
6466
13823
11972
2582
769
3124
2621
12618
12891
10837
11909
4468
7927
8944
13573
2184
7706
5839
4282
11453
13584
6257
3456
9475
1902
957
2356
9743
2874
5406
12516
7897
9274
1348
13046
3073
11189
13536
6986
14047
14156
11930
8917
6187
13685
10283
11278
13138
3977
12484
9740
13820
13682
12285
11900
8555
9066
2260
13887
11813
2968
10681
5678
13649
12789
3943
5741
10738
6251
11316
14184
9505
13610
2560
8590
3047
5576
4988
12260
7441
13041
3297
2511
8453
5185
11944
7920
8176
2397
11087
7652
202
8909
3078
6089
4238
2015
2211
14030
12390
10584
2931
9242
3948
9959
5160
1061
10933
9339
8084
1991
5746
9403
7296
7823
3290
2963
6236
10353
13377
1799
12935
4783
7865
8972
7587
3590
10856
9667
4067
3709
7446
12355
7326
7793
2816
4932
6628
3252
1387
7271
8813
10950
13949
12066
6496
4352
2198
349
6598
3679
6387
3552
13324
1498
11590
14013
10782
13910
6526
2498
8316
13985
8278
1053
11917
8930
4528
9573
12611
4596
820
10416
11555
8900
4498
13182
13982
9948
4626
7053
3386
2486
11756
10084
7339
3339
2750
7403
7165
9296
9823
2439
13978
1206
6199
7242
8602
758
7959
7093
905
1364
4878
3714
10918
9191
5072
5921
6229
7667
5703
9446
9793
9326
627
6432
7123
9587
9865
9652
12594
6105
296
3516
6373
5334
6015
4213
6725
5119
5954
9920
10176
5009
1949
8737
3216
6876
1837
1708
2852
6763
12624
12207
8679
1019
10664
6695
3798
7573
5030
4777
10212
2615
4639
2180
538
444
4367
279
1416
12981
5000
635
5545
7948
1678
2890
5270
9271
2420
2166
9032
13075
2762
3320
6539
3811
1701
309
14052
1830
529
11882
11073
12088
1462
13859
3444
14179
2344
11670
14055
8838
6210
3144
3618
12118
8031
13224
12008
86
11226
214
6290
6847
1269
10147
11196
5932
4120
175
6759
8001
5352
11802
546
6421
8551
9634
1604
7895
11879
6454
5498
13434
10501
12833
9477
1996
7963
240
6255
5626
5528
10531
422
12956
1542
7925
68
518
10835
624
184
5596
12336
12571
3040
8557
12287
6748
14167
1444
1958
10241
5238
12850
3971
13486
10161
643
1774
6861
2087
8915
6185
358
13756
167
1570
5089
3019
462
1352
9054
9021
11781
5783
13500
1010
9111
8870
3027
9507
3503
6814
11638
11536
11371
10114
6160
7483
4139
3923
10004
13277
1576
2795
4746
3203
8682
6000
13012
11735
12449
7477
9963
8374
12329
5367
13102
2687
847
4270
3195
1375
9895
4545
10369
1619
2803
4186
5639
8764
5777
6030
11144
12299
10637
6720
10779
3495
12818
12691
9925
10702
11510
14021
8469
11392
6307
1454
326
10275
10031
9094
10474
6645
11422
1627
11342
1049
12744
12133
12273
7634
9124
3722
8147
13179
11239
1281
1037
10001
7507
4703
6072
4921
3959
13700
4075
828
11529
12717
12458
10881
7069
11613
12150
8114
5878
11499
13667
8562
9483
8004
591
11480
8161
2945
13862
1640
10504
12310
5213
11007
5015
4334
13865
5105
11117
3004
4097
2138
6009
14158
4954
51
6119
14069
2596
12542
8989
13556
1273
7519
9867
9585
12094
7593
1173
2989
10656
8392
11172
7665
1917
4908
888
11469
8510
12709
5966
1862
8239
12124
7623
5561
9133
10558
8422
491
2730
8342
7167
2801
12404
6697
3965
10292
5514
9560
1790
8058
12205
12772
8735
1141
11374
2133
11019
1929
10322
6906
10442
7852
11109
7080
6727
6017
10203
12362
6107
11764
4440
5
1181
3156
1752
2737
4293
4826
2808
5547
3657
5486
10549
8480
4365
11100
701
9768
4443
11989
4796
4323
12811
13170
11130
4202
6044
7786
4775
13581
9378
9216
8529
12574
10380
10128
6319
7022
4279
2324
5712
12700
5173
6798
1133
13831
3424
10098
11562
13967
10770
6992
1850
8613
9150
8499
6828
13077
8049
12730
7412
7152
10058
2951
10246
10864
12824
8879
13083
6676
1953
7560
6943
6578
107
11085
4032
1004
5187
12794
9852
12357
9665
3508
982
562
9519
7585
364
4081
7867
8226
9593
12937
9008
77
10991
5988
4576
9118
273
11551
4678
8802
1716
3112
3208
8196
9623
4741
11060
3928
14035
1527
8638
4164
178
618
2699
524
74
12111
7216
11870
3613
8781
12021
6385
8128
13839
6408
670
11682
13306
10049
14032
115
9412
8098
13368
8536
8371
6940
446
7768
1900
85
12401
6360
4406
11557
3201
14137
5468
10471
12054
9786
1169
13781
7378
3501
11915
2307
208
5282
4839
12351
3407
2936
1530
12431
5034
10307
4315
9718
6275
6702
1796
9457
2575
346
5309
3706
6474
11859
5433
1452
10645
6122
11747
2275
2840
12643
1773
212
12976
13120
6092
7733
1069
13010
4537
3924
13253
1747
5762
8625
622
182
424
3204
867
6369
3642
8135
9266
7304
9844
8407
8595
7144
7462
5372
6779
7288
8663
11512
6637
3504
10720
12042
13462
14151
11419
558
7615
464
9689
2489
3670
6504
2827
7569
3389
11761
9817
9301
13498
7117
31
7007
2995
13465
3143
2161
9331
4168
9451
6180
5916
11848
14118
9186
10181
5330
5450
13737
12999
3676
4604
4227
5564
2365
7982
8577
3177
3465
5300
12312
9074
11714
13029
7750
6067
2819
1603
12640
1008
11069
6881
4197
1887
12071
1595
10454
13361
10135
13834
6501
1233
3219
7266
11820
7844
9304
8827
13215
13207
10255
276
3519
8321
9288
8797
13159
6531
12253
999
1946
8583
9462
13212
6835
5849
1249
3003
4601
12606
8934
1029
4389
11923
10847
7718
10290
2721
3527
8354
1081
7457
10759
3907
2436
306
3336
11965
526
9733
4631
5757
3227
12508
11893
5418
10421
1241
13148
9982
1426
193
4125
8728
8181
5684
10814
3351
14046
11460
13036
13593
2451
13537
830
902
2169
4974
1972
9750
2804
8698
11284
3875
6241
3240
9168
5751
9569
1941
7817
13698
7301
10748
810
6052
11485
14131
1442
1073
884
9615
13886
7689
391
7331
3428
7451
10861
3540
5858
2328
11308
12478
299
1396
931
12752
9694
11354
5804
8923
13711
8078
11934
6991
9580
3471
1435
13051
2371
8893
890
9724
14105
767
7872
8965
7060
4248
287
6246
6864
13376
9429
5736
9349
7809
11152
10676
11827
8820
10943
9071
9232
3609
9399
3001
7436
5581
11583
10578
2062
12945
3423
2155
1341
11321
7085
901
11797
2323
10164
977
923
2232
10940
5153
8485
13229
9410
4942
7830
426
4259
13333
8284
10360
12554
12168
9492
2532
13057
1557
4790
6471
2050
9522
8308
1149
7800
3779
8460
7711
13893
295
2581
11728
2134
7913
10385
3008
13439
12886
11698
4755
12521
9358
10408
5411
2281
9938
12383
893
1333
1935
6292
11407
2359
4556
3881
7232
3459
10697
4971
11625
7429
9809
7349
12377
5699
2650
8512
7109
10727
11080
4163
7019
11663
8164
6322
10906
6442
7399
9436
5729
12767
4658
6203
3614
11595
3148
5023
5225
6656
4131
7580
4884
13097
8859
7694
5424
2445
5344
13511
7172
2110
3345
10078
6169
9872
14064
4993
5195
362
3832
13127
458
11167
564
5065
5263
8747
7724
6558
1608
5394
11577
10319
11022
4220
6380
10798
2715
5317
13431
9711
4649
5801
13062
9913
1778
7938
12868
4491
6770
5535
418
10992
522
1954
72
7358
10828
8714
12074
5831
7410
8761
9830
1601
7492
6549
7100
13241
9042
2662
8419
12186
7522
8848
13370
9800
5710
7130
6837
5790
12016
8776
7221
8863
12106
1926
13944
13680
3573
8795
3718
8366
8541
6153
9644
10257
7490
8825
10137
13233
5259
3273
5942
13329
344
4411
6924
3794
12396
12843
5755
3247
11967
15
1704
542
12426
2986
7455
12346
3547
11659
6894
10845
7254
4060
13423
9791
10466
14095
6681
1674
13487
10251
7970
2897
12840
5248
6738
2431
4804
14188
3331
4082
3993
4145
1821
13757
13503
711
2463
10986
681
11648
14116
4581
3363
7189
8231
1106
2348
6283
3448
7
1368
9617
4736
8201
11487
3159
13276
9889
7815
13420
11546
1719
4535
5491
10488
11473
97
12222
10262
4831
2787
1153
12303
11745
12439
5220
12192
9254
10647
3074
13901
7791
12806
9455
11134
4801
5649
6277
4317
10305
4710
13270
6635
8388
9221
2920
4005
8597
8405
150
11249
8137
3622
11952
12143
11620
7644
8204
8627
11332
13341
1727
1508
12734
449
9490
3944
13854
11503
2494
12898
105
10661
2939
1161
3123
7005
5658
4729
7115
2194
13666
7889
12928
9815
5556
2847
12140
12280
7617
4699
13608
1350
10968
5971
9970
11258
4195
5993
1740
5169
4394
4263
198
6065
2873
1529
2696
12532
2092
13703
8575
13557
5884
13818
10614
4225
6023
6713
3171
4344
4424
2183
985
6911
11388
3128
10373
12765
11597
1355
3912
5180
4916
12693
10725
9979
3867
10763
8332
2630
12375
204
9143
10876
11627
11204
8620
10695
8249
7609
8952
11405
1999
12723
6664
775
5067
10199
8745
1344
1690
7672
4300
756
11165
2878
8156
13125
5197
8473
11093
3325
4450
9902
4330
1261
6918
13163
2188
2425
647
10229
13601
12269
14028
11123
4151
13095
4564
10432
5227
1815
5604
10539
1518
549
4136
9553
3757
5537
2637
13789
5092
12588
8258
1579
1652
12686
7073
5315
6034
13459
5122
10210
1464
4433
89
11575
4309
7600
6212
13745
4372
9208
10026
8503
3016
9384
8039
9996
4762
7630
13742
655
13353
13908
1253
2964
9140
13966
10156
5974
6933
8967
6353
10236
9672
3998
8659
3052
2377
7902
6856
3165
4684
2037
3477
2343
11795
4858
7087
3443
260
12947
7979
9106
2468
11863
13980
13644
3368
11776
9016
9609
4751
11825
1616
4189
6584
11366
11541
5052
3578
12914
3713
2030
663
2599
13545
9600
11231
13312
4011
8026
8648
7208
13055
8546
1372
442
3278
13261
6416
8487
10039
7384
7996
13542
9630
11053
13307
11201
13315
338
10628
2267
5631
13589
13090
10496
4418
7553
6950
4757
12668
12566
12341
6782
3090
10598
2567
5601
10387
4849
12961
10526
329
3956
5389
10767
3653
9147
2688
6362
8124
11623
1880
5769
9551
12906
8634
2733
13080
12727
4901
11519
10377
8094
11593
6205
6772
3190
742
6404
5379
11665
12697
4931
65
641
7469
2130
6129
5302
13167
11852
6709
1866
11127
13864
4111
7764
5223
5025
13260
158
367
1628
5265
5063
1525
5550
6099
5464
12058
5193
4995
8477
11097
7374
9915
7989
12828
3395
13656
6730
7077
1913
2295
1554
6020
12992
11786
10054
4437
5871
13981
6110
10868
11062
6700
222
582
9557
12798
9161
5533
6574
12319
384
1267
4089
13022
57
7562
414
13567
9004
9114
3600
5984
232
9682
12049
6811
612
7170
11412
10111
9870
375
10021
4098
4674
2137
3065
8507
1756
3152
3617
4382
9764
3116
1231
8925
1712
5842
1436
11051
6937
6048
9374
8963
6357
1284
1190
840
6136
10752
8895
11560
7551
10945
4036
6794
1302
12578
9001
1665
10124
13196
53
2303
6824
593
7083
3403
1201
12676
12943
9469
13152
11585
10094
11867
9031
3629
126
7682
2932
6431
6351
1957
6059
4904
13767
12098
9562
8483
5155
1223
11057
13222
6401
2088
12360
10554
849
8111
254
12940
11216
7870
4051
13225
12128
8021
13600
1047
8054
11378
3028
10383
12408
7915
9989
10521
1039
13432
5190
5518
5616
2981
10886
12385
1193
11768
2099
13435
316
7557
4753
732
6157
9239
7196
3919
6571
6336
10253
12001
9422
1412
9342
1546
11159
7802
1293
933
10133
6956
6833
5874
12031
8118
8867
1992
8585
8008
7226
12255
2083
13219
9510
9392
703
12454
14034
3071
3507
2301
12421
5511
4671
10508
248
11925
3401
12759
3023
12290
4958
8560
11895
943
7879
12847
3207
1323
4338
10606
9735
11963
1744
3927
1425
1572
14104
1659
13271
941
4105
1301
8378
493
11036
14127
2824
13846
12814
9480
13340
1202
8768
6151
11148
7536
1884
7371
9613
10150
9499
9098
4949
10478
834
1184
11483
3940
1290
4252
5481
12861
1088
9128
7781
951
3174
14086
13900
1331
8216
1541
9529
2308
12748
6287
3408
1395
6850
300
7638
7179
11010
10643
4591
5435
10976
11120
3726
8852
6744
6273
1918
4313
5234
512
7735
11477
3059
2975
9058
12645
4816
13421
12307
6162
9879
408
7422
9802
1167
7342
378
5692
12720
8133
11634
3224
6818
6691
7239
12147
9196
8623
6299
3904
482
4182
3524
7510
7392
8665
5722
7012
6329
10118
6449
8519
7102
9226
4093
10008
8593
4045
9049
8412
2592
2807
6542
13469
2738
9536
7613
9371
1671
3658
12114
8150
7499
2683
12004
164
11507
4456
6310
9638
9781
4160
1540
7529
13069
13681
271
13363
5780
6027
4642
8786
6717
10640
6458
10312
5494
13956
11029
7480
5997
12161
5370
1623
5524
4267
10999
14147
8897
3735
6355
5151
2655
13240
6935
3864
8706
13371
14094
13684
721
12176
12236
7944
11920
8927
13673
11652
259
3649
6390
17
11865
11587
2460
3360
11446
11793
11326
13430
4481
5252
5949
8834
1113
9756
12084
7041
10947
11823
11296
13778
13053
2482
8441
4031
7590
4874
3382
2010
10088
3293
7182
13510
2393
13319
9670
6611
3978
11055
2634
9882
5157
11271
10914
3754
142
13549
8066
7555
12526
13582
5958
25
2967
10961
12598
12387
10341
3556
13413
10566
5338
13585
5671
10668
4511
11090
4063
1121
7917
12496
3256
3048
330
12628
2812
13636
2034
3474
10723
11667
12695
2374
1356
5456
12876
2856
6207
6624
12763
10375
3108
3212
7756
11339
12725
11403
13578
10693
11242
6594
11959
3512
9145
504
12373
2610
598
10765
11095
4370
8475
12432
10269
4997
3691
13828
13123
11163
12229
8274
8743
5267
4524
786
1648
5642
4780
5027
13263
13093
11125
2405
4494
13165
9944
12199
3305
2150
8740
13455
12210
550
9555
5162
14119
11948
13782
5816
10686
694
13452
11573
10588
4435
5591
3101
4234
13785
5313
2055
90
7075
2766
12539
1979
9917
2162
4722
8088
8505
13710
959
7670
2564
9590
6981
2780
236
13749
4692
10066
1833
2264
7882
11743
12305
853
10806
13134
11274
7679
12647
7737
11475
4533
10192
666
10303
10439
12262
9453
5110
3746
1389
4871
10222
5437
5020
9909
12488
4025
14054
10734
9972
8667
2220
3544
6633
8191
5674
4984
688
2069
1707
1838
8242
7602
1478
149
8959
12145
3244
3602
450
3797
8339
2520
8403
7113
861
12968
7838
6650
3886
7003
3103
9316
10280
5931
6219
4379
11505
10928
2239
796
3772
12661
2894
774
5901
2539
10898
9813
8032
1677
4769
5099
8948
604
4550
498
6063
4265
3741
9900
13360
1643
14018
2661
12614
771
5995
4193
10532
402
4464
11740
9930
4302
5129
9278
6715
6025
986
4223
3416
8573
2316
3298
8446
8326
8793
2398
6516
10191
2352
12257
8587
3077
7972
1906
8865
13325
3452
5904
5059
9084
2784
8823
8296
13322
3973
6891
6618
11834
9602
6155
3947
9679
1724
2586
12466
9737
4616
5753
12845
10346
11897
10426
3095
6964
3043
8652
7909
2286
4518
10843
6190
10396
11927
8920
9176
13973
11706
4068
3839
7453
2061
13984
6260
3685
5048
14190
2844
5136
7900
2197
13936
5382
12251
10840
3820
3311
7930
2497
4842
6789
7278
2411
7316
2390
2669
1017
6285
3490
9838
1105
11441
778
6484
8271
7813
10032
7138
7046
13296
12986
13447
788
6269
2633
13428
1205
9366
7095
9541
7627
8644
7204
11609
9137
2788
9825
7163
12918
7405
906
713
3753
9863
7388
7125
4719
7597
13780
9776
9795
2394
5705
1422
5272
4461
3294
13238
5209
4064
4414
1313
1392
12664
6723
4215
10624
6013
10207
8791
6375
6103
683
6693
11672
3916
12156
6765
5540
10594
1549
1728
4327
4447
1486
144
5978
4586
10981
5230
7575
13657
4181
3012
1415
5070
280
4297
5543
2848
4821
4688
5200
12212
3863
13855
12039
11630
8617
1810
1321
13508
9201
530
4854
14159
3831
6686
3700
310
13566
13073
14059
8889
11600
1656
9231
13852
6588
5177
4132
11075
502
4289
5832
12584
10390
1612
8254
11902
13830
5183
398
8455
3717
2531
6146
2911
13087
2231
4760
11041
6038
6947
13197
1765
10355
7825
9405
12856
3248
3056
10935
5476
8490
2263
3990
7366
1834
7541
9204
9627
7795
12353
3729
3548
11979
9388
8221
7863
4785
13580
1591
12933
9597
7776
2563
3952
6961
13766
8815
2898
6341
6566
11384
13813
11996
12782
13942
7201
13708
7090
692
2373
12950
350
6668
3473
2033
13945
7231
12026
11208
13603
9575
5506
2347
4666
3447
11182
12416
13989
10611
4568
8970
7055
5608
1855
11553
6914
13314
10143
2893
5654
9620
9332
11490
14023
6346
6426
9249
3825
2982
9952
12894
3104
3997
8016
11221
8106
10964
13544
2378
12924
8979
6843
6396
2038
3478
1869
4398
11455
10516
6082
7659
8902
2467
4175
11254
3367
13701
1644
4428
4348
9745
12837
1922
7967
9473
5888
5621
10618
10891
3577
776
10285
14020
1759
13358
10484
13903
6141
8553
11138
12283
3277
11970
9258
13847
14176
11046
13689
13189
13642
4359
2268
7487
2960
8384
8996
10260
4086
4939
11815
7546
3243
10140
8208
7648
404
9026
6840
5787
13645
12738
2568
12681
9503
10789
3543
602
14087
3127
5866
5244
5002
5773
13501
11791
5112
6734
5445
10633
5325
3626
1403
9659
4039
3868
9967
1861
7473
430
9156
5363
45
661
129
8672
1221
12635
2843
4808
5295
7745
6806
319
12137
12277
7249
8609
2877
7952
8143
11644
7620
6192
7332
6175
6303
2187
6439
138
10016
10106
1523
3119
5079
13744
6222
2783
12713
4896
11889
1771
9546
8140
3758
12911
11617
1411
8630
2638
6532
9487
3974
2096
9039
2692
7503
10715
4707
4926
37
3140
1213
9648
8600
1585
752
11003
5217
13957
11113
10650
3044
10219
2525
4632
6928
4320
6280
7258
13005
1723
4020
13115
2905
798
2225
1305
6898
6945
2755
10794
33
13085
2251
5141
2066
11872
3635
2551
7354
8457
1914
10824
11083
8718
12078
7934
12246
12864
13258
1553
13060
11436
567
4787
9595
7583
3440
2080
3528
3749
9663
7321
7797
2340
12991
3908
9625
7051
5359
11809
10937
3228
6752
8266
7827
8844
9407
10357
5939
382
6383
773
6521
13832
2319
10186
478
11800
8331
224
8451
3419
1067
584
14039
8689
3654
4654
2865
6886
669
14141
13214
11830
8817
8301
2734
13835
8168
7698
10431
575
10351
5348
5428
10074
7057
4888
4621
3901
12471
146
2536
3889
11711
508
614
13637
13493
3427
9181
10401
7728
5082
234
6554
11913
2327
5398
9577
2236
869
412
5926
2289
5707
9321
8288
7663
12164
1188
9797
838
12558
13464
11399
3836
873
1084
10709
7595
9583
7127
8462
9827
8304
7407
2710
191
5896
13172
11232
9135
2589
12656
7625
7097
11429
11349
393
10362
8733
1748
12203
3265
6767
13109
3791
13019
11724
12442
12322
9934
10772
3565
11580
6377
1102
10205
4217
11694
9354
5320
12292
10404
13911
5632
1909
11938
4363
13130
252
9698
10811
881
2828
11170
5808
4295
11358
997
8750
8074
13100
6112
7577
12549
8982
2666
4773
6002
4244
4866
2475
13693
4167
9728
3375
4325
4445
10730
11077
3404
8186
11522
5175
2304
6079
6868
3178
12770
11410
14031
8569
1247
13598
7062
10700
2115
1027
11492
10168
3851
8615
2680
1888
10574
12380
5821
5688
8724
12779
7747
2823
10691
10818
4543
5297
12637
9893
6070
10299
13144
9965
11733
1147
3895
4200
1376
12369
13611
9923
3646
8694
5447
5327
1093
7859
11102
4230
11012
8580
3147
10329
5586
4978
10449
6643
7120
6976
11462
8399
3173
11179
1123
7010
10273
11288
9164
7512
6177
10744
8429
12474
8349
2871
1883
3702
1792
10071
8232
12275
12135
12702
11304
13821
9820
5854
1607
5719
12881
6312
10458
5461
7029
4272
4705
10717
3259
2084
6640
8522
7848
9308
1777
8042
9485
7419
11615
9284
3672
3559
8492
1101
11569
8410
7761
13898
6999
13869
2245
10542
7714
11750
2761
1131
14178
8358
13117
1743
3641
4540
8938
13007
979
14065
12504
10310
9460
2545
1090
5414
4209
13338
256
3024
1288
5103
14062
11982
5013
5215
6508
9512
228
3332
608
514
2432
8436
2121
8071
3845
11266
7820
11844
8809
2684
475
963
6606
125
4608
10571
10336
6253
5568
7965
8872
1942
12835
9747
239
10956
7893
7159
12531
1624
578
218
9859
484
1531
10833
3381
7923
12501
9078
11718
5666
2481
4506
2859
11457
6478
3271
1970
5146
5038
9714
5760
3785
162
3571
4832
5289
1558
12181
12241
10850
6183
8913
7460
8711
117
13937
10287
971
467
8800
11331
11451
3523
7308
9848
4094
3007
1976
2769
5785
3223
7284
13446
7036
11817
9761
8830
11301
13297
3903
10042
7485
7148
14171
9419
4476
11689
