9
65
123
115
96
112
102
100
80
100
116
100
83
100
66
88
93
88
73
102
10
105
57
58
5
58
31
27
69
81
35
44
34
44
59
51
91
66
102
128
101
128
127
128
84
128
94
110
15
6
21
91
28
26
33
26
21
13
22
13
23
13
0
13
112
95
122
92
70
120
81
130
116
130
125
130
114
130
93
122
13
35
14
35
12
35
11
35
126
129
85
129
103
129
83
129
21
19
20
19
20
19
22
19
23
19
82
78
77
78
117
78
71
78
6
31
29
31
32
30
18
69
80
19
29
41
36
37
36
40
38
87
126
104
126
79
85
66
82
92
82
120
82
112
108
72
108
60
61
8
61
17
1
14
55
57
4
57
126
118
127
118
125
118
119
118
21
87
101
104
101
88
72
70
72
20
62
60
3
60
78
75
108
75
74
75
7
127
9
28
39
43
54
50
52
50
22
67
77
69
68
69
117
69
58
59
10
59
22
110
98
16
5
36
42
43
42
70
121
91
111
67
90
89
90
65
63
61
63
76
84
20
93
23
15
19
1
5
1
10
1
7
1
4
1
40
39
37
39
2
12
120
77
121
77
97
77
78
79
69
79
98
106
109
106
35
49
39
49
6
62
34
41
58
56
18
10
19
55
78
116
34
48
37
48
73
103
6
11
8
11
9
11
3
11
6
2
19
2
8
2
9
2
3
2
13
34
14
34
12
34
11
34
17
7
65
64
15
4
67
70
123
70
81
113
85
113
90
113
84
113
106
125
107
125
95
74
72
74
20
0
5
0
10
0
7
0
4
0
18
8
4
96
44
47
43
47
115
89
105
87
7
54
26
24
28
24
17
9
57
53
80
99
90
99
86
99
119
99
49
46
45
46
111
97
33
25
101
124
103
124
86
124
114
124
106
73
107
73
76
73
79
86
41
40
23
123
75
114
16
3
31
32
3
32
105
104
109
104
94
104
115
68
67
68
16
110
107
109
107
72
109
96
109
75
119
121
117
111
117
66
71
122
71
121
71
35
45
40
45
59
52
54
52
8
33
32
33
82
76
108
76
74
76
71
76
5
94
76
83
35
37
