65
9
115
123
112
96
100
102
100
80
100
116
100
83
88
66
88
93
102
73
105
10
58
57
58
5
27
31
81
69
44
35
44
34
51
59
66
91
128
102
128
101
128
127
128
84
110
94
6
15
91
21
26
28
26
33
13
21
13
22
13
23
13
0
95
112
92
122
120
70
130
81
130
116
130
125
130
114
122
93
35
13
35
14
35
12
35
11
129
126
129
85
129
103
129
83
19
21
19
20
19
20
19
22
19
23
78
82
78
77
78
117
78
71
31
6
31
29
30
32
18
80
69
29
19
36
41
36
37
38
40
126
87
126
104
85
79
82
66
82
92
82
120
108
112
108
72
61
60
61
8
17
14
1
57
55
57
4
118
126
118
127
118
125
118
119
21
101
87
101
104
72
88
72
70
20
60
62
60
3
75
78
75
108
75
74
127
7
28
9
43
39
50
54
50
52
67
22
69
77
69
68
69
117
59
58
59
10
22
98
110
5
16
42
36
42
43
121
70
111
91
90
67
90
89
63
65
63
61
84
76
93
20
23
15
1
19
1
5
1
10
1
7
1
4
39
40
39
37
12
2
77
120
77
121
77
97
79
78
79
69
106
98
106
109
49
35
49
39
62
6
41
34
56
58
10
18
55
19
116
78
48
34
48
37
103
73
11
6
11
8
11
9
11
3
2
6
2
19
2
8
2
9
2
3
34
13
34
14
34
12
34
11
7
17
64
65
4
15
70
67
70
123
113
81
113
85
113
90
113
84
125
106
125
107
74
95
74
72
0
20
0
5
0
10
0
7
0
4
8
18
96
4
47
44
47
43
89
115
87
105
54
7
24
26
24
28
9
17
53
57
99
80
99
90
99
86
99
119
46
49
46
45
97
111
25
33
124
101
124
103
124
86
124
114
73
106
73
107
73
76
86
79
40
41
123
23
114
75
3
16
32
31
32
3
104
105
104
109
104
94
68
115
68
67
16
107
110
107
109
109
72
109
96
119
75
117
121
117
111
71
66
71
122
71
121
45
35
45
40
52
59
52
54
33
8
33
32
76
82
76
108
76
74
76
71
94
5
83
76
37
35
