100
99
140
99
17
7
39
40
138
94
87
94
137
36
128
36
127
36
125
36
70
137
141
137
71
137
19
20
105
133
84
133
67
135
85
135
60
79
78
79
85
79
101
119
120
119
106
68
84
68
78
51
7
16
73
128
143
128
53
114
148
145
62
145
122
74
17
5
61
130
104
130
103
92
117
92
129
92
107
100
136
100
37
39
112
148
58
148
56
148
34
43
44
43
86
96
135
105
95
103
109
107
85
107
114
112
54
72
21
19
88
116
115
121
57
58
57
61
13
23
75
76
82
76
111
110
50
35
86
97
92
134
139
134
93
134
145
70
96
139
69
139
145
73
141
73
126
75
134
17
90
17
115
55
113
118
117
16
6
5
6
9
6
103
102
117
102
129
102
116
90
111
90
0
15
18
15
79
77
102
77
12
10
135
106
36
37
73
81
66
81
70
93
141
93
108
93
148
95
62
95
138
136
146
144
83
144
100
132
140
132
94
0
68
0
121
0
127
0
89
109
114
88
113
88
101
104
119
146
144
142
17
9
96
127
97
127
98
127
52
82
142
67
84
67
54
67
32
38
15
11
12
11
101
38
46
96
140
97
140
98
140
123
86
147
86
36
49
5
4
61
120
52
120
126
120
146
60
72
138
142
138
0
29
53
65
56
65
119
63
16
26
5
26
4
26
66
125
130
123
65
123
32
31
19
18
9
18
28
18
57
22
1
18
22
6
3
41
48
72
89
144
89
8
12
84
108
141
108
141
110
108
88
108
122
147
94
32
77
32
81
32
131
32
7
28
14
28
44
42
93
131
52
53
55
137
21
81
21
132
21
80
21
52
99
50
68
50
80
50
91
50
51
69
63
69
78
69
21
14
95
129
64
90
143
126
56
74
118
123
118
139
124
115
124
64
78
35
34
41
34
9
30
133
41
132
41
124
41
99
8
133
8
77
8
125
8
59
8
69
98
58
62
76
62
65
62
104
122
120
122
107
87
73
59
37
44
31
44
55
126
112
111
113
111
82
111
53
111
54
95
66
118
66
20
13
14
13
19
27
4
27
14
27
30
27
22
2
39
45
47
45
108
71
79
80
102
80
4
25
30
25
31
47
92
91
35
33
64
83
63
85
6
24
