99
100
99
140
7
17
40
39
94
138
94
87
36
137
36
128
36
127
36
125
137
70
137
141
137
71
20
19
133
105
133
84
135
67
135
85
79
60
79
78
79
85
119
101
119
120
68
106
68
84
51
78
16
7
128
73
128
143
114
53
145
148
145
62
74
122
5
17
130
61
130
104
92
103
92
117
92
129
100
107
100
136
39
37
148
112
148
58
148
56
43
34
43
44
96
86
105
135
103
95
107
109
107
85
112
114
72
54
19
21
116
88
121
115
58
57
61
57
23
13
76
75
76
82
110
111
35
50
97
86
134
92
134
139
134
93
70
145
139
96
139
69
73
145
73
141
75
126
17
134
17
90
115
113
55
117
118
6
16
6
5
6
9
102
103
102
117
102
129
90
116
90
111
15
0
15
18
77
79
77
102
10
12
106
135
37
36
81
73
81
66
93
70
93
141
93
108
95
148
95
62
136
138
144
146
144
83
132
100
132
140
0
94
0
68
0
121
0
127
109
89
88
114
88
113
104
101
146
119
142
144
9
17
127
96
127
97
127
98
82
52
67
142
67
84
67
54
38
32
11
15
11
12
101
46
38
140
96
140
97
140
98
86
123
86
147
49
36
4
5
120
61
120
52
120
126
60
146
138
72
138
142
29
0
65
53
65
56
63
119
26
16
26
5
26
4
125
66
123
130
123
65
31
32
18
19
18
9
18
28
57
1
22
22
18
3
6
48
41
89
72
89
144
12
8
84
141
108
141
108
108
110
108
88
147
122
32
94
32
77
32
81
32
131
28
7
28
14
42
44
131
93
53
52
55
21
137
21
81
21
132
21
80
52
50
99
50
68
50
80
50
91
69
51
69
63
69
78
14
21
129
95
64
143
90
56
126
118
74
118
123
124
139
124
115
78
64
34
35
34
41
30
9
41
133
41
132
41
124
8
99
8
133
8
77
8
125
8
59
98
69
62
58
62
76
62
65
122
104
122
120
87
107
59
73
44
37
44
31
126
55
111
112
111
113
111
82
111
53
54
66
95
66
118
13
20
13
14
27
19
27
4
27
14
27
30
2
22
45
39
45
47
71
108
80
79
80
102
25
4
25
30
47
31
91
92
33
35
83
64
85
63
24
6
