1998
1966
3533
3637
1146
1851
812
9124
859
2497
4646
2492
2396
2368
5574
4578
2116
7451
3074
2054
7194
2487
10039
2502
6941
1988
807
10150
4935
7060
2803
3642
8318
7184
2386
9761
2001
1464
4503
1848
8282
2043
4787
2399
7140
9941
4802
2119
4649
4581
2371
9673
4713
914
4617
1213
7448
7373
1969
2332
856
10024
7864
9423
6575
1149
4797
2389
4792
6938
8277
1991
8321
2327
6470
4622
9145
488
6739
1554
1403
674
4873
5368
5396
2574
6308
4364
1616
3139
5078
6074
3838
1786
9960
3262
8624
5492
4033
5497
7744
5386
5502
403
5487
6560
5803
424
3257
1768
1796
9373
7075
9974
6311
5371
9183
5117
4305
9723
8670
1789
5081
5332
3841
3136
1619
1543
1647
4147
6736
370
4967
5399
5327
5122
9740
1799
9500
4972
7753
4152
3665
5389
1652
9902
1771
9030
8157
3676
9419
8874
3411
8363
7272
4727
9137
4623
251
6883
2041
2924
1960
7431
9256
7088
2980
9575
3548
1227
9696
9418
7016
8005
8162
5515
6954
2313
8808
7098
1232
7066
8239
6459
1105
2249
4025
5705
7267
6893
4732
1710
239
7433
870
3408
9404
4210
7920
10003
10284
1520
2038
5085
7091
1833
6362
7428
3551
3679
5955
6514
7069
2246
245
6456
8236
7655
8811
7101
3763
6357
6704
6943
7019
6163
5095
4048
4928
9625
5924
218
6588
5980
3919
1541
10309
9889
3843
9006
8659
5123
3218
4420
1729
4229
6818
7680
16
642
9719
5249
5313
9888
2705
6566
6598
9396
9718
750
2515
4051
4931
4226
6591
4585
3993
534
1538
7235
298
6925
8504
1726
3916
3221
9009
3177
8656
4815
6821
9704
3854
9566
8714
6777
3983
4595
6601
9451
442
6782
1975
2955
6569
5246
3182
8837
919
2847
4644
843
5648
7869
9126
5003
139
1144
1048
8745
1501
553
2735
1964
7901
7196
2056
7168
3076
7948
1469
8610
2114
5576
2394
3605
1491
8258
6438
8842
2852
7120
7625
1328
6423
3750
145
2384
7186
9755
7891
6970
253
6150
5772
2992
993
8223
5579
5651
2997
1051
9935
2059
7199
1498
1466
2340
3079
8350
9242
9129
7898
7866
7171
854
4653
4557
1367
7951
2173
147
916
1153
8093
9592
7189
1488
4435
3002
6441
8261
983
5767
2987
1331
190
9846
8083
3345
1372
9151
563
7888
4562
6076
1614
9110
6800
4366
4398
2576
5394
3200
676
1556
9797
3322
4467
8638
2648
8626
5847
9437
5735
1784
8185
4388
5384
1335
3190
10206
7746
8125
154
6790
6620
1794
1025
8195
458
3281
5852
4472
3317
4105
7593
7697
6395
7692
143
4401
8629
5173
5057
3870
2579
2651
5997
4369
8641
1559
6734
5992
2772
679
5340
6079
3134
5062
1740
10248
4391
4233
7687
7583
6385
7702
7749
7813
8865
3278
5987
2767
6002
763
430
215
8217
5910
8181
8876
9598
479
2070
7933
3674
3295
3037
9047
133
1033
9581
838
2926
2231
5633
8290
5537
2020
10287
6709
3285
6956
9947
7014
485
9599
8222
5455
209
1273
6519
8300
2253
5542
6378
6443
4780
9352
3042
7064
9052
2929
86
348
9369
8178
7860
9483
8530
2480
1460
841
2228
8879
6422
6454
8234
2244
9200
7505
6015
6516
9368
6417
6065
3525
6381
7715
6706
1905
6959
2565
4375
665
9004
137
3493
6037
6212
9631
10257
8719
520
8547
3859
3812
8643
5231
5926
2633
2537
4360
9616
3158
1570
9534
2910
9284
8509
6758
7832
401
412
5253
3807
8552
7875
6564
2542
10093
6042
10069
6207
9652
3483
7827
4251
6245
2455
1475
8506
1724
5480
641
4224
5228
8716
4755
9669
10115
149
10193
3161
3856
5929
8654
8407
6761
3914
3065
7303
135
5565
474
3015
4248
8412
9445
6730
5244
10328
3323
9668
10192
8427
10014
1456
9413
9936
2476
2069
1514
5762
5909
1163
2019
5208
7914
8289
1943
4204
1357
1704
8526
2421
2377
4567
7856
7161
2101
4663
864
3303
5757
8271
443
8432
6710
2382
7323
4572
6833
1362
4779
2091
7038
8299
6520
9845
1954
8529
7812
7859
2974
10009
2016
2930
7493
8286
8880
1893
426
5906
5211
3832
2418
9024
1459
7158
2066
6232
2098
2479
10109
10155
7483
8296
8268
7807
3875
4776
10008
6227
2088
9756
9650
6960
5035
129
7041
1883
3827
628
2208
5067
1601
564
3860
8720
9883
5377
5421
5476
4981
5017
9713
8510
2909
2762
1569
1782
6975
4359
6726
1925
6538
5382
1591
84
5072
3505
1777
753
2757
1821
367
5022
8855
3715
7525
9202
7674
3933
2211
7295
2906
1598
1566
4356
5479
5418
4414
4978
5974
5930
177
4457
9350
744
6541
4535
1588
7285
4462
554
1818
6729
2437
8447
6991
7870
1938
3697
4985
3593
920
3692
280
7134
8609
1470
2336
8346
7119
3583
4995
3687
7043
536
3702
6848
7001
2442
6464
8452
6149
1575
7278
655
2555
6969
6213
3749
3813
6055
8349
3080
2339
4742
2060
7200
8413
6988
156
457
5580
1941
8606
9261
9837
9429
7322
568
338
9679
9130
3746
5465
4845
402
411
4125
1005
4737
9701
6851
6146
7190
123
6966
6998
7054
7281
9678
7317
8105
2263
7116
10204
9428
3199
9590
6799
9109
9240
5336
619
6771
125
5437
6652
4093
9571
8664
3898
3171
3866
319
4765
8203
3951
5555
6789
3189
1311
3055
2075
3888
1736
325
6543
5442
6647
9446
4083
6619
7345
595
3869
8630
9729
10239
9379
9189
5023
6768
9106
6796
6080
199
5339
680
3196
3901
3168
1560
4370
3948
9615
2580
9378
6616
9188
1308
7605
9728
5263
600
1739
6554
6403
3186
3891
2465
205
6786
3625
7750
127
9401
7993
3235
1516
5822
2474
8051
1454
9029
7854
898
866
5597
5693
2979
951
8524
1706
6905
5592
1959
4911
4206
3097
7221
7916
1381
1417
7177
3092
1093
2361
5781
10128
5817
9593
7983
9146
7182
1422
3087
3102
1083
2250
10323
888
5683
8240
6460
5587
9851
5602
8284
7919
4209
10269
9489
2014
7843
8048
2976
869
413
9964
1709
1956
9363
901
2064
3680
5103
9026
948
5904
7218
1378
1443
4908
2358
6273
1519
5778
4774
7070
10149
8294
8675
9488
14
7020
397
2725
891
7408
8660
697
2592
692
2597
5979
3920
2693
6092
5361
6097
3433
4957
3428
7679
7551
4230
1730
557
10333
4419
2822
4478
4343
5474
6102
6087
687
8831
2602
6724
702
5250
2683
2587
10125
749
2817
1761
2781
813
3655
7763
4962
8915
4416
7411
10078
1207
5358
4603
4354
4707
1564
2904
10043
7676
3431
6475
1245
7548
4517
3272
9663
9010
10187
5976
4481
4005
5725
4712
8828
1212
746
567
1125
1758
8025
2778
3267
4522
9784
6570
237
476
1441
2795
860
441
8897
10141
6488
8892
4325
5312
8344
6372
2334
7841
7136
6331
8887
6466
6498
7059
8902
9900
5145
5965
2785
2615
10084
6153
9502
308
715
3753
5307
6115
6367
7665
9742
2120
8353
8604
7139
622
1438
2400
4485
6491
933
8167
2937
8947
9962
9576
1150
9357
8033
1970
9255
1423
7838
6328
7262
4650
6501
2942
6964
8952
5823
6144
8172
2390
4495
9695
3744
7257
7114
6469
7056
2312
4338
5334
1385
3140
10298
6740
3448
3373
5795
9565
3864
8698
8666
585
4523
5615
10054
1395
2307
3115
8688
71
6559
5785
2965
1734
8135
2145
1790
8669
4341
9657
4283
7637
606
7533
6335
9626
5400
3451
3194
5937
8701
9621
9104
6794
832
1620
6556
4293
875
7642
1800
6614
8773
252
827
8691
5942
6784
2823
5390
9395
9297
3184
7011
845
333
2733
3712
6032
8743
518
8819
737
5005
8589
7732
4267
6658
3522
9294
5160
8571
742
3354
3603
6027
9654
3707
3416
10068
6425
3481
7623
3517
7727
4272
9875
8599
4431
8225
234
7008
1824
995
8586
3962
10203
4655
8816
8095
6661
1155
8754
2175
8568
8596
4433
10185
7210
10250
4920
985
6830
9680
3478
3343
8085
10314
3419
10202
3230
9430
3957
5424
4428
9588
8982
6174
1301
6857
9089
9238
3774
32
8183
5733
30
3032
1269
8458
6238
9099
7928
6862
6809
1333
9925
9239
9021
9589
8123
3209
1291
10279
8977
9953
7420
1180
8193
3027
9354
1023
2160
3908
9215
4103
1528
7229
9071
4680
9733
350
6393
7595
1266
1298
5175
9493
539
394
9086
6241
8461
9190
9380
545
9306
7226
7931
2424
10138
9018
6383
1288
7585
10220
4235
9730
9171
8863
7815
3911
3206
8374
765
1531
10235
104
9866
38
9096
9068
6806
6700
5889
776
3293
271
7935
5188
8309
1035
4184
2748
9787
8738
5635
1684
5899
9526
10196
9672
3283
48
6690
5453
7646
3341
6445
2111
460
2255
1694
1275
9521
7578
5198
5871
5166
4194
5946
4451
7792
7797
42
8306
5280
779
5191
5886
2672
6634
8741
2751
9649
7622
7503
6013
5169
1640
5949
7802
4140
10010
7787
3338
2108
7617
9648
3523
7713
7649
6063
7581
663
4864
428
5868
5896
5201
4373
4448
5444
2667
1903
9465
2563
5748
3495
4744
2188
2635
8645
8490
2889
7364
5255
7873
2946
8078
8936
3485
1611
9967
2166
2871
2198
9372
3650
2899
978
6319
1348
1473
8500
9476
2453
6243
8122
5751
9811
8330
2191
2886
5672
1072
9349
7152
4753
7972
2280
9602
1260
1022
3063
6316
9348
1067
8434
6254
2444
5667
5563
8081
8117
1608
7305
2868
2896
2201
8939
1017
2949
981
3013
188
2169
7967
1351
7147
3325
3535
220
364
8759
8912
9899
6508
5292
1829
5297
7780
6718
3462
273
3414
9898
8907
5220
10255
5429
3356
2805
10120
4933
3457
9386
6050
9176
650
5302
8540
3978
9881
5287
382
2550
4072
4505
8584
5532
1826
300
6511
2045
4715
8756
4022
6573
8814
6677
7375
1215
6721
10179
174
2410
5527
4067
8594
4860
5426
3359
6682
4017
3981
2297
3776
4875
2292
1405
515
6176
6881
6917
179
7251
4827
4035
6922
8379
185
3050
9040
10170
9931
131
9686
509
8518
9226
2287
5550
8961
2302
2220
9834
2031
7360
8708
9916
4832
9221
2429
5805
1810
7073
6878
1264
4303
8482
6179
1545
7248
2532
9084
3779
3572
8477
8521
2426
7224
8958
6804
9094
3567
3663
9165
2028
8711
7755
8376
3204
5410
6270
10229
2527
774
6639
8365
1686
6885
5612
10306
4625
3112
6631
4891
4186
7644
5840
331
5449
8003
5513
4869
4948
3370
5944
1103
9515
4196
4901
3107
4168
2315
5164
10087
1696
6895
1668
908
10062
5703
4023
5607
9193
7435
8304
5352
4189
1689
8770
5083
1747
9546
7562
6628
6636
1835
368
5884
4888
1699
5953
9490
9722
5347
645
4199
5446
4951
3765
5894
7557
4866
7653
4898
4171
6165
5093
1671
9892
9471
1752
6945
141
911
712
7388
3737
2612
1872
7131
3845
5125
10301
6112
4746
6137
7472
6107
2164
6142
5315
10057
10038
8934
2944
3742
10092
2703
1867
2607
707
7398
7366
8850
2840
7467
2513
6259
8439
2449
1187
8062
7128
1202
7391
9805
2884
6923
4702
7233
3995
4583
4687
4813
2352
8342
4749
1320
962
8990
2894
10017
4692
2446
4697
8436
6256
4593
3985
1197
8057
1192
6314
7401
2953
454
1973
9000
7369
957
490
9422
2347
8337
3233
7995
6640
4062
3391
6903
4278
5695
5274
1095
8798
7108
8766
4057
396
4870
5450
3401
9420
5839
8618
10180
7985
5138
1085
4134
10244
8788
5685
1634
3369
7845
8582
8769
1690
4190
7737
3388
3472
4317
5105
9643
4281
6132
6275
732
6694
8801
499
7111
2632
1445
4200
7742
3398
3366
630
8621
8577
8673
1700
2627
2723
5141
5836
505
6684
8791
9537
727
9287
6127
9175
9385
4322
3467
6608
2695
2274
1254
8986
3435
1316
3562
6351
4345
8324
9890
8996
8968
2138
931
8148
10225
2685
9311
236
2450
310
815
9871
10230
6260
9720
9492
8440
9118
8913
9166
7765
2839
3653
8849
3557
6611
3132
381
9944
9343
5632
8484
4605
8989
1243
1319
6473
6348
4750
121
9082
8494
8971
5627
9225
8846
4003
8151
5723
2836
2141
928
1123
9685
3644
3127
10169
9077
9121
8023
7370
8999
9915
2793
792
10300
8760
797
2512
7779
7572
4323
3248
2722
9545
1830
3224
561
2507
579
5430
2783
5963
5219
6824
802
10056
5143
8731
2008
787
2549
2681
4914
713
5918
7204
8539
1661
6155
2613
649
2717
7663
6049
4856
4161
7567
6113
2406
3755
4483
570
8355
10079
7776
935
4807
477
8035
551
10197
3251
5882
1425
4859
6046
4812
5825
2409
4493
8536
9531
2546
646
8728
2011
5921
9794
5216
2678
1658
5877
4158
9434
5154
3360
9516
6288
1122
1383
8072
9806
1241
5722
9958
1806
5793
6531
972
3375
4525
8022
5512
9583
5613
5717
5681
5549
8067
2918
3113
1081
5406
6298
6266
1393
9039
9233
3049
1117
8380
5507
8017
2430
592
7981
10086
2143
9959
7359
967
8133
2963
5783
2219
10322
295
6291
9499
9739
1809
1862
6333
1238
7535
4285
2882
332
8932
6528
7462
3780
6180
9738
7356
2877
2921
2216
4674
873
5678
4295
1857
6301
9498
7414
1174
1078
8775
2154
289
2825
6269
5409
9481
7978
3046
598
9036
7457
5546
8927
9600
73
427
5890
4122
6699
8764
6752
1945
1165
6671
3152
5276
4665
3972
8310
4081
4117
6689
3305
8558
5900
3967
1636
6835
7325
1628
3147
9707
4841
4136
6747
5279
636
9199
7495
6696
4257
6668
1895
780
4078
9198
7485
4139
5950
1639
9370
3364
5170
3873
8561
5033
9876
1631
4262
9391
10256
7650
6686
1885
5834
4838
9181
6192
28
1314
8984
6197
1256
3792
176
2276
3797
8326
77
2890
3622
278
6973
8489
3802
10219
7338
3787
1923
9305
3503
6202
2128
8994
9407
8471
6187
10012
9058
8499
755
9865
6320
2900
3713
7523
3617
3581
3649
8853
4642
6867
7293
8486
3935
8329
1142
1259
2279
8402
340
8387
1137
9231
40
10251
3646
7341
2131
6872
2834
9926
8844
10175
366
9691
7283
4533
8468
8496
22
4637
9061
9134
8392
9216
8397
2170
10194
2950
75
9921
3578
9670
8940
8820
9893
265
4983
3595
106
4182
79
456
1682
8590
5237
2662
9551
7045
1511
9977
4993
3585
6826
259
5159
5051
3931
3226
5242
6215
1721
625
2404
9466
2553
2657
9732
653
8600
4854
5858
1573
1677
6053
9192
4177
50
3815
7911
7206
4916
4221
9382
8415
3012
7774
10305
10061
1508
4843
4123
4919
5463
2544
576
8534
7209
3007
5048
3928
9525
1003
6044
8103
1718
537
5861
5156
3229
3420
4218
589
5214
7908
6829
2265
9090
1062
2237
5662
8247
1270
4095
7962
7028
8205
4763
1804
9432
3210
2858
6264
2242
4408
1878
5553
5404
5657
8252
2073
1057
9682
6810
9100
3053
4551
4679
7230
7957
7478
7343
2159
4085
10274
10027
7419
6545
1179
7712
1922
7522
3732
6012
5025
7031
2156
2861
1917
1881
7416
1176
10108
4411
6405
4676
5265
383
2214
582
7707
7603
7354
9475
2463
5544
4548
272
10091
9034
7481
3044
6007
3727
7517
3623
1596
1568
7265
10042
2908
3160
9454
5707
4027
270
5354
5603
4358
6760
1107
10320
10088
5416
3103
5481
4976
9563
8007
5517
2209
7544
10111
223
1225
6731
24
8824
1112
4032
5712
1586
204
4725
558
1816
461
2774
8155
5522
8012
1754
6539
9882
1571
2911
5097
2206
4361
110
5092
4979
6355
7404
7553
7657
4474
5343
5478
246
9480
5419
5230
1599
548
3424
5957
7662
6728
4250
6536
324
5087
1743
1819
46
5102
303
5962
1589
9393
9994
1461
2517
2481
8044
10006
2018
8288
5209
7463
840
2707
1863
2354
2603
7214
1374
5908
703
4904
10058
8531
944
2416
6103
7861
9758
7156
2068
2096
10037
6380
7039
8266
8298
5774
2522
4778
10302
6133
9759
2086
2712
3733
9222
2419
1458
7159
2099
8333
2343
2478
9939
4822
2021
2957
2230
9530
953
8291
1977
9253
8180
8053
634
1193
5911
5206
4592
8528
7242
6932
7858
4693
2071
894
4597
9932
1982
6775
2962
8301
3175
9693
4817
10127
4781
2089
9938
4602
6927
4587
884
4683
7237
7036
601
1183
8269
9726
10224
3899
2650
9891
8640
9472
5283
9557
9376
3453
9310
5341
9186
6766
9108
6798
398
9721
9870
805
4937
3166
3871
3198
2485
8903
3946
4400
6618
1306
3889
342
5293
3188
1741
2495
4390
6788
4942
3635
3169
4013
3949
2325
6769
4334
5338
6582
9448
5523
9111
6801
8694
4063
8275
3896
3868
3201
10189
4795
9665
3444
6577
6673
6621
4615
3280
3886
3191
1309
4785
1738
9449
6791
8684
9421
7950
6986
3255
7170
5485
1434
8608
1939
5650
6324
2283
9426
7834
0
2341
8351
1050
9676
5495
9595
3748
1330
7279
6148
4823
6996
6968
6849
36
6913
7118
2293
8260
6440
7900
2523
6484
3563
9365
3667
1936
9744
351
8611
9267
187
7082
9907
8348
8473
1500
2338
4312
493
5325
6989
10147
4965
3751
3672
517
4145
6846
1645
6151
7890
6494
6971
7276
1490
5115
4307
574
6999
7121
7077
10074
5414
4418
4479
3220
5356
3429
6820
7678
1594
6590
5457
7546
4050
486
4930
10186
7409
3302
4974
3287
5978
330
1584
119
5535
748
8826
9777
3035
9045
1756
3292
3297
2776
1814
6600
8215
216
5462
4421
667
7406
2663
1907
2567
4377
10325
3527
7613
7717
2204
10050
7549
7681
6415
6067
5359
3426
10106
7783
9613
7507
6017
5981
1540
4476
6072
7722
3532
2572
6534
1759
1912
4382
751
2779
672
8829
6022
7512
69
7793
1477
6247
1521
9486
10236
2457
3550
899
8046
2978
9172
7090
1958
7825
2094
7154
871
946
2414
9028
1711
6205
4906
4211
7921
1376
7216
7877
3805
2356
889
5776
8810
7100
6252
8264
2462
1482
7882
8545
9827
2535
2084
6035
9550
637
1379
7219
2040
7963
4762
4909
2359
7143
1518
2981
1013
1961
7430
949
3017
8049
5663
5567
896
868
9031
1708
8113
7918
5204
9148
3067
4208
1063
3410
3022
353
8405
4757
491
9149
3072
7034
5779
886
5572
8699
9885
3840
3449
9629
3513
7627
7723
221
9715
6310
3944
5370
10067
3164
463
4339
8671
5080
3607
8752
6023
3703
6764
2742
4263
6558
7632
1304
9628
8689
1770
8747
3612
2737
733
8835
113
2845
312
301
4336
3953
9230
9690
3347
9522
10174
2985
5765
3446
3894
9671
9920
8696
8668
4437
10195
6561
63
3352
1365
4555
8686
4442
2995
3884
9317
3315
4107
9415
4580
1436
2370
8197
547
3023
10072
10211
5742
6984
8192
1027
9154
8127
9579
6489
8973
2000
7836
7141
248
577
65
6326
1337
8187
6994
1032
6471
8202
9601
5737
5845
117
4465
4112
1342
6853
9843
8320
9578
6499
8132
7058
9812
1990
7839
115
2765
6329
5985
1934
6486
8867
9371
7450
1850
6387
6402
7685
9180
7138
1439
9390
6496
6468
6844
8872
5995
6940
5055
67
6397
6392
7274
7695
7061
6057
9182
4173
1
9392
5401
3450
2557
492
2653
3839
1621
1577
1673
8700
657
3138
5079
1791
4340
9987
6738
535
4992
5369
4997
3685
6309
1582
662
1769
2562
5233
8690
5391
6062
5002
3274
529
3695
4987
1801
2435
8445
10112
4394
6306
5398
5366
7315
1618
8107
5076
3836
3141
3003
1007
4735
1788
4847
4127
6741
10041
8634
5467
2644
9810
8112
267
4384
5388
9443
5472
4132
4852
1012
1798
1766
1494
1971
9922
7347
1151
6645
1846
2369
326
4651
4579
4772
7953
1053
9692
9520
2401
2077
2121
3057
10176
1999
7446
5557
5653
9232
6490
7894
858
9767
4767
6936
9244
5435
1484
7352
8243
1989
5562
2233
6500
8319
7884
2391
3062
2082
244
10152
7449
1968
1996
206
3723
6003
7513
1044
3627
1148
4648
5644
2467
9485
6330
10011
7840
4576
2366
2398
1440
7703
7607
2118
7944
1913
7164
861
10107
1849
8254
6434
2472
10153
3632
1986
8316
7612
343
2388
6939
1324
4228
6819
5224
3430
6743
3219
1536
4480
3963
1728
3143
9011
3918
8658
7410
4929
4049
9569
6589
5755
4113
2375
4565
1355
6571
9568
6599
4244
5248
8425
7550
4231
4926
4046
9381
9191
419
3825
6586
9731
5037
6225
1731
9008
9886
609
6754
3921
3216
1539
8661
7805
3877
9170
3154
9634
6816
10234
9398
9716
5360
2780
9552
1760
5042
425
6596
6568
4253
9399
3882
5251
8830
3717
3613
7527
7089
438
900
3549
8857
3681
2755
3406
8174
6982
1775
9207
3507
10158
6183
2224
2036
7426
10066
3783
1927
6977
7021
5015
8862
8809
7099
8238
7532
6458
3722
890
2248
1932
7071
5375
3793
311
302
6193
5065
3512
9753
950
7429
10184
3678
9698
9416
2360
4910
8393
9334
2039
380
9933
1380
7220
3409
10277
7302
4537
834
4633
7287
9681
7086
9259
1133
9431
3546
10252
91
8050
9699
4455
7018
8383
2251
6461
8241
8806
9258
7068
7096
222
5780
4542
7292
6374
7297
6863
4332
7667
7563
6081
5305
9623
6117
6365
8639
4371
717
2649
2581
2617
681
2713
3900
1561
10036
4399
2787
5967
469
783
2802
5147
8631
10326
9507
8885
2503
2622
3890
722
7751
633
6122
4327
7672
8895
102
4389
2797
5152
3276
475
793
5972
2792
5074
6078
6770
5364
2578
6304
4396
3950
4368
7255
5873
1558
678
3170
2646
8636
4497
8628
4492
108
34
3834
3279
4386
7748
2935
1764
8945
4803
8165
4487
1310
4502
963
8137
5802
2147
10321
5787
2967
7169
9131
5503
1844
8013
7949
1496
1468
7896
7868
2305
7201
2061
1392
3117
1049
7444
1113
313
3081
1397
5617
9848
5713
918
9573
8063
5581
5649
1940
1486
7280
1329
5792
6934
2972
8142
297
2152
5797
9849
6439
8259
5622
7191
7886
1402
6850
1387
3122
462
7453
8923
5646
1046
10005
7899
9128
1994
825
1471
9872
9491
9312
6990
7198
7871
7166
214
2058
1499
7946
3078
921
2873
10226
9470
6342
2364
5578
1853
4574
877
7889
8314
5935
1984
8256
6436
9817
1326
6337
882
7635
7000
59
7188
484
1489
8508
9930
1534
6912
5585
6759
10264
5226
5931
573
3159
3085
9666
8718
3242
3858
10190
9532
2210
9604
5815
9220
4053
507
55
1415
7175
10100
3095
6907
5595
352
6540
4246
3237
6123
9185
9277
8511
3463
9375
4980
6584
2623
2727
4044
9725
723
4924
5928
8721
9619
1600
8573
6814
5229
8677
3156
3861
5420
3214
6756
6594
1820
2732
4313
4249
57
7733
9618
8682
1590
839
5210
8917
3657
8881
8176
9366
3404
3553
44
9482
2815
2585
685
7424
2034
2931
2226
6085
9880
612
10294
6961
6518
3662
4955
7040
6379
8922
6095
2595
6708
695
6482
2229
8878
1252
9073
3265
26
2100
7160
8027
9854
2420
3544
1127
9675
3123
7084
341
10071
9425
2928
836
9327
5623
8179
5727
4007
53
8032
6958
2090
4515
408
1247
6521
9596
6477
8270
5732
4012
6376
4705
6711
1205
9143
8804
1132
7094
1042
9152
1277
8991
1321
6447
5642
2257
7390
294
6346
6609
250
7942
6452
5637
5533
9001
9591
8464
2262
2838
926
8848
1282
9043
3033
9241
9857
1037
9119
9570
3574
7937
560
8213
8969
7400
2139
9324
8149
550
2665
6606
487
6413
8988
6349
7615
1318
7785
9168
7130
193
571
9400
10232
8966
8998
8851
8146
2124
2841
2136
7334
217
10233
9116
9473
7795
9169
929
9054
9895
7109
8799
7823
4279
3386
6203
3502
3487
6664
2642
5257
8652
3803
8771
4170
9274
4950
3396
3368
5139
910
4074
1670
8789
8619
5838
4834
2637
2533
8543
10237
8647
5262
3492
3497
12
6033
7145
3327
7965
10182
4890
9700
6630
1015
8115
18
7307
3389
5665
4276
10205
1065
10104
433
8796
7106
8768
8554
8403
4900
3371
9523
8616
3332
10183
5841
5136
8786
9260
9607
1624
3399
7312
9496
3515
7725
9736
6427
9814
1236
1811
852
6526
3705
6289
6025
5012
8710
7358
6432
10217
4265
5676
2218
5411
1076
6271
9303
8520
9863
6299
735
5007
9038
3048
7976
2843
8833
10081
5548
4544
2919
847
3955
6286
4662
9351
7250
9809
8102
1162
6529
8087
2182
987
1808
8232
7024
1002
1239
2983
5763
604
6880
2030
9808
7361
2177
8092
9582
2221
2916
1157
8097
4657
6296
6268
4553
4404
5408
1874
7979
2854
1363
1079
631
7474
3051
9041
8960
997
9956
992
8227
5551
5679
2993
3249
3313
6720
7778
3025
8975
9518
6510
5044
504
3924
6048
328
523
2548
8538
5919
3980
4463
8726
1504
5843
648
4214
2676
7904
5218
2009
1656
6855
4156
4861
2411
9519
1714
5983
2763
767
10154
7781
10130
7817
7683
9651
7587
371
4237
7602
5182
546
3246
6051
4159
7822
8541
772
5993
2679
2551
651
2006
1659
5221
5916
5177
8729
5053
7597
4858
7693
9632
5854
9504
7592
2408
4242
9928
247
5605
6892
8488
4632
6897
7263
1261
3105
2317
88
2281
160
8331
566
2190
5750
8372
6344
9218
980
1223
3648
2322
9585
9929
9235
9059
4723
6902
924
4627
8498
8466
9337
6887
1350
9942
2129
8367
9219
2200
8153
3576
7339
8080
6947
9762
6167
8491
7555
1258
6604
6353
1842
2278
3767
7442
8328
5345
1837
82
3772
556
7336
3579
3651
2134
6172
2126
8144
6952
1745
8501
8964
9204
9056
10161
8469
1610
2870
9114
9620
7437
9901
8740
3384
2750
10318
5190
521
7465
9196
111
705
400
6698
6666
1865
2605
5132
3852
5281
9543
6105
5317
9878
163
7580
4076
3394
1629
5200
6135
1641
5322
3847
8559
5127
9879
3735
9637
4141
4836
6688
2345
8335
955
6669
8794
7104
8055
6701
1195
61
4274
264
4695
3987
5278
10199
4002
282
6773
8614
2110
4839
4450
5870
8556
3173
1638
3997
4685
1626
3992
4079
8784
3340
5134
1185
6691
373
4138
1234
5285
7029
3455
803
3542
2807
6524
8905
2483
10059
3910
7479
2158
1074
7418
1178
5295
4678
5674
1530
4546
7930
2493
6240
8460
607
10303
7974
3537
3633
2859
2812
4409
10267
1879
9345
4722
9764
4015
9247
2323
6284
1222
7382
4065
8273
4512
1300
5525
4793
7026
2052
2856
2161
1217
9223
7377
7421
1181
6675
1876
4406
6294
10167
9070
2914
4549
4681
4717
4613
9683
2047
4783
10076
1290
191
7476
9020
9913
4507
5807
3253
268
10089
4042
9452
6660
5483
4882
2285
1412
10335
9850
186
8724
1506
6831
4037
5493
4825
3926
3231
5859
5046
5812
1716
6915
644
10045
4154
516
5158
4877
1654
1407
7906
2295
7211
2674
4921
4216
1552
2525
7757
3565
3244
9645
7010
5323
9468
8475
2004
4143
4219
6828
7909
7762
3480
4963
4430
1719
3228
1547
1643
9469
5113
431
3929
5049
5856
5161
8570
1509
9984
9383
9173
4918
7208
5914
6363
3757
5303
6874
10222
1296
1268
7565
6157
2715
7030
9308
158
9868
785
90
9088
2505
8883
281
7244
8954
1529
6162
7228
9309
9016
10223
7480
3909
1286
3762
1880
8893
4410
2860
3208
9869
2024
8459
795
6239
9098
6808
9066
7929
9803
8042
1271
9852
7253
5875
1432
8362
9450
9091
5827
1299
942
1427
9314
6236
8456
152
4550
9236
7231
9069
7926
93
8514
9586
10208
410
8037
9157
937
4805
8163
9019
5832
3906
8943
3211
1289
2933
8357
1526
8704
522
9101
6811
7006
6659
965
3382
4532
8588
5505
8015
10200
1115
8818
95
2303
8065
10034
5715
5860
8598
8566
4527
3377
3421
9
3476
9513
4426
6504
8925
7455
9195
8591
823
2827
6714
8777
8821
7009
4297
6656
1855
7542
4292
2875
2832
8601
5933
1720
4429
3479
7910
4220
3418
7633
3974
7537
4287
10307
4302
1510
97
8569
5050
3930
8782
296
5687
5583
5702
2888
1102
7124
3083
9346
1087
432
7987
8002
5749
4055
2189
395
5813
1349
1092
6318
3093
1097
7
9060
7173
1413
5593
2951
5697
8941
2866
2898
2171
1606
5692
979
8079
389
7340
9961
2199
544
7997
2130
7992
3465
9741
5112
5746
6125
2891
2186
7384
9501
6282
725
5
2625
506
1452
7852
8575
9824
9478
7394
1447
6321
6277
10082
3580
8938
8076
2948
4315
2901
5107
2196
2168
7735
99
9163
976
2869
1609
10227
8470
1346
7847
9479
192
3555
7767
8308
5189
4352
781
2813
10123
817
2749
8739
235
2702
5888
683
4884
2687
2583
6624
9646
3442
9760
6083
822
5199
1630
4347
9622
4953
7772
7651
7579
3336
2106
3
6093
3437
5898
5171
5866
2692
4894
8560
693
5951
2593
2697
4446
229
6670
778
9528
8311
9774
3263
9075
3125
5186
5891
8736
2746
5625
4612
9529
5869
4513
4449
10177
4840
2109
9940
7648
4607
4703
904
7576
3339
4080
1664
10077
4164
5168
5901
5196
4944
5948
1203
3781
440
4175
3817
10126
1294
449
6181
6876
1675
6217
2655
7246
6290
3587
3683
3602
7047
10156
1284
6222
9630
5235
2428
455
9014
3822
9747
8709
9264
8956
3693
2920
7052
3597
9904
9064
266
2026
3592
8443
8378
2433
6300
8519
6530
9228
2267
3778
7249
10172
6178
378
7313
9688
6879
8422
4733
3005
51
10253
1240
9918
10289
10173
7980
8516
9689
2431
7924
9229
8454
6234
2272
2029
5680
9919
8706
1524
8959
3904
8381
8417
1080
4102
6547
6643
6719
4087
1828
8212
7955
3250
7004
8758
1055
6509
207
5655
5920
3979
8207
3361
4092
8564
10113
5433
6552
4097
5428
4424
2235
8245
2010
3474
9580
6005
3725
7515
9201
5032
9896
1831
20
6506
8761
7705
6654
6407
5267
327
9388
9178
10095
1915
6716
1660
2680
5027
9554
3358
4160
9389
5431
10259
9179
8730
9463
6412
5272
3976
1952
6745
7126
1172
7327
4672
3145
4751
3965
6837
10064
6610
9702
4115
3307
5753
7389
9923
9120
1353
1604
6842
2864
4563
8438
7332
4667
6258
2448
2373
372
1167
7371
9262
1947
8150
2140
7399
283
8970
3312
9955
8423
9213
1887
3823
6350
1902
9735
7386
2184
6223
162
5744
9495
4748
7803
514
7502
7129
7487
2194
2451
8074
6261
8441
4255
1897
1892
7396
7368
930
184
7492
1344
7497
974
9402
4280
3615
8800
7110
757
1773
2753
1691
6185
9549
6626
3785
169
4191
4886
9997
6638
603
8790
3334
1669
762
909
5140
4949
4169
5013
3795
4444
5448
5373
4201
4896
4868
175
5864
5063
6195
1701
2104
9548
9873
8620
6629
4889
8395
1688
4635
365
3942
2744
3390
8734
5184
1135
6641
9150
4188
8385
9457
4453
9572
4899
615
5451
4946
3400
5194
4871
4198
4166
1666
6865
1698
359
3937
7574
906
7956
964
7709
2048
1843
5504
8014
4508
1919
3541
5656
7519
6009
3729
58
7378
7443
1218
1114
4718
5714
10004
1056
8064
9403
2811
6933
500
8246
421
2236
7454
2051
473
8924
6505
1059
4511
5659
7516
3726
6006
3538
8980
1993
3030
1177
7417
1221
7381
6715
1916
2157
7959
7706
4721
2874
10019
9142
4573
4677
2363
1854
8313
2808
2239
1983
8249
6860
4682
10018
9251
3975
2162
52
7422
1182
1676
6875
10103
7564
2656
3009
4917
9703
7207
1411
4881
4176
2714
4041
6827
784
1548
3227
594
7245
2504
9456
3960
4922
8955
7212
5236
587
109
5811
3232
76
2025
6832
7758
794
5073
309
5157
6030
3710
6303
5363
4878
1408
5874
4038
4179
3520
7730
1551
1679
3833
2659
3006
9996
740
315
8515
5162
10238
5239
1763
4804
5808
4270
7761
8705
4639
8371
1070
9674
3554
3403
5670
8332
7438
416
9424
1139
3616
8120
10023
10286
1020
3786
1262
6625
1838
7423
4885
2282
6186
9855
6891
7970
2033
8399
9341
4631
7150
8327
6869
6901
6196
6168
8389
6948
107
2277
3768
3796
2321
4895
1257
8396
8368
6189
10165
3789
7441
9074
531
3543
3647
9660
9746
7083
3619
1841
1136
3124
105
8497
4636
6888
5624
8492
4628
3799
8386
9300
6199
8487
6898
6866
6171
1665
8502
905
6951
3771
4945
3652
8803
4165
7093
2318
5282
3851
3146
5131
1533
1637
3998
3966
9641
6746
4137
7125
7790
10281
7620
254
9973
4116
9374
9184
9724
4054
290
10144
2670
4142
7800
103
5321
1642
555
3988
5277
9897
4259
3848
5128
6124
9605
4001
9360
3464
4119
2624
6583
6687
7385
4043
6702
724
4923
6749
6813
8574
565
3149
3969
3213
6697
4256
6593
7395
6692
4314
5318
3991
7734
10327
8480
1493
5011
8016
5506
851
1812
8228
1859
7005
7954
966
998
2879
3570
1054
8929
8098
8066
1158
5716
7459
2178
10085
9969
1116
4658
7893
6267
2530
5407
9484
5654
198
988
1807
8565
1483
10049
2234
6272
8244
5412
7883
4425
6431
3475
8088
9968
9037
1119
3047
6004
3724
1043
7514
5008
8926
8231
5643
8069
5547
151
2290
848
7456
5719
1001
8101
6655
1161
1856
2217
2181
2876
7704
969
7357
7943
1914
8019
5509
7163
4661
533
2300
5552
6433
8253
991
9952
9042
3052
318
6920
9245
10330
9347
4830
8091
7362
6428
1323
2222
2716
4174
345
10055
5178
9788
5530
2407
2654
7566
7598
4857
1295
4070
1674
70
2506
786
4020
5879
4862
4809
9015
1285
7588
5234
4238
2412
10299
9789
339
796
768
3273
9065
6680
7818
5181
5876
584
789
9533
4393
8910
5217
2509
9283
7601
3004
120
3460
7782
7569
6047
647
2719
10317
2643
2547
8537
5290
8633
9647
4241
7591
799
8455
6235
5222
7925
4383
2552
771
1525
8542
597
5300
652
7821
4806
6052
3905
7777
387
3614
3129
4700
7941
3556
5629
8173
1200
8060
8992
9587
423
8997
2223
960
1322
5641
6184
9156
9335
404
1041
9237
9861
8340
3784
2350
9079
1190
3335
4690
5865
3794
4445
2261
2105
9002
1317
6451
1281
8987
6194
10159
6110
9076
7938
1870
2610
710
8394
2837
3559
8847
5626
5638
260
7470
4634
833
5185
1038
3126
1134
2745
8735
446
10268
8384
3740
471
6140
5195
6373
6448
2258
2842
6864
1278
8852
7575
5223
8651
8579
2641
8772
6744
3501
3964
5350
9635
3144
3469
7560
4056
6129
729
4114
2629
7739
3491
1605
7308
2865
8767
5261
1750
3328
4243
4319
726
2638
8648
5837
9840
9611
2626
5745
621
3498
3466
2185
4059
6126
6753
3367
9442
3110
3153
8576
9802
5610
8075
3488
7311
2195
4316
10201
5842
4254
5258
1345
3331
7736
3372
975
7466
7498
8059
1199
5630
10029
9800
4699
9440
3130
9080
2349
8339
4671
7153
2093
6106
4752
2413
1951
7367
959
706
2606
1866
6665
1898
1171
9842
4689
616
8263
4075
7488
1189
3311
10028
3736
1888
4835
7372
6136
6841
583
2083
4747
9246
7331
956
7964
709
7501
7144
2609
1869
8336
81
2346
1014
6109
8437
6257
4668
4696
5664
2447
8114
7469
5203
1948
3560
8056
1168
1064
1901
1196
6139
8555
7491
3739
3308
7033
1186
1891
4686
6838
6262
8442
7328
1625
2452
3106
4197
5413
5349
4192
1692
5606
1697
1593
8580
3938
68
2630
730
9979
6130
7559
355
3470
4973
1702
112
1583
1687
8465
4187
10308
7740
4202
10001
9978
349
4320
3575
540
1813
1749
761
4867
10033
7556
4060
6642
2664
5447
7614
3941
2203
118
5609
7784
9461
3109
208
5346
2125
1746
6533
5452
6637
7335
4872
478
9055
7794
758
62
2880
1860
3601
8418
6983
3024
10160
8479
6182
337
2529
9409
8974
3782
9751
7460
8930
2286
3569
6993
4826
5045
3925
1505
7051
3591
3821
6854
4215
2268
7905
2296
3777
6916
6221
1715
6177
9408
5720
459
2289
3566
3598
8070
1933
2526
8421
1120
10285
8377
9414
2427
10013
5510
8020
8476
9336
970
9155
6919
8382
6843
7048
3588
2299
465
3818
2271
6218
4829
256
2432
5855
7273
4069
9709
639
5529
3456
5286
3514
7724
472
8906
3943
8211
5880
4019
3163
4101
5028
6763
3357
6024
3704
4264
6408
5296
5268
1303
9708
4810
4091
3362
9950
6551
6679
734
10334
4545
9636
3954
5427
9714
2510
8909
8762
790
4016
5289
7025
8208
1832
3893
2720
9884
7570
4098
4066
5526
3459
5031
414
5271
6411
8757
800
5432
2855
4405
1875
6676
7475
638
4088
9197
6548
5299
3883
1827
8119
9957
610
1140
3385
8043
5669
7848
1069
60
7464
8001
4640
6278
7149
1864
1101
2353
2604
4903
8400
704
7969
1448
7213
1373
305
943
6104
2167
5108
8937
9362
1019
2947
5701
7991
6870
3395
5773
8942
2952
5691
6134
2172
299
1091
3734
8390
2344
1016
10146
3790
8334
7851
7146
6190
7966
7998
954
1098
8054
1066
1194
6281
1451
6317
8795
7105
2897
5111
3620
225
8116
2892
4275
5698
5666
4694
893
10133
8615
593
6200
7988
3800
2887
9737
5688
2902
219
10132
4684
883
5135
9497
6322
1184
1088
8785
7789
3441
4608
5353
5604
9662
5947
2701
3104
5167
4351
782
2669
11
7647
7543
6345
7619
2691
5172
8823
5952
7799
9995
925
7771
9302
7652
238
4260
2773
821
777
1753
3438
7616
4611
4120
422
6605
161
5892
2698
2666
5897
7403
7554
5344
8312
9455
3970
4348
4473
510
3150
7786
3423
6750
2688
5902
5887
1744
8965
2135
8145
7796
7768
10114
818
180
8307
9115
1920
10280
938
3026
1433
7710
8358
2284
6323
1428
7833
8976
8038
9364
9963
3730
9745
6010
7520
8725
5828
4824
4155
3761
277
6914
2294
2675
1655
6856
6161
10099
8979
3207
5660
6483
941
2524
1060
9097
6807
3564
10063
9092
8361
3245
74
7227
9856
1431
7960
8041
8474
3029
9161
1272
9087
6812
9102
6859
2005
10263
8250
2240
6493
3212
5831
1267
9594
3758
5915
6158
7232
7726
3516
1235
5284
7538
4288
9140
3454
9664
3010
489
444
10188
9606
6026
3706
3959
4531
3417
6525
8904
3381
1075
9783
495
8778
5294
5675
4266
4298
532
3422
2828
736
7975
4014
9289
4291
10249
7541
6029
6285
3709
3956
9539
8822
4333
4528
2660
5524
8592
4064
1680
8693
8597
7729
3519
4180
3378
3443
8817
6674
10131
739
6295
9538
8781
9288
4301
2915
4269
406
8602
2831
10293
8587
8683
5240
5330
6644
8672
1495
2741
627
8751
7003
7895
2306
829
101
7639
3611
10245
5120
5434
1485
8563
4438
8667
4423
7885
5939
10316
1650
7631
9410
9276
4150
9555
3473
4970
3348
2309
1045
8748
826
2738
391
5645
6653
5490
6557
7165
9792
3260
7945
453
6435
8255
3608
9667
4441
10191
5936
6562
7628
1325
3351
7636
5500
4800
7142
8280
1293
6366
6398
5306
5741
2330
9597
6467
8191
8886
3684
7259
9949
2939
1283
8949
9013
9326
6388
8169
8131
1341
10311
4790
386
9710
7137
9063
3275
9321
3694
4111
4620
9948
6472
2434
1031
10215
8444
8896
8868
8201
4395
2490
231
7256
810
7057
7314
8889
6401
4734
258
5738
5309
8188
6369
8635
2645
9972
3640
8899
8128
7062
9905
6391
4385
7923
2500
1338
6233
8453
1523
4108
8946
3903
9265
1028
2936
8871
8166
8198
9367
3301
9798
2816
9438
1774
2754
8175
6086
2225
2586
3269
9781
686
9439
3333
5461
4709
4956
1209
3291
10030
9799
5014
7508
6018
1908
5374
2568
2596
4443
447
4378
5863
4519
668
696
3180
5064
591
6096
6068
3528
7718
6780
2103
2589
3266
3298
689
5982
6089
9293
285
835
7682
8733
2743
4422
2819
747
5183
6099
279
9506
4454
5458
3288
5977
2599
7511
699
6021
4516
4381
752
1911
1206
2571
671
9653
4417
5193
7677
7573
6071
4706
4959
3531
6375
7721
7922
4212
9831
3086
5225
872
274
5586
1712
9734
5816
6360
9816
9494
5754
4758
1522
1354
1603
1707
2863
2374
5568
5596
4564
200
867
10073
10048
7881
1416
7176
562
7917
363
3096
4207
3068
2461
1517
6251
1481
9980
10137
8424
3018
4245
3824
5819
6224
2183
173
5743
9032
7804
2982
5589
6755
1962
4761
552
3089
3155
7270
9353
9954
9027
2193
8160
8073
5571
320
7878
10270
3071
6248
7179
1419
4730
2458
3099
1478
1343
973
3021
1957
1230
2977
5599
3872
1737
7690
6646
1845
7445
9194
2304
6578
5342
2770
5990
288
4941
7700
5436
9717
2
3867
1742
6935
5060
6000
9887
9561
5337
6503
134
3202
3187
8
1995
6802
9112
824
6787
6713
6617
6649
6581
2365
4575
3320
5934
6792
1985
4938
9107
6797
10240
8315
624
3192
10122
3197
7634
4470
3973
5850
5439
6622
8352
5304
4308
9138
2342
6364
361
4739
6873
7078
2990
5770
3686
8884
7319
7243
8953
3000
9139
10022
8347
2337
8894
9417
4560
8446
9315
2436
1370
2023
3696
3668
10209
4311
7316
5075
7254
7081
5365
7117
3689
6305
3747
8612
6967
3835
6147
4736
9540
7122
2850
8840
171
9911
159
3699
8513
9206
2439
8449
9290
6152
10117
8164
2934
6972
1765
8944
3752
8607
8703
9271
3671
3405
2756
155
1776
2814
5482
684
4883
549
7425
6727
6623
2584
9775
2035
6084
5088
8011
5521
5016
5477
4954
5958
4459
4031
5711
6094
5098
5066
6732
8410
7658
4893
694
2594
1111
5376
3810
6210
3264
7830
7085
10304
3545
2912
2759
1572
1779
5091
4362
417
4514
9986
8008
581
5518
5379
559
393
6040
5961
4456
157
2540
5069
8550
451
5708
4028
4357
10134
4704
903
1567
5101
2907
1663
5019
7095
8805
7661
4163
10060
1204
1108
4943
4588
1535
7238
8532
5584
6928
7862
7809
9825
3084
7123
6420
5756
3829
1462
144
98
6229
5814
4818
2482
3094
10275
1414
7174
2711
7857
498
4598
4566
5594
2376
334
8527
1356
2477
2521
1457
8426
1978
2958
7241
4591
2072
6931
6226
4045
4925
7383
5912
6585
5759
3826
8297
6815
2022
8292
126
3215
9766
4777
4821
7806
8220
5907
9833
7393
2708
6595
10090
233
2067
4601
8429
9050
2379
3040
4569
1359
92
4782
2518
8287
1981
5540
153
8302
2961
2017
8045
3383
7826
3241
10198
1375
7215
4905
2355
3806
5932
172
6206
6911
945
9793
8678
5775
9433
3393
6036
8409
2536
5927
8546
4460
2728
124
384
9299
6209
3238
8722
3862
3809
7103
8793
1780
9658
2760
8512
10
895
4273
7829
6908
8681
3857
8549
2539
5070
8717
8613
6774
10315
6039
5380
9298
8406
3174
885
146
9281
8507
5020
10246
362
8783
10292
9659
10116
2731
5133
5355
2932
7264
375
7810
6230
623
6957
3830
10142
6478
6343
10331
1248
6419
8882
7545
8825
9046
9205
1128
1224
3036
923
369
4724
10136
5728
4008
5536
2927
10143
8877
3661
8921
8216
1755
6962
8028
2775
8154
9358
5760
6416
10098
7405
6603
6354
6707
4475
3425
6481
1251
6517
6712
8430
1131
89
165
9359
8143
10241
4011
5731
2133
9331
8963
10262
8219
3658
6522
9584
10210
5539
8918
9316
9113
1360
8031
9234
3039
4570
2380
9049
9644
85
3254
7689
3316
5484
8632
2801
1435
4488
2582
4372
7835
1562
2769
6325
5989
682
6082
4331
7747
5846
8723
5059
5151
8627
2791
5971
5494
4466
4498
9511
9985
7699
6121
240
7752
9292
4153
7671
6077
1653
1557
2621
677
9542
2673
5999
721
2577
4367
6485
4491
5986
2798
2766
3319
508
9776
3243
4328
5324
6650
7686
4144
5148
2003
4501
4964
5968
5996
276
2788
6495
87
1644
5114
6118
7668
7696
5440
10020
2618
5849
5056
178
4469
5913
718
5769
2989
1233
100
5582
6338
10278
1391
2062
7202
452
4740
3082
7187
804
9132
9344
7320
9765
9943
2484
5801
6523
1401
3077
7192
3121
407
1073
7197
2057
136
5673
2999
5577
878
5621
5791
2971
2494
2846
2151
8141
8836
1369
7973
3634
4559
9127
3690
922
6341
7872
4335
9826
1388
6283
2324
8695
8274
1472
4794
3445
2986
5798
5766
9821
8450
2440
1398
1366
4556
6293
7867
3118
3700
2913
881
5618
8839
2849
917
4614
4784
5788
2996
2968
8138
2148
8685
1467
9487
83
189
7824
2415
6204
9012
2095
7155
3270
608
3804
6567
6663
3878
10310
1210
4710
195
4073
8265
4833
10121
6779
8544
6572
2534
3179
9007
4520
10254
19
2085
232
6034
5038
6090
3922
690
2590
5247
8662
9894
2820
1732
4232
5205
8657
3881
3176
5252
8553
8404
700
2600
3917
6776
6100
9982
9556
4960
9377
7035
4227
9187
9275
9727
1727
1623
5041
7067
5415
7266
7298
1595
429
7017
6981
4975
6359
3682
4538
9211
8463
435
1585
7288
5534
3511
4726
1226
7072
1931
3034
9044
9906
3573
8156
8861
3677
392
9266
3721
7531
8214
1815
7022
9838
6356
5820
7301
2205
6414
7269
3090
6978
6457
8237
5590
2247
7291
4541
2123
9677
3508
9839
9325
7333
1928
8159
6535
9427
5600
10032
1229
8858
3718
6462
8242
7528
2252
3100
9053
4729
1420
7180
4991
5486
3314
1797
1792
3256
5329
6985
1622
830
5387
5402
13
1008
5043
3923
1787
5119
6995
1802
5001
7640
9991
4464
5468
5496
4848
4128
9505
5844
257
1503
4969
7903
4213
5397
6061
4149
5392
661
5940
9970
1649
1581
1713
1617
2561
538
8108
2764
6742
5984
1935
336
4988
3142
2310
7684
3259
5326
5489
210
1646
6845
10271
1011
3137
5471
5994
4966
4998
6737
4851
4146
4131
5499
9712
5054
480
6058
5853
1578
7275
7694
658
2558
8111
5116
9790
8279
2402
4799
2122
2387
4652
3165
7260
9771
4771
3945
2486
1972
2329
6765
806
1152
3061
1305
7608
9133
2117
2392
4789
2081
2397
8170
5561
8950
2940
17
3628
1147
3636
7351
1967
8834
4619
2844
4543
4647
2468
2496
2326
8890
862
809
2489
525
3895
5764
2984
7023
4768
4796
6370
5310
9815
8276
15
4616
9412
3058
7611
2499
2078
1873
5558
857
8900
4554
4403
2853
1364
3639
3631
7473
7348
3885
10276
2471
2994
10007
4786
519
6632
7558
3111
4897
1255
2694
2275
4892
5611
3434
3939
8325
5348
5473
409
4344
3330
9785
1748
4887
2684
6723
4902
6627
7310
415
814
7764
756
7561
10040
3108
4167
9562
4947
4604
4353
907
9467
5608
3936
8485
1563
2903
1667
8650
2640
9976
3500
5351
1672
8495
759
912
1751
4952
4172
3645
3490
9820
5260
9272
7471
958
7994
1899
482
2473
2348
8338
1453
9510
5694
7853
4698
4666
5275
8523
6111
1946
9965
9743
711
7499
8058
1094
7132
1198
1166
1871
2611
9912
7984
212
201
3306
1889
7127
10148
3741
7489
1084
1188
4135
5684
1635
6836
6141
4688
464
7326
7468
7496
961
1949
8283
5640
2013
10026
7844
21
1169
4669
8341
2351
1040
7940
2063
4701
10021
6108
5104
9248
708
7397
1444
5903
6274
7392
8061
6695
1868
1201
1896
2608
4773
321
6839
7329
1280
7486
8293
2260
6450
7387
3738
640
7402
1191
6685
1886
3309
4691
6138
9249
5333
9639
5029
3461
5291
4018
9877
8206
8911
3374
5180
3863
4068
4096
7600
4524
5528
5301
770
9638
9993
7820
6678
9394
4240
4086
7590
10283
6546
6409
1733
5269
9706
4099
390
3458
6722
9564
8209
3977
7534
5288
4284
9330
354
4021
8908
3193
6512
9453
4071
10260
5531
6793
9103
5026
5266
5298
4675
6406
4294
3982
6717
8774
6613
4089
2155
7415
6549
6681
1175
10096
2824
6783
6507
3183
2180
2027
9254
8100
1160
3596
3568
7252
4660
2528
9217
6882
8419
9927
2333
9339
8343
8478
8957
1000
8230
2291
4831
3225
7247
7046
8090
6825
2269
3586
2032
6154
3816
990
4915
7205
2301
8962
3754
9694
6921
6216
6877
9338
8603
8354
8707
3571
934
2531
10118
8416
230
10290
10163
5010
8517
316
9406
8481
9280
8034
1424
3599
2288
850
5824
6219
4828
6963
10162
6143
468
3819
6430
8712
3743
7049
2266
2298
3589
7113
6918
5155
8522
3436
8985
2107
7618
9517
1315
4447
2696
2668
10052
5867
4346
4000
7788
3337
4609
287
5872
2686
4452
9791
8995
2112
7798
754
7766
9770
3342
3990
816
7673
7577
3934
7621
4606
2671
5192
4349
4413
5197
2752
8742
5973
2699
3850
5130
7791
3439
445
5202
2747
819
8737
5187
743
7769
2835
8845
7582
439
7801
494
2689
450
5320
1840
5109
1018
1513
7148
6279
7996
7968
1449
9990
7849
10047
1068
1096
1164
4203
8765
7913
1944
8118
1607
1703
2867
7440
9971
4664
863
5668
5696
128
3304
6950
7986
6170
3770
418
7324
6834
2872
1612
5686
1086
1953
242
977
5699
2973
1021
10216
4630
1099
7151
7846
6890
1347
9322
7971
7494
1071
1894
6276
96
1446
10015
7999
8370
9023
5752
2197
5106
8121
5671
9153
2192
8077
1352
1089
6900
7484
2320
9844
5689
982
3365
8082
2187
9807
122
2202
5747
1884
5835
7989
140
9286
3521
7731
3477
9210
3958
4427
9614
9536
1550
6
3711
6031
4526
8567
8663
10265
611
4094
7012
1805
3376
7539
8204
4289
2829
6265
5405
150
4432
3482
7760
4271
4299
7007
741
8572
6544
8779
4084
10101
3518
6662
7728
4040
4286
3379
7536
4529
3961
9609
5024
6028
3708
10181
1410
4880
9782
5810
9608
8776
7355
4296
6657
4268
6404
6553
2215
5264
5545
738
2826
9035
3045
1220
7380
8039
10295
203
3031
3594
360
224
9067
1429
4720
10312
2050
7133
8359
9859
1287
8981
1302
939
4510
9017
3584
7044
9072
6463
4855
1297
9022
6214
5829
1292
3756
2405
3814
9858
346
6861
6156
9167
528
7775
3907
8414
304
3028
936
10070
10231
323
1527
8356
7927
6237
8457
1426
8036
3540
8978
2545
8535
1532
6159
170
6045
5826
3912
3759
7053
2810
8462
6242
2264
5215
6858
7932
9832
1681
6175
1549
10110
2661
1717
1613
4217
5393
3775
9633
7907
1406
9998
4181
4876
4290
4036
9981
7540
1507
5047
3927
1783
3008
10046
5383
4222
9999
9830
7912
7759
5241
1722
2830
9547
1793
8780
3932
5052
5806
588
1512
4300
241
7594
5857
255
1678
4530
2658
3380
4039
4178
5174
466
4879
1409
6733
10272
1546
3133
3011
9459
5238
7584
4234
249
2425
5862
5809
8375
602
9458
7814
7756
764
4719
130
1430
7961
4547
844
4643
6008
3728
7518
1143
5004
10031
132
8040
1963
1219
7379
3536
5661
4509
940
1918
10016
2113
7708
8360
1061
9934
2393
2049
9333
2806
3355
4552
575
2383
6424
5830
9780
8251
527
2241
1825
7958
7032
994
2046
8224
10157
4506
6011
3731
7521
7477
4654
853
4407
1877
5658
1921
7376
1216
3539
2857
8755
7711
10075
2174
4716
9212
1154
8094
1058
138
3760
7482
4
984
6160
9754
7027
8084
626
5425
2862
2809
4412
2238
8248
1882
5126
3151
9003
3846
3494
3971
4745
9711
6751
4837
6672
2634
8644
4610
4121
4077
9320
10214
3999
6563
6667
4258
5254
9444
7365
4842
5316
3484
3989
4082
94
148
314
1723
197
3148
1627
9535
3996
3968
4350
9387
6748
9285
9177
4223
483
4118
9992
3440
142
8653
5129
3849
8557
2700
3913
4261
7770
7304
3986
1632
6255
8435
2445
820
5319
8562
5243
2690
213
3324
1450
8398
8366
6280
7934
3577
635
3673
5110
1839
3621
9749
7439
3791
1138
1034
4185
5634
6886
1685
6191
4638
8467
4626
9411
7850
3769
356
3582
6169
7013
8388
6949
1695
6896
6868
6201
1274
6444
2254
8472
9748
3801
2316
7063
4195
8401
6889
4629
1100
9057
7436
5700
437
9917
3618
9227
7337
3788
6635
1836
1141
8369
8000
4641
10171
6188
9687
2127
2243
8233
5690
6453
2319
8391
9062
6899
1090
9772
7990
6871
6198
2132
6166
6946
9243
3798
3766
5445
4865
7342
673
4874
2721
1657
5878
1553
1404
4363
2677
2573
5030
4157
6073
7571
9282
2511
7599
9975
322
791
8727
5179
8623
4034
4162
7819
7743
769
2682
1662
801
5270
8732
6410
4808
5804
7589
4239
3252
5881
5176
2718
9603
5917
8210
4100
1265
7596
7568
2508
10051
1544
202
211
2007
10324
788
9527
9085
6550
4090
4236
7586
5922
578
3247
7225
9786
766
7754
798
2012
6805
9095
7816
4811
481
3205
7977
3534
5006
9123
4659
5511
8021
10025
846
8099
8928
1159
971
6532
7458
2179
9332
5677
8071
8229
5573
1858
999
5721
1242
2878
1121
3073
496
2053
7193
8420
1077
9853
6527
2270
8089
3415
9144
7982
2804
1082
7183
1237
31
6426
599
989
5682
1463
8585
5508
8018
9477
4504
405
8226
8931
2044
996
968
7461
8068
8096
1861
1156
849
2917
3600
4714
9966
913
2176
10135
2881
5718
7374
1214
1118
6292
620
8815
5009
7863
6297
4656
6429
3820
399
986
8595
6220
6302
6287
8086
3590
7050
2922
8646
5923
728
2636
2628
3496
3468
3844
9705
5124
6128
3397
3392
243
4061
8578
3940
3486
8935
2945
4318
5314
2165
306
3329
5256
7738
3387
3402
7309
731
10291
8787
5137
9910
2631
7112
9541
8802
9291
3994
3471
10266
6131
2885
4282
8503
344
3499
4058
9512
9624
2639
9270
8649
8581
3853
8713
8617
4277
10102
41
3984
2895
7306
4321
226
5142
6315
8797
7107
760
8792
8622
3326
5259
3489
7741
775
9867
7936
9078
8873
3561
167
1900
8364
6352
5628
927
4624
2923
7500
6884
10221
5636
9405
1036
3128
9307
9560
1890
9822
6347
7645
6953
5165
2314
5945
2256
6446
7490
1276
932
6894
1039
8305
9117
9081
7434
4670
1170
9574
3558
5639
1950
2137
5631
10242
8147
9159
10261
8967
1834
3131
6612
5885
7939
10296
6449
2259
6513
1279
377
7330
6840
9122
5895
6607
6703
3764
3310
6944
8972
10097
9158
6164
2142
8152
6479
1313
2232
6418
8983
1249
4820
358
9318
6930
9951
7240
10313
4590
6974
10212
8182
8029
9135
9051
3041
1924
2960
9577
3504
9356
1980
5541
8993
2227
10213
5729
4009
8177
3656
8916
8221
3714
7524
9319
4600
8854
1129
842
6377
7675
6421
530
7294
4415
5975
6476
9813
1246
643
745
2520
9864
1126
3038
9048
5726
8843
4006
3659
2833
29
4534
837
6382
8919
168
5538
7284
2710
10140
286
8218
10218
8026
9304
4247
7831
9296
5090
3236
1515
7915
4205
8763
5232
291
3811
865
6906
1705
6211
5100
2729
9503
4252
8408
7660
6041
9627
2541
8551
8679
5227
5960
9750
9656
2975
1955
6909
7828
6762
3162
3239
3808
617
9025
6208
3157
8676
5710
4030
3363
6757
1110
3874
8411
6038
5034
8010
5520
8548
2538
2726
5833
9829
10000
1386
7902
182
7887
1487
8665
4310
1502
2988
5796
5768
4764
6339
1803
7080
1368
9828
1396
7892
5554
5403
9474
3116
501
512
6263
7897
4558
2074
3670
3054
5616
5786
2998
2966
879
164
2851
2146
8841
8136
420
1497
7344
1492
5799
6336
1327
9147
7172
7952
1389
1052
374
5771
2991
56
6437
8257
5652
7947
9862
1371
7167
4561
876
2213
1332
6555
2969
5789
8139
7353
7604
9323
2149
23
9460
8262
2464
6442
5647
263
5543
3001
8838
5619
2848
3043
9033
1399
1047
3624
3119
6580
3321
3277
5988
2768
2796
25
4984
385
7135
9779
4489
4326
72
7688
9801
5146
5851
3282
5966
5998
2786
4994
4471
6465
9441
2403
2554
6116
1574
654
7698
7666
4853
5058
6054
9612
2616
9524
716
379
10035
4499
9778
4329
7773
8642
3318
2652
4486
5991
2771
4402
4387
2799
7691
4844
4124
2619
27
5848
8533
4496
8637
4468
5464
719
2647
6001
2543
6119
1004
347
7669
6043
9273
78
8104
7055
7701
4940
4392
5061
5149
4397
448
5213
5969
2789
2273
7432
6358
524
1253
9252
503
7271
4760
2042
3412
9945
9763
7299
6976
5475
8323
2037
9141
3506
4731
6725
1231
1926
9836
3020
7427
9914
9224
8161
8856
64
5570
10065
7526
3716
4539
3070
10168
7289
8914
3654
3407
9684
6361
9908
7092
8807
7097
3552
1565
7296
2905
7268
228
8483
6979
4355
10119
10332
1244
6474
261
9268
470
7286
1480
8493
4536
4728
2460
6250
4004
5724
9909
8859
8812
3547
7102
1228
1124
3643
7529
3719
7087
114
8158
1929
8024
9269
3509
7880
3234
1455
2475
8525
6904
1542
7855
5273
9558
670
3178
4380
1910
5039
2570
9384
9983
3530
7720
6778
6070
9174
4133
9559
10282
614
7510
3879
6020
10247
1537
1633
2015
9447
6822
8285
388
10329
3222
3300
2065
6693
4932
6597
4052
5905
6592
3181
3876
3217
4775
6781
8295
6817
10129
8674
6587
5460
6683
2724
6602
4047
4927
9160
3290
5036
7452
2328
5335
1384
9757
3865
6937
4766
4798
2491
5794
6400
811
8278
1852
5614
3056
9203
4618
2076
2469
8870
3114
3629
5556
7447
1394
1847
6390
3641
7346
7609
10166
8134
2144
4788
5784
6942
2964
2501
1735
2331
8190
5740
10288
542
6334
2372
4582
4769
3195
2488
4801
6795
9105
2002
8317
8281
1987
808
9342
4110
4621
7606
2367
4577
874
4673
7413
1173
8200
2153
1030
6615
7349
3626
1992
6785
434
5559
8130
1997
8322
3638
3059
3185
9937
2466
1340
2498
4791
2079
4986
317
5491
2794
3261
8345
2335
4324
5328
3223
1648
9795
8109
6823
4968
4996
3350
2784
5964
5501
4148
5144
9435
7203
4913
5469
714
2614
4129
4849
6056
7664
656
4440
293
1009
1576
5118
6114
2556
5488
4484
8605
1767
3842
3258
9544
2740
8750
10258
5331
5082
4989
5372
6312
1579
6145
1651
659
1006
1772
2559
6965
3837
5498
5466
4494
3745
4971
7630
4126
4151
6059
4846
5367
7115
6307
4999
9642
5077
5153
10094
8106
3610
194
5121
9823
2575
7842
605
4365
6332
7258
1555
675
6075
6371
5311
5736
6399
8186
8891
1442
8625
9164
7745
3630
8126
8869
2470
1336
6327
10228
590
7837
9640
1437
4106
7610
1026
2938
10145
8948
6389
8901
8168
8196
4770
7074
7261
1263
5739
8189
613
5308
4304
9328
6368
6396
6492
586
10243
8888
6497
275
9083
9946
7350
9361
1029
8199
9329
9835
6386
7223
4109
2080
3664
1339
9093
6803
3060
269
3203
8951
2941
6502
8898
8866
8129
8171
5560
6487
9125
828
2736
8746
5575
2311
7195
2055
284
9773
3075
3413
262
3349
8110
3606
5938
4934
7185
10178
1010
4439
7626
4850
4130
9340
5470
7638
8702
8583
8687
1465
831
3452
497
9301
9278
915
4990
4342
2308
7865
183
8813
6574
572
8749
2739
6060
10164
7629
3447
8692
2560
9617
8697
4436
8593
660
1580
5941
513
3609
4337
9661
9279
7641
3346
5000
1382
7222
4912
4759
2362
5925
3091
9847
5591
952
8052
9804
5821
5777
7300
2163
9162
3019
947
2943
5601
10080
8933
2704
2357
1421
7876
7181
7217
1377
4907
3101
2456
9313
6246
1476
227
7290
3069
4540
5782
10207
2514
5569
8047
6980
3088
8505
902
6924
2883
4584
887
5588
7234
5818
4814
9819
4756
8715
3855
892
3720
2893
7530
897
4594
8860
5598
5566
1418
7178
6249
2459
3098
3066
1479
6313
7879
3510
2954
1974
3016
307
9818
1930
2777
3268
3296
1757
773
2821
116
9508
7552
8875
5362
2925
6091
2591
8827
691
9509
6069
7643
7547
7719
5456
3529
4961
6955
2569
5040
3286
1762
1909
4379
4518
2782
8004
669
5514
5943
2601
8832
1208
1104
541
5163
3880
6019
7509
701
376
6101
5704
4024
5357
4708
3271
4482
2818
8303
3432
6088
5084
9250
66
166
7412
3299
2588
688
5883
6515
9436
4958
3427
9514
5954
9796
4477
6016
7506
4521
4376
2598
2566
6705
3289
1211
1906
7407
666
7654
698
5893
6066
6098
5094
10105
4711
5459
7716
3526
632
7318
1615
9208
467
6173
596
3773
5395
569
7079
6340
3691
39
8184
6997
4309
4738
6992
5734
1785
3669
5385
1334
8124
45
9209
8194
6987
8451
1795
2441
7002
1024
4104
3701
880
10139
6394
4306
7321
7277
47
7076
5800
1942
6735
329
3688
9697
3135
6847
1390
4741
2150
9610
9841
9257
8140
2970
5790
9355
7282
9136
6384
2423
292
9214
3120
6852
8864
9924
1400
2438
580
8373
8448
5620
335
1937
3698
3666
3172
4645
3952
8744
2734
6772
1965
6651
6579
1145
10044
4490
2395
543
1307
2115
4936
5441
3353
3604
9567
6767
3947
9462
3167
4500
1312
2385
54
7624
9860
3902
3887
618
1823
9295
6648
4330
9397
10002
6576
43
855
2800
8753
5438
7670
4434
6120
720
3892
9874
526
2620
3897
5970
2790
9655
3344
5150
4939
5423
2087
2422
4743
6228
7162
2102
9005
4819
1250
3828
33
6480
8267
196
5761
4589
9769
7239
6929
7808
7363
1979
7874
6565
2959
2706
4571
7157
2097
2381
2092
2417
1361
8030
4599
9768
1130
2516
629
8431
1474
6244
5730
4010
2454
8272
7236
4586
6926
6231
1725
4225
3831
5212
7037
10151
5758
4754
3915
4816
8655
7811
5207
9903
8920
3064
7042
3660
9752
2378
10083
2443
5564
4568
4596
6253
8433
1358
2519
5245
8428
3014
1976
2956
2709
9263
1817
10124
2761
1781
5089
4982
9988
3675
3294
4183
5422
1602
436
1587
1683
37
5516
7659
8006
5021
9989
10319
4977
3284
4458
2730
9464
5454
7015
1822
5099
5959
5706
1592
4026
8680
5071
1693
1597
4193
7065
5417
9553
5381
1106
2758
1778
6910
49
6537
6633
10297
2212
3240
5086
511
10273
502
5018
7504
6014
8235
1109
6455
2245
5956
5709
4029
4461
80
357
35
3524
7714
5096
5068
2207
181
6064
5519
7656
4863
664
8009
10053
5378
5443
1904
2564
6542
4374
