26
32
4
33
61
77
47
23
47
71
62
69
62
13
11
21
48
26
31
48
22
78
22
49
22
5
40
5
51
21
50
21
39
78
2
21
75
6
40
49
2
8
10
8
14
71
72
71
3
51
74
68
67
15
67
1
41
30
38
37
53
27
53
59
53
66
53
30
37
7
42
68
70
68
72
68
2
42
50
20
19
28
1
68
60
15
60
19
27
47
30
22
30
29
30
36
30
70
15
39
76
49
16
78
29
75
29
16
29
31
56
38
56
28
56
63
56
32
55
61
55
60
55
44
55
73
14
4
13
0
39
3
70
31
54
67
54
37
54
44
54
72
69
73
69
13
12
9
12
0
62
43
67
43
64
43
65
43
6
51
38
52
60
52
65
52
66
52
41
72
23
72
1
10
34
44
41
77
74
46
50
46
48
45
76
45
42
73
7
50
21
23
18
23
40
18
78
18
61
57
62
57
28
57
59
57
74
63
20
63
76
17
47
33
25
33
36
33
32
58
27
58
63
58
64
58
46
19
45
19
24
19
22
25
29
25
45
25
24
25
19
26
25
26
71
34
30
34
69
34
25
59
33
64
77
35
48
24
75
24
17
24
23
36
35
36
4
65
8
9
3
9
34
66
