32
26
4
61
33
47
77
47
23
62
71
62
69
11
13
48
21
31
26
22
48
22
78
22
49
40
5
5
21
51
21
50
78
39
2
75
21
6
49
40
8
2
8
10
71
14
71
72
3
74
51
67
68
67
15
41
1
38
30
53
37
53
27
53
59
53
66
37
30
7
68
42
68
70
68
72
42
2
20
50
28
19
1
60
68
60
15
27
19
30
47
30
22
30
29
30
36
15
70
76
39
16
49
29
78
29
75
29
16
56
31
56
38
56
28
56
63
55
32
55
61
55
60
55
44
14
73
13
4
39
0
70
3
54
31
54
67
54
37
54
44
69
72
69
73
12
13
12
9
0
43
62
43
67
43
64
43
65
51
6
52
38
52
60
52
65
52
66
72
41
72
23
10
1
44
34
77
41
46
74
46
50
45
48
45
76
73
42
50
7
23
21
23
18
18
40
18
78
57
61
57
62
57
28
57
59
63
74
63
20
17
76
33
47
33
25
33
36
58
32
58
27
58
63
58
64
19
46
19
45
19
24
25
22
25
29
25
45
25
24
26
19
26
25
34
71
34
30
34
69
59
25
64
33
35
77
24
48
24
75
24
17
36
23
36
35
65
4
9
8
9
3
66
34
