2841
2644
460
744
1504
262
1701
682
681
682
998
682
1471
521
2201
521
1946
2669
380
2669
347
353
340
353
2049
491
2066
491
3380
2897
96
108
119
108
2898
2881
247
3403
1188
3403
248
3403
2167
1308
2750
2406
2598
2338
1104
1264
3026
1264
610
613
977
613
196
141
95
141
730
1296
255
1172
1349
1172
232
1172
2614
1729
2241
2350
499
2117
298
1326
980
625
624
625
32
81
709
761
892
1777
833
1777
1666
740
300
2774
2612
2739
1747
3093
3125
2999
3427
2999
2342
3021
2889
3096
2393
3096
2904
3096
2243
249
3128
748
2191
2185
3404
2507
2570
595
1686
595
3328
595
2586
595
3013
595
2669
3237
338
3237
288
3237
329
3237
3268
3237
412
3237
2035
3237
390
3237
378
3237
461
3237
1315
3237
547
3237
2374
3237
1646
3237
372
3237
2542
3237
1945
3237
2279
3237
2841
3237
2667
3237
351
3237
398
3237
3100
1683
1018
1683
1017
1683
3321
446
903
446
2142
446
1083
446
2882
446
2147
446
483
498
479
498
210
130
583
1260
2290
1260
713
1241
1963
1675
2133
1675
242
2411
1207
3060
1398
3222
715
3222
385
3222
884
3222
30
113
1991
2173
960
2173
2718
2173
2236
2354
2237
2354
403
1539
404
1539
1695
2574
1697
2574
1707
2574
654
1612
661
1612
882
2539
1154
2539
3148
2725
526
2553
330
338
401
406
2589
406
696
707
3019
1684
258
1742
2624
1742
2760
1742
357
3423
3196
3423
580
1809
1139
1809
3071
3178
2869
2461
2111
2461
1031
2461
343
350
2894
2556
3334
2556
2572
2556
708
881
3336
2924
3072
2353
2289
455
1283
455
3359
1986
1418
2650
1677
2650
273
2262
2978
2756
805
1200
1359
3415
2512
2416
2512
2137
2135
245
2753
2912
610
3345
610
946
610
2911
610
2486
2174
2312
3260
2700
3260
3305
3260
405
411
2137
1680
939
743
2981
743
2729
3369
2600
3369
2732
3369
623
2845
347
354
340
354
3205
3293
1035
3293
729
3293
2705
1968
1466
3349
461
1928
2493
551
3089
551
3135
551
2001
551
3372
551
2399
551
2219
957
2255
2984
2773
2984
1907
2984
3304
1263
1104
1263
256
2249
2305
1147
2176
2170
613
614
560
3296
1213
2069
572
558
556
558
2605
1352
2605
1352
3043
1352
81
69
147
69
2465
2301
2560
2301
982
622
3003
1391
3053
1391
2691
1391
1462
2182
2154
599
3092
599
2136
599
2878
599
302
2520
691
1421
3387
2734
1358
592
1642
592
1843
1800
603
1800
2295
1130
652
1130
443
1229
3361
1672
2631
1450
654
1615
2067
1615
3425
1756
1489
1756
3315
2468
799
2468
3199
2468
2062
1506
777
1506
3346
1438
207
206
56
206
175
206
153
206
1499
265
3162
1398
3161
1398
845
1346
3174
1346
469
1346
645
1346
1189
1346
896
1346
1344
1346
519
1346
1217
1346
893
1346
1096
1346
636
1346
542
1346
669
1346
823
1346
1331
1346
3166
1346
705
1346
640
1346
493
1346
1121
1346
576
1346
1059
1346
672
1346
453
1346
684
1346
2166
685
687
685
2289
1593
858
1593
1735
3147
1730
3147
673
1127
3041
1127
1869
2316
2163
3321
3103
2288
1975
1183
3312
3299
227
3299
3284
2829
897
2829
3331
2318
3054
1623
3288
1623
1695
1097
1697
1097
2201
3084
1483
2629
734
787
1040
787
2874
787
2150
1134
1284
1134
208
147
2075
1804
2073
1804
1455
1454
2617
1175
1425
673
1371
1511
3212
1511
2912
976
946
976
870
3393
1173
3393
1057
1624
1379
1624
1460
3195
1499
936
415
1594
2291
1594
93
66
1312
1566
3295
1566
3143
2562
1029
2562
1474
1184
1110
2811
901
2811
1279
2692
995
2207
94
173
163
173
127
173
301
1303
1637
1302
1637
3423
2762
1425
674
2502
2611
3282
2031
675
2031
2284
1133
1086
1133
1096
1803
576
1803
2705
459
1028
459
2885
459
1029
459
1873
459
566
1355
1992
1453
996
1453
2002
1453
3033
1453
2956
1453
3195
867
3027
867
725
867
607
867
447
1871
293
2935
2232
2960
2007
2960
979
978
1299
2455
2770
1745
806
1745
2098
1620
877
1620
2131
3210
2309
3210
1115
1590
3054
1590
2929
1180
1459
1180
840
1079
887
1079
753
2993
2252
3099
2253
3099
3133
3099
726
452
2319
452
1030
452
447
452
2014
3121
732
3121
1342
3121
307
3121
271
288
499
789
2310
2132
1442
316
2577
316
2575
316
324
316
2496
802
1477
802
2224
802
2671
670
728
670
466
1647
2375
2265
106
169
100
169
104
169
595
3284
2775
2996
2264
2996
316
318
289
318
844
819
1189
845
1217
845
893
845
1408
845
542
845
823
845
493
845
576
845
672
845
733
2013
2982
2013
3001
1162
3003
1111
3262
1111
680
1054
1275
1274
1358
2822
1841
2822
349
2637
344
2637
724
2698
2584
2698
1848
1534
389
1534
2356
1902
329
2837
3409
2622
257
2622
131
146
129
146
1498
1497
1871
2880
2495
1889
216
185
79
185
226
3035
3139
1906
3139
272
450
1919
1872
3307
2126
3174
396
1527
386
1527
2460
1106
1652
1106
1409
1106
2494
1038
856
1836
862
1836
741
1149
2418
1270
2513
1270
2417
1270
3133
2247
3155
2247
664
1665
695
1417
2339
1050
2934
1050
3350
1050
3356
1050
2344
1050
878
1530
2293
1530
2331
3061
1717
3061
3093
2968
1747
2968
175
41
2099
1012
388
1012
1751
939
2256
939
2188
2163
444
2025
2955
3112
2954
3112
3370
3112
3171
1995
963
1995
1180
771
970
771
971
771
2122
1767
1085
1767
3341
903
2192
3020
209
207
119
207
2507
2196
3006
2196
2963
2196
2102
586
585
586
3141
2493
237
2208
3331
2164
1482
2496
504
532
1411
532
881
2651
904
2651
1169
3107
3137
3107
743
2010
2244
2010
1059
2272
684
2272
1902
2226
2414
2226
3386
1369
2552
2052
2386
2052
2858
2052
1897
2955
1742
3384
2619
3384
2508
1479
2235
1479
738
1479
3418
1479
3150
3409
2576
2460
1895
1887
701
904
1345
1701
3015
3312
228
3312
686
1053
352
1951
1361
1273
1361
1273
1692
2141
2170
2160
2173
2903
2175
2903
527
2059
563
568
1046
568
2085
1533
1197
1533
2695
1435
2493
3153
2177
3153
3372
3153
2399
3153
776
2906
911
2014
56
1857
1958
3416
3156
1748
3156
918
2578
3149
1557
3082
1557
2611
3343
2329
3343
2195
3343
3376
3343
2410
3343
2918
3343
1428
900
1108
900
1105
900
666
2778
2078
2778
1893
1718
2949
1718
1702
2872
30
2483
1688
709
3261
1888
1716
3154
1716
445
856
3170
1285
933
247
1410
2434
644
2434
776
3055
710
3055
1153
2547
3357
379
1278
379
2564
379
1380
1662
175
117
1440
1015
1648
1843
1416
1843
597
2864
2013
2499
2246
2499
2554
2098
883
2046
845
828
287
329
2851
329
1313
2427
3253
2427
3436
2521
2084
2022
1092
2022
3238
3229
859
3229
58
114
1281
2284
2381
2284
2303
2284
1175
1992
1741
1992
3317
1307
2739
1999
2734
1999
2346
1999
2487
2397
2337
2397
740
3007
707
3007
674
3007
1218
3007
3008
3007
591
3007
632
3007
1219
3007
468
3007
3263
3007
755
3007
879
3007
602
3007
3283
3007
1235
3007
697
3007
3075
3007
1152
3007
721
3007
1101
3007
1313
3007
1095
3007
553
3007
880
3007
843
3007
3253
3007
745
3007
1117
3007
277
2747
1144
2430
1236
2430
938
1165
292
1165
2977
1165
671
842
921
909
1961
1649
1678
1649
282
283
873
663
662
663
2569
517
2124
517
1681
517
511
517
1109
1781
815
1781
0
1
1401
3268
408
3268
2908
2889
754
1905
304
1905
3182
993
3030
2908
1708
2908
685
2091
1024
1023
275
731
2280
2462
2280
734
2121
1040
2121
2874
2121
434
433
1014
433
1878
3320
1429
2677
2737
1037
2562
469
1282
469
1704
726
1286
1432
1184
427
2490
427
1706
427
988
427
3395
427
1950
1840
2164
1861
1973
1861
1976
1861
446
877
2489
2329
692
696
686
696
2897
397
987
397
1703
397
986
397
2281
631
1196
631
1447
664
1001
664
283
284
1467
2484
703
708
1052
708
391
1848
3403
2610
688
2610
3377
1024
1021
1024
2730
2716
2945
2716
2198
2716
2000
2716
2214
2716
3071
2716
517
3255
2899
434
2900
434
1706
434
3381
434
3149
1576
860
1576
437
1201
3304
2810
2120
2810
2743
966
2608
966
995
994
458
1282
2924
2713
1884
2713
525
2713
3000
2713
32
1436
2379
59
1273
2595
1361
2595
3129
2595
2706
3012
3013
3012
591
2665
1235
2665
2553
1844
1427
1844
8
193
199
193
2211
3365
3197
3365
2216
3365
2086
2433
2297
2433
906
535
2079
535
761
3162
403
3162
2102
3162
580
3162
426
3162
385
3162
470
3162
3085
3162
794
3162
793
3162
1139
3162
1237
3162
3065
3162
504
3162
763
3162
1412
3162
1411
3162
30
155
1893
3120
2949
3120
3037
3120
1958
2055
1653
2055
1854
2055
2842
660
3200
660
2840
660
2686
660
2033
660
2679
660
280
973
641
2146
641
1444
641
2091
2275
2070
2275
1307
3211
1865
3211
3291
3211
3416
1188
2135
2283
3325
2283
1993
1020
575
1578
1301
1578
657
1216
1019
430
745
2795
1117
2795
2484
3068
3046
2961
1002
1218
820
1218
1448
1218
100
105
134
105
3378
990
243
1175
1466
2222
1466
1176
1466
926
2633
599
882
926
1494
498
3272
507
1524
899
1524
2143
2861
5
72
1497
1760
1742
1741
2619
1741
3064
2636
1113
2636
2485
2912
3194
2912
3373
2730
1340
1553
3039
1553
374
2068
3153
559
557
559
1868
3303
311
2248
1410
2836
632
2836
1417
2524
3214
2524
1701
1969
2586
3306
2075
1537
2081
1537
2864
2833
1291
2833
2568
1057
611
1410
236
3268
1929
1278
1277
2774
2261
866
2261
935
2261
1745
2240
3417
2240
2969
2240
2993
3424
2261
3424
2519
3424
3434
3424
937
3424
1163
3424
1164
3424
3435
1490
794
1826
2100
1826
2043
1520
2062
1520
565
1796
1642
1796
697
2445
3111
2445
2729
1883
2600
1883
2732
1883
519
1808
1331
1808
2741
3377
961
3377
962
3377
1300
1764
1348
1764
408
412
2209
339
322
339
2404
339
2862
2035
1845
2035
1406
2035
3177
3080
34
197
477
1351
373
3357
2914
1875
682
2086
2981
2244
2765
2244
2256
2244
2015
2244
1042
552
2913
552
1451
552
2728
552
2552
1358
2386
1358
2858
1358
305
589
1414
3065
492
767
492
3276
749
2383
749
2130
749
1487
248
1200
907
924
2989
2734
1884
2346
1884
2612
1884
2138
3103
1214
3008
900
1763
902
1763
483
499
479
499
240
1853
261
997
681
2178
681
916
2481
2415
2236
2768
2236
1895
2497
2609
2497
874
522
1209
522
918
3158
2234
3106
1739
3106
2962
3106
2041
1606
417
1606
791
1538
3270
1538
232
1171
2943
1171
1994
1171
1039
2167
2594
2167
1708
2167
3029
2167
1487
2243
1320
1515
1957
1515
2568
1413
371
1550
361
1550
98
43
2357
3072
3073
3072
1883
1880
873
1425
662
1425
851
1523
478
1523
864
3280
2752
762
1740
762
243
244
2138
2305
315
2907
3280
1395
1076
1395
440
1395
3431
1493
3133
3157
1404
1611
1645
1611
1894
1728
2132
3214
2313
3214
3121
3404
2011
3404
2212
2339
256
2412
3327
1309
696
1242
544
1554
537
1554
2975
2964
3425
2017
267
2017
413
3361
1391
2546
2283
1078
852
1078
276
2424
17
980
979
3369
2394
754
2972
406
415
612
2543
1420
1304
13
85
221
85
2860
2287
2119
2287
1962
2287
1189
2366
640
2366
3139
3108
2889
510
1311
510
484
510
3255
2032
2079
2032
844
818
1500
319
448
1872
2487
1872
3340
1872
1711
1872
2590
1872
2482
1872
3024
3089
2961
2743
2744
2743
2413
2743
2845
2437
2450
2437
3004
3003
1300
788
1112
788
1348
788
1151
788
1347
788
3285
788
2998
788
1114
788
901
788
1302
788
3014
788
836
788
1141
788
1442
289
2382
289
2575
289
2567
289
2743
3171
2608
3171
751
2746
2761
2746
3047
3006
881
2640
855
2640
14
301
302
3021
555
551
555
3020
555
2184
555
394
816
211
176
82
176
861
3205
869
3394
1047
2855
3383
3368
3009
3368
2607
3368
2253
2420
1085
1256
2118
1256
822
2535
605
2535
1435
1076
1015
1076
2385
1076
58
101
1982
2570
1949
885
914
2702
2331
2390
1713
2390
1318
2390
599
3064
41
128
84
128
34
70
2069
2818
1060
2818
522
1300
993
458
1027
458
2717
458
2322
458
513
514
513
514
289
2673
241
2618
383
393
392
393
1672
2676
2868
2676
2680
2676
2163
451
2157
451
1083
451
1979
451
2165
451
1024
423
1862
423
3346
423
989
423
1447
873
1001
873
2344
3348
2486
1033
3306
2131
2479
2131
2579
2131
3125
2770
761
801
411
801
403
801
404
801
2089
801
2102
801
580
801
854
801
715
801
426
801
839
801
385
801
429
801
1407
801
470
801
3085
801
794
801
837
801
793
801
600
801
722
801
585
801
1139
801
2100
801
797
801
1237
801
714
801
3065
801
504
801
1319
801
884
801
763
801
1412
801
767
801
1411
801
572
3289
736
685
1422
2899
437
1187
437
2739
2181
2200
2181
2403
2181
3091
2181
2346
2181
2397
2319
573
591
2497
1027
659
3308
2384
2302
2698
621
949
621
1719
997
963
997
964
997
2347
997
2940
997
3333
2582
1651
765
1316
1399
3352
2920
2061
1392
2077
2654
2045
2654
1959
2289
1438
424
2316
424
1023
424
1862
424
784
424
989
424
3000
874
889
874
1315
2782
2497
2717
1721
1034
2107
1245
2106
1245
354
366
3031
1671
2544
667
728
667
289
287
271
287
2167
513
284
2415
2421
2415
387
394
392
394
2306
2868
2325
598
2136
598
2315
598
1095
546
3253
546
2908
2393
1351
495
3140
495
2361
2980
648
1303
2980
2749
2418
2749
2971
2749
217
203
1757
2423
3336
525
871
870
1435
1847
1015
1847
2385
1847
1479
420
869
420
475
2549
572
1439
5
1355
1512
822
1512
1704
1030
443
1228
380
390
2877
3264
2689
3264
1119
3264
2109
1143
2300
1143
1415
1143
162
177
125
177
2174
1959
1033
1959
2142
1959
1980
1959
2882
1959
2147
1959
7
8
1697
531
1452
531
1707
531
2710
2893
2710
2893
1154
2051
1093
1386
3104
1386
637
645
954
953
954
953
3260
2271
2108
2271
2088
1267
1160
1267
297
2731
99
60
740
2058
707
2058
614
2058
2301
2058
674
2058
1665
2058
1218
2058
1410
2058
3008
2058
591
2058
632
2058
1219
2058
468
2058
755
2058
879
2058
602
2058
3283
2058
1235
2058
697
2058
3075
2058
1152
2058
721
2058
1101
2058
1313
2058
2093
2058
627
2058
644
2058
1095
2058
553
2058
880
2058
843
2058
3111
2058
3074
2058
3253
2058
745
2058
1117
2058
1317
569
901
569
465
2114
1033
2896
1456
2896
2770
3417
2320
1689
2987
3035
2767
3035
2562
2860
2055
1770
2287
1770
748
747
3226
747
991
3344
2589
1702
796
1702
76
26
214
26
3370
1476
523
3245
1262
3245
3171
1719
3286
1336
3286
1336
1183
3324
2883
3324
2873
3324
2750
2503
781
2503
3348
1368
2736
1368
3356
1368
612
635
3069
3233
333
1952
2852
3236
515
3236
2515
3081
3433
3081
2988
3081
1755
3081
3012
2110
2149
2110
2248
2357
913
2357
1907
2357
3106
3097
2499
2209
1736
2209
2755
2506
2162
2142
1307
1865
1307
1865
3402
3383
766
3383
2034
1774
537
1774
3080
1478
2412
1478
1275
1478
1453
703
3348
703
2736
703
3356
703
1446
2472
12
13
1438
1205
2316
1205
1023
1205
1862
1205
784
1205
989
1205
1115
1785
1114
1785
2305
1148
291
938
2065
1006
1193
1006
21
216
217
216
2309
2557
2379
1112
1047
1112
1883
1039
1034
1039
1464
1039
2492
1039
2131
3045
3213
2814
1291
2814
3260
1161
706
1161
2489
2177
2502
2177
2195
2177
3388
2177
1100
1140
891
1140
322
950
2958
950
1003
1687
268
271
2467
271
2382
271
2567
271
2262
2757
733
2757
279
2757
2626
2757
274
2757
2169
704
1212
704
3347
704
2509
2614
2505
2614
2352
2614
2313
2125
2185
2480
1020
2480
1987
2480
2234
1901
1739
1901
2962
1901
3303
2095
2284
1773
898
1773
62
143
110
143
200
143
388
1011
1656
1011
1679
2113
113
139
163
139
2129
1144
1415
1144
3312
617
2720
617
2574
2688
2309
2558
1731
954
359
954
3342
2709
780
1918
1364
1918
1234
772
2288
700
3005
700
2545
700
72
192
212
192
294
2758
2625
3124
2760
3124
356
357
84
88
205
88
3239
1916
648
656
2871
3297
3093
1888
1747
1888
596
3281
2174
3170
1033
3170
1980
3170
165
162
164
162
526
780
2845
2641
1843
2641
2280
2641
1844
2641
1358
2641
2543
2641
700
2641
2376
2641
2544
2641
565
2641
2848
2641
676
2641
2671
2641
655
2641
2672
2641
250
2641
2850
2641
603
2641
2451
2641
1404
2641
2450
2641
2281
2641
3246
2641
1642
2641
1841
2641
1645
2641
1058
2641
728
2641
1641
2641
1196
2641
2849
2641
2846
2641
2843
2641
1262
2641
616
632
2407
2605
2320
2884
196
171
109
171
96
171
451
1955
1307
486
1865
486
3291
486
467
1643
1869
1862
3338
2145
786
1431
3347
3335
3087
3218
3173
3218
722
1120
130
196
164
196
650
1219
3318
1281
261
2376
2456
2376
515
1090
646
1189
910
1202
2844
1202
1185
1202
2984
3408
2769
3408
899
1579
2094
1579
3373
2945
553
2805
843
2805
3377
1457
2494
863
2350
3024
2505
3024
2228
3024
1730
3146
2459
1849
1050
709
594
709
630
642
2059
1807
3175
1807
116
124
111
124
264
2771
1877
784
2311
1137
2461
1633
3159
1633
1873
3143
2860
468
2119
468
1962
468
28
29
211
29
2595
2328
97
62
2948
2203
2210
2203
1726
2203
222
2378
2921
1705
2331
1705
1713
1705
1712
1705
2186
1705
1318
1705
3282
1124
1336
1094
3286
1094
2863
1094
14
219
220
219
816
1066
1660
1066
1871
2571
1731
376
2927
376
2596
376
359
376
2685
1634
1668
1634
676
677
2671
677
2681
1661
1128
1661
1670
1661
2457
1640
926
3147
3135
922
908
597
1648
2872
2464
3315
864
799
864
651
864
1700
864
559
896
1446
783
2291
1627
1365
1627
3367
1991
2127
775
2551
1093
3254
1093
1353
1093
523
3149
3084
2921
420
2899
2187
2899
2209
2204
2950
2204
3394
1187
1991
1187
1715
1187
655
1597
2849
1597
621
2021
673
1123
2074
1123
580
1782
585
1782
364
378
1842
378
400
1644
3281
1630
3249
1630
594
2685
197
47
90
47
135
47
597
841
527
860
702
1115
2964
3182
1900
3182
3110
3182
459
2122
2756
2508
2972
2508
1338
2508
2323
2156
3217
2489
3034
2489
1903
2489
384
1946
2960
1998
2405
2200
302
2997
318
328
1672
829
2868
829
2680
829
1277
2099
2684
2099
3332
2092
44
308
2981
912
2769
1907
2769
3358
1869
1455
1869
736
1337
1736
322
101
110
133
110
885
2029
739
2029
446
461
1403
461
2249
1477
1275
1477
1858
440
2307
440
2308
440
1445
3004
1454
3115
2751
2744
1687
2128
1004
2128
820
2128
2693
2128
2144
2128
864
798
1286
746
299
2973
3400
606
3400
3359
448
291
292
744
1324
288
1324
1647
1324
3272
1324
2068
1324
1955
1324
1073
1324
335
1324
1956
1324
349
1324
2454
1324
344
1324
389
1324
1953
1324
1390
1324
1280
1324
369
1324
742
1324
3357
2867
2151
2569
2604
2404
333
345
2088
1266
2045
1266
2154
1387
2128
2544
1218
1294
1219
1294
2698
982
619
982
915
982
949
982
894
565
2932
821
658
821
2402
821
1177
821
666
2639
661
2639
259
2625
806
2625
2628
2625
393
403
1314
2674
425
444
2200
3090
2403
3090
3091
3090
519
1935
542
1935
112
74
2589
1975
497
791
432
1320
3
77
2976
2356
2421
2356
2359
2356
2326
1983
3174
2528
705
2528
1229
1081
824
1081
523
3066
637
2848
2599
3198
2599
3198
3306
3063
2479
3063
2579
3063
3120
2400
1058
2825
2846
2825
571
1290
16
190
220
190
524
2875
400
404
1053
2550
1982
1686
2223
2345
2145
443
2890
443
3048
443
3203
443
1017
443
1874
1231
1099
1315
2735
2491
3167
3315
1060
2656
2078
2656
2582
601
2894
601
1693
601
3334
601
2572
601
1887
2322
1998
2322
2609
2322
2334
2322
1377
2322
1378
2322
1388
2750
3419
2750
1714
2487
2605
2176
2193
2176
2194
2176
3043
2176
2603
2176
598
1419
2065
1007
2063
1007
1913
2979
2332
1984
2488
1984
2930
1984
342
2292
1045
1389
2757
3420
3185
3420
2620
3420
433
1402
3152
2299
328
2653
337
2653
2606
2952
2678
3266
1227
3266
2148
3266
2477
1442
1974
1442
895
1509
902
1509
564
1917
578
1917
3329
657
649
657
1326
356
265
356
355
356
3178
3359
2000
3359
2213
3359
614
3263
1665
3263
1410
3263
2093
3263
644
3263
3111
3263
3074
3263
397
400
401
400
1327
1668
1328
1668
2169
2901
504
505
767
505
229
2919
2405
2403
3152
3151
1352
588
3198
588
2400
588
2193
588
2194
588
2599
588
1719
2178
963
2178
2347
2178
2593
2178
566
755
977
616
611
616
2069
1293
1054
1293
1456
1980
300
1323
1231
3290
1972
3290
2471
3290
226
618
3312
618
133
166
118
166
63
166
1299
1348
2862
1348
2475
562
561
562
1289
562
3022
562
567
3304
81
33
208
33
25
942
3177
3046
3177
2110
2523
1118
2523
3335
2310
2901
2310
2902
2310
2080
1932
1048
1932
348
1932
1195
2526
628
2526
372
2834
1308
1340
3096
1340
3095
1340
2384
2377
222
2377
3067
1361
1737
1361
3177
3079
1167
3079
1880
1972
1721
1972
2522
1754
639
879
721
2634
880
2634
920
313
2549
487
764
487
1504
1432
1811
3248
1811
221
201
331
325
2577
325
1441
325
324
325
2989
2251
975
973
814
1067
2296
1067
679
2071
39
112
933
1306
1344
3327
1344
307
2258
2965
549
2161
2314
294
295
3098
1563
3049
1563
2606
2729
1756
1750
1911
1750
1492
1750
1877
3346
2117
3052
842
3052
1076
3052
2110
3052
780
3052
1090
3052
1085
3052
706
3052
2108
3052
1116
3052
1364
3052
824
3052
3265
3052
2115
3052
2112
3052
2106
3052
3116
1500
2104
409
1685
409
1682
409
341
342
336
342
740
1136
1313
1136
1058
1806
1641
1806
3072
1738
2355
1738
92
160
200
160
87
160
357
985
1736
985
2188
1456
2685
2438
1292
2438
570
1343
1466
1445
2709
1445
588
1445
2585
1445
3284
1596
3264
1596
2906
2313
3175
1564
777
1564
3410
1731
358
1731
2621
1731
1187
1186
3287
1608
807
1608
299
2711
390
2792
975
974
3294
1626
3078
1626
934
1752
3415
2772
3415
1909
3415
2722
2592
2117
502
2115
502
1241
3104
2069
3104
1054
3104
1140
3104
1144
3104
3281
3104
486
3104
642
3104
1094
3104
1192
3104
850
3104
2048
3104
666
3104
544
3104
2065
3104
654
3104
1060
3104
2060
3104
2064
3104
1138
3104
2063
3104
1193
3104
1639
3104
2067
3104
633
3104
661
3104
3249
3104
2078
3104
537
3104
1261
3104
1236
3104
1243
3104
3207
3104
716
3104
1658
2662
886
2662
601
897
251
3015
3016
3015
423
752
846
489
478
489
950
3390
2204
3390
2601
3390
1070
3165
3201
3165
1040
3279
1098
3279
512
519
2871
676
1699
377
373
377
952
377
951
377
805
310
927
3417
2966
1483
2966
623
3252
1274
1168
2412
1168
571
3213
2082
1560
3082
1560
411
1541
404
1541
45
209
210
209
1439
3216
2076
1947
3375
970
1383
970
3374
970
2723
970
3344
2157
3404
2963
930
437
1312
876
1239
1655
1239
3089
2342
3135
2342
2001
2342
1901
2409
2182
2325
2595
2325
3355
2325
2183
2325
251
732
1753
650
2295
3424
2990
1488
2990
313
314
3428
314
3055
1405
1503
2871
678
931
258
2176
759
2325
759
774
1222
1013
1222
237
2166
1056
1345
1056
1277
1276
1134
2381
1398
3225
801
3225
588
3328
3411
3396
1329
3396
2081
1536
2293
1536
858
1830
2285
1830
2850
2798
1404
2798
3319
1100
2155
1100
2499
2938
357
2938
2986
2938
441
1582
1016
1582
400
1199
1887
2722
1998
2722
2609
2722
639
1192
2500
2598
2211
2598
2216
2598
71
86
224
976
629
2893
629
634
629
2613
2737
3371
2737
2349
2737
554
2886
2153
2883
1465
2331
1477
2215
2220
2215
2959
2215
2139
1859
2356
853
1480
853
418
853
2414
853
1717
1713
3094
471
1084
471
2504
1467
2613
1467
2008
1467
2231
1467
2351
1467
367
1278
363
1278
6
167
212
167
1892
2193
1099
583
1452
1695
32
34
208
34
1476
1725
2954
1725
562
1104
497
2087
1228
1834
2053
1834
3067
3382
3399
3382
1899
2223
3109
2223
1723
3091
2387
1852
1212
712
1970
712
2161
712
3311
712
2146
639
634
639
1330
3023
2318
1965
3061
1965
2164
1965
761
1797
854
1797
2633
3087
1752
3087
1210
1428
1097
575
1965
575
1678
575
3145
3144
1344
1827
893
1827
37
2423
3169
1910
3169
1859
3026
891
3026
2561
3026
3024
2001
2454
1103
825
1833
1674
1833
240
2224
1474
2490
3120
2194
323
331
2905
331
243
2751
1101
584
3074
584
1303
1607
1220
1607
1988
2166
964
2166
1989
2166
3364
2166
965
2166
969
2166
622
3128
788
3128
1300
3128
635
3128
1112
3128
1348
3128
1151
3128
628
3128
1347
3128
3285
3128
1190
3128
1114
3128
901
3128
872
3128
1302
3128
836
3128
1141
3128
615
3128
620
3128
683
3128
279
381
2752
381
1746
381
3414
381
1089
2551
419
2466
702
850
2614
1710
2245
2237
3277
2463
3289
2842
746
2842
499
906
983
838
1443
838
984
838
284
2016
1492
2016
2676
3287
2249
2220
3080
2220
2562
2119
1995
1988
2256
2515
3293
3291
1890
2190
2588
2900
1336
2089
2863
2089
72
6
2280
2018
2451
2018
2
149
2629
3150
2770
3150
259
3150
3132
3340
59
133
152
133
566
2102
802
832
3375
832
1383
832
1179
832
813
3432
1431
580
2463
580
1287
580
82
28
1683
2678
596
854
3108
1714
1898
1714
3413
1714
837
1779
1237
1779
1238
1658
750
1658
223
3144
1045
1710
1045
155
125
94
125
2569
1651
834
1651
1681
1651
511
1651
1503
911
3379
1699
2713
817
3430
3426
350
3028
1359
3028
789
3028
1106
3028
2059
3028
415
3028
2289
3028
2549
3028
3066
3028
752
3028
2043
3028
2291
3028
2075
3028
1365
3028
730
3028
878
3028
2062
3028
3273
3028
3175
3028
334
3028
858
3028
2073
3028
371
3028
361
3028
2081
3028
2293
3028
785
3028
1366
3028
764
3028
3314
3028
1283
3028
2285
3028
346
3028
777
3028
3302
1692
5
73
212
73
3389
1722
1855
2436
3294
2436
3018
3238
235
1481
2152
1855
2473
1855
2132
715
2380
715
1193
2367
633
2367
558
1371
3172
2286
2909
2894
1282
1962
1056
1213
2168
1213
3296
2044
1421
2044
3284
2044
1417
2044
2098
2044
1432
2044
877
2044
1413
2044
3214
2044
1422
2044
3264
2044
1419
2044
897
2044
1312
2044
1199
2044
1418
2044
1659
2044
831
2044
3248
2044
3202
2044
1374
2044
1332
2044
851
2044
846
2044
402
2044
3251
2044
579
2044
773
2044
1424
2044
410
2044
1430
2044
1433
2044
3295
2044
1422
2647
1705
572
1042
572
146
121
75
121
1650
1225
774
1225
2583
2577
320
2577
3241
723
3228
723
840
723
35
89
3368
693
13
181
201
181
1054
1585
3207
1585
1205
2859
979
1195
2560
1195
2277
2268
3017
3323
573
2048
2008
2504
2008
2504
760
1573
3278
1573
1324
3234
1948
3234
1341
3234
2329
528
525
528
1041
528
2330
528
2195
528
2918
528
825
1257
3179
1257
2347
963
2347
963
1175
2212
2222
2212
1176
2212
3320
2139
1971
2139
1981
2139
3233
2040
1954
2040
1258
2777
2290
2777
568
2061
2692
1077
1860
1077
3160
1077
2176
3326
3051
1949
3243
1949
3368
694
1734
2613
285
286
657
666
2927
367
3401
367
2596
367
2726
367
1840
1921
2040
1921
2938
2927
2937
2927
1724
1891
618
724
224
724
249
835
1485
835
1748
835
2755
2616
702
2105
966
964
1172
2710
1171
2710
1178
2932
2749
3406
2967
3406
2072
1008
370
1008
2333
996
2546
2452
815
2816
827
2816
2722
1026
1290
2813
2097
2813
552
1210
907
1574
2047
1574
1402
436
1019
436
3227
737
2036
737
9
1380
3038
3216
1109
570
1109
770
1109
2921
1042
3144
1042
1710
1042
2742
1042
1712
1042
2186
1042
305
2987
682
690
3422
2765
1755
2765
260
2991
2697
268
2466
769
808
769
1479
3123
3127
3126
2012
3126
3101
1846
3413
1898
3413
1898
3328
2479
1384
3375
1360
3375
238
3375
3174
720
3078
720
573
2043
3435
941
3394
960
2861
1151
1327
1151
1328
1151
3362
3355
3362
3355
2988
3192
2015
3192
1210
2565
854
1158
600
1158
2903
2695
799
1214
3329
1214
3199
1214
3250
1570
2282
1570
888
547
1140
1790
1261
1790
2068
1526
369
1526
2566
1669
1657
1232
2856
1232
2720
227
744
1508
1953
1508
1721
1464
3156
3402
1188
3402
2358
3402
877
1820
1424
1820
1337
1496
3130
2475
1201
1545
1390
1545
2986
2630
1908
2630
977
2887
2002
2736
3033
2736
2956
2736
3361
2291
3337
2291
233
234
225
619
2478
619
1070
1401
2865
1401
3201
1401
2171
2891
2449
2830
3330
589
875
589
839
3300
1319
3300
48
151
2409
2733
2408
2733
3142
2733
352
2080
2943
255
601
602
1504
3436
1715
2179
2583
2321
583
1794
3212
1794
3327
3032
1094
1766
1138
1766
2202
3367
3122
3367
1481
1460
234
1460
1726
1460
2907
1441
2711
1441
320
1441
3408
2233
2965
1735
3260
3242
1229
3242
2121
3242
3280
3242
2114
3242
2122
3242
440
3242
3304
3242
1104
3242
3026
3242
2105
3242
2118
3242
3267
3242
1118
3242
2107
3242
2120
3242
3282
3242
675
3242
793
1824
2100
1824
769
1603
1073
1603
430
3231
3236
3231
1202
3231
444
3231
436
3231
473
3231
464
3231
496
3231
541
3231
457
3231
1203
3231
3239
3231
450
3231
3099
1388
2251
1388
2250
1388
2924
3086
3000
3086
1041
3086
2330
3086
2520
2519
782
2519
2982
2246
657
2298
1901
2501
2138
1416
230
1349
3027
231
3027
1994
3027
102
158
202
158
701
1418
3084
3083
818
1837
1204
1837
497
2084
2460
1107
1652
1107
1409
1107
3407
2234
290
291
1228
1823
3164
1823
1490
2255
1753
2255
941
2255
2259
2255
319
321
1323
321
315
321
1913
3434
761
1793
714
1793
2731
1886
1997
1886
394
2075
1875
462
2394
462
2396
462
1876
462
3048
3100
2697
2467
795
3188
3176
3188
262
2227
2747
2227
358
2227
622
981
380
2083
817
3209
469
1604
812
1604
996
587
2714
587
2934
587
1727
587
2180
587
3424
3422
1484
3422
2992
3422
1911
3422
2618
2959
3354
2197
134
106
2504
2230
2006
2230
298
2994
2201
1717
1355
857
749
857
1855
857
2452
857
822
857
605
857
3294
857
812
857
643
857
3078
857
2973
246
1168
1463
1720
1463
421
1365
297
298
3167
799
1863
2129
848
3286
1276
792
838
792
2684
792
752
449
1283
449
2565
822
1333
822
3298
3283
3349
1868
1453
1868
2709
1868
2585
1868
2282
2028
3056
2028
1374
1556
1430
1556
1844
1815
565
1815
2845
2448
2451
2448
253
2928
3159
1082
887
1082
3402
3042
766
3042
470
1600
794
1600
233
1111
2540
841
2540
763
543
1411
543
1714
2396
1711
2396
2590
2396
2348
2396
992
2396
3353
2396
2230
2408
771
1306
1049
1238
2690
1238
2351
3371
775
2364
718
2364
3400
3059
2615
3059
2135
2047
1680
2047
3310
2047
3309
1070
2071
1250
1481
1169
233
1169
2746
1732
940
1732
538
2426
3056
2426
3228
2643
2421
758
664
679
1056
679
930
259
394
814
21
2411
2740
789
501
2549
501
994
3000
1467
3000
3023
3000
520
3000
496
2646
1751
751
308
3433
3112
3351
1183
3332
2153
3332
2873
3332
2261
733
321
733
2517
733
217
68
22
68
1725
2341
2993
2360
2775
2360
2338
3358
2190
3358
2401
3358
2581
2576
2733
1311
1036
1311
599
1235
3367
2718
1037
2573
1036
2573
2594
2573
3036
2573
1708
2573
3029
2573
1851
1542
1280
1542
3297
1609
3014
1609
1344
1254
1217
1254
31
94
1363
1074
722
2802
714
2802
230
2942
512
518
912
2773
3290
3094
1399
810
3232
810
2350
2602
2509
2602
2228
2602
61
97
271
2670
3057
3327
360
363
347
363
3405
516
1647
488
1334
488
251
252
589
605
2611
3141
3376
3141
2410
3141
3247
2776
1288
2776
55
137
126
137
111
137
2610
2923
3181
2923
3366
2923
2058
1362
2089
548
763
548
1912
2259
3163
2259
1203
1931
1218
1253
3008
1253
1981
1971
1981
1971
2941
967
2464
1073
1363
1073
900
795
856
795
3255
795
907
795
818
795
1143
795
409
795
575
795
906
795
3287
795
2080
795
1107
795
2083
795
792
795
2047
795
3094
795
895
795
2085
795
790
795
1084
795
1197
795
1048
795
348
795
862
795
807
795
1204
795
368
795
741
795
2057
795
902
795
2050
795
417
795
1301
795
2079
795
930
2754
1351
1577
3256
1577
3343
561
1045
561
1043
561
2117
540
1090
540
889
734
2622
2617
2506
2617
452
825
1728
2926
20
188
218
188
3126
1739
3301
2554
2563
2554
2850
1812
3246
1812
354
364
363
364
2048
2817
1236
2817
2891
408
2159
408
1181
408
1182
408
1682
408
387
396
2574
2682
689
697
119
109
10
179
213
179
1224
426
2470
727
1871
1085
3307
1085
595
876
894
3259
2762
3185
1746
3185
2982
3185
274
3185
2737
1036
2731
3392
2204
3392
919
3392
355
3392
768
3294
2690
3294
2687
3294
356
2986
1164
2986
374
2072
3107
1349
1414
730
1234
730
2772
2983
1651
544
1002
1217
820
1217
1448
1217
312
2252
2543
2649
2281
2649
909
3127
3157
3127
1968
465
3317
465
1028
465
1864
465
622
2363
3252
2363
332
341
340
341
1886
360
3392
360
3401
360
2726
360
164
163
3146
3386
549
3386
1735
3386
2334
3132
1377
3132
1378
3132
116
55
374
878
3240
2838
3219
2838
1321
2838
2668
2838
813
3307
3301
765
2019
1092
2019
768
2088
2690
2088
2687
2088
206
58
48
58
1449
3319
2143
1327
339
332
331
332
1441
332
2931
332
2387
2116
9
10
1658
1297
3384
2002
3364
1989
3364
1989
445
2118
602
2831
1235
2831
3079
1384
65
93
2745
2407
3184
2407
3338
2890
2185
3048
1020
3048
420
1474
2872
2866
475
1334
1754
2631
2425
2631
65
132
1913
236
945
239
945
652
653
3269
653
1195
2442
615
2442
3210
1155
1113
1155
1069
1659
1096
1778
542
1778
762
382
381
382
2227
382
955
382
105
136
88
136
3206
2863
2722
2915
3139
1895
1898
1895
649
1003
1856
2101
1224
831
941
3428
306
3428
311
3428
1316
3230
809
3230
382
3380
2314
1380
1381
1380
1733
2500
378
1925
135
154
46
154
3386
1470
1986
447
2716
447
3132
447
2770
3067
2969
3067
1200
839
805
912
2581
1652
3393
1330
2128
3275
764
1776
2285
1776
792
1581
368
1581
2688
3248
2559
3248
2123
3248
645
1191
2578
2382
1754
2382
2360
2382
1694
1279
1660
1221
1013
1221
1993
1987
2333
2714
649
1004
3148
2332
771
650
3057
650
1757
1910
980
2065
991
2486
609
1429
3119
1304
472
3140
472
345
2657
337
2657
3102
3101
65
696
706
629
638
957
407
1894
407
959
407
958
407
2178
2483
405
1198
602
1146
1152
1146
2208
1383
1384
1383
933
1485
2957
956
1279
3267
3160
3267
2048
2809
2060
2809
3198
3342
1458
3342
467
3075
2166
1000
365
2788
369
2788
2173
1858
2960
2609
46
90
2669
1914
647
654
1202
2658
2187
2588
3246
711
1641
711
393
1851
625
628
1732
1375
781
1473
1684
1333
1689
1333
2884
1333
3189
3176
1273
1892
3183
1892
3021
3019
3020
3019
2184
3019
3296
1507
579
1507
2141
3001
3209
3001
1690
3001
2229
2741
3205
484
2197
484
1035
484
2939
484
729
484
3339
484
3426
1757
1759
1757
2964
1899
3169
3173
2632
3173
1752
3173
473
1922
587
768
268
269
2467
269
317
2527
327
2527
421
3202
1715
2153
1233
2852
2469
2852
888
2852
1966
2852
663
1060
3336
1041
25
211
214
211
1152
1159
1117
1159
1312
1943
3202
1943
2556
1655
2109
1655
1863
1655
618
915
225
915
635
2532
615
2532
2915
2705
3017
2705
335
2541
344
2541
1951
2374
343
2374
744
480
1647
480
367
373
360
373
2468
2671
3308
2671
924
923
3290
3140
326
335
2753
2005
1486
2005
2694
2879
647
893
1705
786
12
524
1096
2565
1108
642
1064
633
1064
2072
1009
386
1009
2972
3411
2977
3411
2974
3411
244
942
242
942
3035
2975
1906
2975
377
385
888
1347
842
2370
2108
2370
1454
2317
2298
1126
3041
1126
2557
1152
3045
1152
2558
1152
2497
1721
3182
1721
1500
866
216
184
24
184
241
1482
561
894
1289
894
3022
894
2474
894
235
2948
2461
1636
1657
1636
373
374
983
374
2395
374
924
2483
1691
1684
571
552
571
1689
571
2884
571
1849
1567
3011
1567
2894
2138
1698
2138
2703
2138
3058
2138
1904
2206
744
1948
288
1948
1647
1948
1848
1948
1201
1948
3272
1948
2068
1948
1955
1948
1849
1948
1315
1948
1340
1948
769
1948
1073
1948
1334
1948
1851
1948
335
1948
317
1948
1646
1948
757
1948
1206
1948
327
1948
1956
1948
349
1948
365
1948
416
1948
3244
1948
344
1948
389
1948
1953
1948
1390
1948
1280
1948
369
1948
3039
1948
3011
1948
742
1948
2409
2494
2408
2494
3142
2494
63
92
3163
1372
474
2049
2424
937
3190
937
2397
2150
1030
2150
690
2269
1673
2269
812
1940
643
1940
453
1940
1965
1961
1335
977
3345
977
947
977
2911
977
73
213
7
213
1162
529
2121
529
1189
1063
893
1063
1140
2785
1138
2785
2970
2967
2417
2967
3007
890
287
317
920
362
370
2553
2459
1427
2459
2903
2385
269
1646
3198
1698
1458
1698
2599
1698
2197
483
1035
483
3062
483
861
483
1743
3217
73
199
568
2062
1722
2335
3378
2335
3396
2211
1311
2904
2881
475
1039
475
1088
475
1087
475
707
2373
697
2373
2512
3154
196
51
150
51
38
51
2182
2154
2328
2154
3355
2154
2324
2154
2707
2154
3362
2154
3342
2585
801
1944
2042
1944
485
507
1489
1484
267
1484
3012
3276
1336
892
3286
892
3206
892
474
899
1655
2827
827
2827
2633
2632
432
757
1665
2441
3111
2441
131
148
364
372
114
200
133
200
922
509
3273
507
1768
1663
1768
874
3302
2870
1153
2916
2159
2114
1915
2115
1915
244
943
2740
943
2413
943
648
655
1325
2913
567
2060
2676
2041
1468
2916
1112
2832
1151
2832
932
2627
2141
1374
817
1374
1690
1374
436
1923
1905
1480
2510
1480
3055
3054
128
172
53
172
202
172
2504
3385
2008
3385
2864
3240
656
3240
775
3240
798
3240
746
3240
1668
3240
3213
3240
690
3240
778
3240
826
3240
2038
3240
1288
3240
1673
3240
3360
2865
3106
3030
2341
3030
971
1005
972
1005
608
1005
2587
1005
97
161
200
161
3406
1893
895
1786
790
1786
1676
2096
52
102
624
2064
680
2108
3117
3255
1942
1301
1942
2990
3421
2985
3421
3081
2009
3050
2009
894
1317
1868
2152
3335
2126
2901
2126
1212
2126
2902
2126
2498
2347
3398
2347
3382
1370
2949
1370
45
3086
1866
2126
721
3420
1894
2225
1894
738
1894
3418
1894
1675
3102
787
3102
2864
3102
1216
3102
1242
3102
3289
3102
775
3102
2685
3102
798
3102
746
3102
791
3102
1668
3102
3213
3102
2859
3102
690
3102
825
3102
3275
3102
778
3102
1291
3102
3200
3102
3179
3102
1292
3102
3270
3102
2683
3102
2686
3102
760
3102
826
3102
2679
3102
718
3102
3247
3102
1288
3102
1673
3102
1674
3102
3278
3102
2859
2664
2686
2664
2492
2594
470
482
3065
482
3261
1924
2099
1924
375
1924
612
636
681
691
1437
691
531
1138
1385
1138
2103
1138
424
1206
563
567
1046
567
831
1571
3295
1571
905
3076
2037
3076
804
3076
3015
948
2708
948
2110
1150
3265
1150
2255
3073
3193
3073
3236
1937
2105
1269
1116
1269
288
2372
317
2372
1050
1049
2068
1529
389
1529
624
2063
2238
940
2354
961
3343
1977
1241
2794
850
2794
275
2759
853
1890
867
646
1005
646
690
698
2683
698
1426
1385
260
1483
2928
2485
3390
347
1886
347
3392
347
1885
347
2046
1920
2084
1920
2491
3401
985
3401
2938
3401
2592
3317
3323
3317
1026
3317
2332
3317
2488
3317
2930
3317
2483
3040
1879
3040
555
1211
3016
1335
1709
1335
3269
1062
3211
3254
991
1373
1376
1475
3070
1475
2218
1475
25
76
2152
2877
2574
2559
2473
2689
2870
1154
228
2708
2411
944
2961
944
244
944
282
2976
1846
3219
318
2851
3309
3201
3204
1088
427
1019
3134
1019
3090
2327
1419
2531
897
2531
3303
1116
2305
1116
421
429
685
2297
1004
1002
2670
2542
269
2542
219
204
223
2384
724
2384
934
2973
1662
1407
2550
1407
3038
1407
3004
1118
3053
1118
2691
1118
784
989
784
989
1147
3002
1148
3002
2095
3002
3145
2742
1087
474
3204
474
476
474
40
100
2199
2334
3
269
1945
1423
1653
920
913
1889
3364
1891
3364
1724
3364
71
521
2155
556
778
937
279
278
279
821
659
651
659
559
895
1982
2706
305
3431
1431
1101
2463
1101
1287
1101
943
2940
944
2940
1084
1831
862
1831
1241
2800
716
2800
961
2003
962
2003
2229
2003
17
18
332
333
326
333
3021
3330
2192
3330
550
3330
925
2170
2703
983
375
1443
375
984
375
2125
2380
2879
2380
1281
470
2381
470
2303
470
967
1447
3131
1447
2340
1447
1177
1447
968
1447
953
383
954
383
956
383
3379
383
951
383
641
2672
1759
1912
647
652
2040
1839
1884
2330
3108
3391
1898
3391
3413
3391
581
3175
258
3429
259
3429
2995
3429
260
3429
693
776
694
776
3088
776
2398
776
2221
2600
3349
2586
3342
2586
23
79
3320
581
1705
581
1971
581
326
334
2730
2191
2945
2191
2198
2191
2396
2898
2345
3148
2348
3148
1952
2279
330
2279
2964
2221
3109
2221
1900
2221
3076
1382
3117
2583
953
987
954
987
956
987
1486
2004
816
1065
1656
1065
2542
2429
318
327
485
1332
3324
910
3324
1650
1186
1650
896
2783
3166
2783
3389
1472
366
2786
370
2786
90
191
195
191
377
384
383
384
411
1638
797
1638
2588
1706
297
1434
2680
316
330
325
330
2602
3372
867
2146
608
2146
2951
2198
2241
2509
522
1956
2149
2383
3293
485
1865
485
483
485
3148
2488
2168
3167
19
217
218
217
2348
3017
992
3017
3353
3017
2003
2000
210
83
3365
914
2490
914
560
1654
452
858
1897
2954
1073
1628
416
1628
2867
380
1278
380
1667
380
2555
380
1643
473
1420
473
253
3352
3194
3352
261
2375
2456
2375
2337
1711
460
851
2605
2333
3044
2333
2603
2333
528
3130
416
1543
1280
1543
146
144
44
144
0
144
752
1396
3314
1396
1044
2892
3337
2306
2765
2238
1751
2238
2761
2238
3001
1364
3077
1408
425
3085
2716
3341
2254
2250
2518
2250
3155
2250
2318
1426
1973
1426
2304
1426
2923
2169
2719
2169
1493
732
306
732
695
2070
2570
1047
1686
1047
3326
1047
253
2086
2440
2074
2440
740
1814
3075
1814
353
362
363
362
2696
1679
1337
1758
3117
1501
1755
1751
809
3232
1480
1733
418
1733
3279
2311
2972
2235
2978
2235
3217
2502
3034
2502
1903
2502
3079
1360
1848
1341
1201
1341
1315
1341
1340
1341
769
1341
1334
1341
1851
1341
317
1341
1646
1341
757
1341
1206
1341
327
1341
365
1341
416
1341
3039
1341
3011
1341
813
2735
1213
2074
7
771
609
608
609
1091
542
312
2254
561
3031
1320
1518
1077
1518
1699
2476
77
4
2
4
1843
1810
700
1810
749
1516
2546
1516
213
180
11
180
1445
2473
2847
3227
342
349
61
2996
1488
356
1488
321
1488
278
1488
303
1488
2461
3241
3261
3241
1649
3241
816
3241
2099
3241
1405
3241
1658
3241
1109
3241
876
3241
1655
3241
507
3241
892
3241
899
3241
375
3241
1650
3241
1654
3241
3159
3241
886
3241
388
3241
815
3241
827
3241
833
3241
428
3241
1657
3241
2094
3241
774
3241
1656
3241
3271
3241
2856
3241
1663
3241
1664
3241
1660
3241
1013
3241
887
3241
3281
1605
850
1605
1095
1259
843
1259
931
1242
2362
718
2362
409
1548
417
1548
2459
2454
2104
2073
1685
2073
1682
2073
1956
1795
3039
1795
2175
1967
972
971
972
971
309
2253
2212
2934
3164
1825
3322
1825
2353
1734
2233
1734
1904
1734
1359
1540
1366
1540
1844
577
1262
577
3049
1561
2097
1561
207
84
151
84
735
2988
2208
238
865
812
3431
306
3051
739
1707
1697
1707
1697
118
87
3010
3009
2914
1876
2360
2517
917
2517
2425
2517
391
2085
250
3042
1727
2956
1727
424
3159
1128
3285
1356
3285
14
15
3235
2036
3107
3194
1170
3194
1366
1544
3314
1544
2010
2217
2749
1730
2967
1730
674
1252
1665
1252
1214
3041
1734
2349
829
1072
1198
1072
413
1363
1471
1465
235
310
311
254
197
36
70
36
89
36
521
1878
3289
1813
778
1813
528
526
3086
526
211
208
27
208
581
790
3110
3109
2522
2775
1469
3088
864
669
2010
2232
1420
464
1353
508
477
496
3273
545
785
545
1448
820
1448
820
593
1291
2598
2401
457
1619
712
2850
410
1589
1069
1589
2494
2724
650
3200
1201
1602
769
1602
1450
2575
2477
2575
2917
2575
2070
2530
855
2530
2220
1179
2205
1179
2685
1321
1947
1321
3275
1321
3200
1321
3270
1321
718
1321
1674
1321
1503
3435
824
1080
2112
1080
865
794
1188
766
2627
766
3119
2601
1243
2645
3207
2645
3124
2619
258
2619
2311
1233
458
460
3143
460
2885
460
1029
460
1858
441
1967
441
2307
441
1205
824
735
1901
3142
2181
3331
2379
603
2855
603
2854
603
976
2388
3169
2416
2983
2416
2422
2416
1909
2416
1421
1246
2150
1298
354
365
351
2801
598
837
460
1084
1381
2107
2161
2107
3311
2107
943
2941
944
2941
1419
2819
1433
2819
1910
2418
1491
2418
263
2418
3092
1234
2136
1234
2878
1234
756
2697
2897
401
987
401
1468
401
986
401
2578
2567
1754
2567
467
823
110
123
107
123
1357
2681
2869
793
2111
793
1031
793
428
1075
840
1075
596
886
829
1255
830
1255
3324
2844
3324
2844
34
48
154
48
39
2134
2869
2944
1462
2597
1462
2728
1462
1683
1227
230
232
704
3288
3341
1083
1702
3309
35
135
1209
1981
603
604
1841
604
2101
1587
1244
1587
1372
2767
395
1197
1488
2985
3420
3412
2225
3412
469
1799
823
1799
1304
463
2056
463
3210
2548
2091
2548
1304
2548
441
2548
414
2548
2097
2548
614
2365
2295
1129
2298
1129
3288
717
1244
717
2876
1857
406
416
2283
1230
3322
1230
1463
3131
379
388
2247
3186
2516
3186
791
1792
760
1792
2177
1449
1756
418
3421
418
304
418
2510
418
2745
3183
3184
3183
757
1822
1206
1822
3234
868
2580
1028
1428
815
1108
815
1105
815
551
556
3153
556
1728
2925
262
2748
2424
2748
277
2748
2557
600
3045
600
2558
600
510
2082
579
1817
1433
1817
2288
699
3005
699
2545
699
2712
692
1051
692
2719
692
2593
692
795
3025
2999
3416
589
1436
712
722
1494
3138
2361
3138
1495
3138
1491
3138
2287
481
2066
481
2472
1286
1449
1286
2699
1286
1102
1286
779
1286
1208
1286
1322
1367
2091
2371
1055
2371
1479
1715
407
1715
2126
855
2354
962
155
127
2003
2213
8
80
73
80
2047
1572
2057
1572
1716
1044
3083
1044
2155
2699
3386
2721
2758
2225
3185
2225
3118
2604
2315
3092
870
1723
516
1723
1173
1723
92
107
118
107
3316
1693
3316
1693
560
585
1999
2195
2896
2885
3116
2477
595
1048
2105
1268
2106
1268
3025
3223
1698
3334
1689
573
3019
573
554
573
403
1528
884
1528
1371
2804
734
1040
734
1040
2125
2077
2310
2077
2879
2077
1219
1061
2093
1061
1325
2944
2148
1963
1490
2257
1493
2257
2260
2257
1861
1139
2682
1139
2559
1139
1050
1212
2712
1212
1051
1212
2719
1212
205
104
724
949
2392
949
929
2969
788
3226
1991
1694
960
1694
2718
1694
2187
1694
838
2684
838
2684
921
364
371
2881
1666
1088
1666
1087
1666
476
1666
1211
2552
59
99
2139
891
151
165
49
165
1076
1835
3267
1835
1333
1105
3400
1724
2615
1724
287
2841
3127
2008
2012
2008
2514
2513
3096
1964
44
115
950
1996
882
2026
841
2026
908
2516
2253
2516
2518
2516
3162
2042
3161
2042
2129
2109
2240
1737
272
2752
3137
2210
3330
574
554
574
1184
3134
2490
3134
988
3134
419
3134
2701
1690
1143
1769
741
1769
2919
3345
3352
3345
1101
2779
553
2779
265
2950
936
2950
931
257
1478
1720
2887
2465
465
898
475
846
2673
1941
328
1941
2061
1941
1964
1960
2888
1960
1044
1043
3298
3292
224
225
3068
2151
2156
2151
1978
2151
552
570
2003
2214
409
1547
1197
1547
3328
2579
971
2158
972
2158
2587
2158
1970
1381
2077
2276
2294
2276
1285
2056
1298
2056
1284
2056
2753
2498
2004
2498
606
2498
1741
2222
1640
3228
840
3228
787
536
3270
536
427
3325
581
582
2009
2199
2217
2199
2232
2199
3332
830
2675
830
808
830
214
198
1959
2100
83
150
165
150
1718
2192
3037
2192
1359
1629
1365
1629
498
1331
3275
1215
3028
859
3018
859
2453
859
1231
467
2471
467
2140
467
1867
467
2406
1471
2207
1471
1330
1471
1473
1471
2738
1471
1853
710
713
1052
713
613
1193
1308
2888
1308
2888
1362
2278
2328
2909
3355
2909
3362
2909
1391
1583
1855
1583
692
695
686
695
1181
2104
2151
834
2898
1087
2942
725
1994
725
1650
1223
428
1223
623
1639
3084
1712
437
852
70
174
27
82
3218
3034
2464
797
1074
797
2866
797
966
965
593
827
1675
2428
2859
2428
3259
3244
3248
1575
1374
1575
2677
3269
2857
3269
3192
3050
3422
3050
3433
3050
531
2103
531
2103
1091
833
715
2790
997
1001
967
1001
3131
1001
968
1001
322
2931
2604
2931
3309
2696
3360
2696
2702
1224
2317
1224
916
1224
1870
1224
2573
2566
982
2451
1003
2693
632
1194
2880
2563
2571
2563
1485
1166
1487
1166
1486
1166
245
1166
1217
1584
669
1584
234
607
849
607
1757
3125
3138
3125
3099
2763
923
2763
264
2763
601
1237
222
587
710
2398
710
2686
1850
760
1850
2679
1850
3278
1850
275
276
1116
2660
1118
2660
2337
2590
2767
1906
1342
1906
2764
1906
1204
1838
2057
1838
909
2766
2695
1016
1440
1016
3157
3187
2420
3187
908
3187
3365
988
2473
1119
2979
3191
296
3191
2263
3191
1309
1220
3032
1220
1305
1220
1738
3370
2481
1018
3211
1089
2688
3250
2682
3250
2123
3250
3296
3069
1421
3069
3284
3069
1417
3069
1432
3069
877
3069
3214
3069
1422
3069
3264
3069
2113
3069
1419
3069
897
3069
1312
3069
1199
3069
1418
3069
831
3069
3248
3069
3202
3069
1374
3069
1332
3069
851
3069
846
3069
402
3069
3251
3069
579
3069
1677
3069
478
3069
773
3069
1424
3069
410
3069
1430
3069
1433
3069
3295
3069
641
1190
3134
428
2622
3044
2616
3044
900
2815
1107
2815
1331
1580
493
1580
1446
1102
1955
1832
742
1832
45
96
802
658
2215
658
1179
658
2343
658
2521
278
277
278
2390
779
835
2615
246
2615
606
2615
713
714
2876
1854
283
2992
286
1911
832
651
658
651
3383
3363
2607
3363
1727
3350
2127
2045
3391
2348
831
1562
773
1562
1192
2534
2067
2534
1057
2826
683
2826
3186
3405
3187
3405
1436
2854
1880
3204
1034
3204
1464
3204
2472
3277
783
3277
779
3277
226
2720
155
210
31
210
1475
1377
2215
2340
2343
2340
2361
997
1310
932
1110
2823
836
2823
3374
972
2723
972
466
3065
1310
1879
2985
754
932
1487
341
343
336
343
1675
2668
787
2668
1216
2668
1242
2668
3289
2668
791
2668
2859
2668
825
2668
1291
2668
3179
2668
1292
2668
2683
2668
248
2623
498
504
890
811
40
2630
2626
2631
2917
2517
2917
1199
1071
410
1071
2736
3356
2736
3356
646
2067
3061
1973
1059
1251
672
1251
621
1933
518
1933
1347
1933
2080
1549
368
1549
3165
1314
2865
1314
2607
2344
3010
2344
3279
1258
1866
1258
401
405
2171
405
1182
405
2848
2538
2672
2538
3343
563
1389
563
2892
563
1043
563
2036
3113
594
750
906
500
2050
500
622
2998
1057
2998
621
2998
1303
2998
635
2998
3297
2998
1115
2998
3252
2998
1195
2998
518
2998
638
2998
628
2998
3054
2998
1317
2998
3288
2998
1220
2998
1190
2998
1110
2998
1244
2998
1379
2998
615
2998
683
2998
2750
2738
2502
3376
2895
2136
2979
738
3185
738
2242
738
922
312
3125
806
237
239
3116
71
2
1675
456
3179
456
2189
1985
508
1313
1089
1313
2618
2343
1477
2343
3321
445
903
445
1083
445
2162
445
2147
445
2353
2492
2952
2492
2233
2492
2206
2492
2732
2492
1445
596
1868
596
1716
2186
3195
608
607
608
2929
608
1459
608
2378
731
2384
731
562
564
3395
3381
1450
1974
31
3266
1934
3292
1934
1226
1934
2063
626
1391
3077
1355
3077
3174
3077
469
3077
749
3077
645
3077
896
3077
1344
3077
519
3077
1855
3077
822
3077
605
3077
3294
3077
1096
3077
812
3077
669
3077
1331
3077
3166
3077
643
3077
705
3077
640
3077
1121
3077
1059
3077
453
3077
3078
3077
684
3077
2507
1897
3006
1897
2963
1897
292
3425
1496
3425
3119
1502
1910
1752
938
1489
1758
1489
342
348
2864
2840
1668
2840
445
3179
1387
3265
2576
3265
614
1519
468
1519
3075
1519
103
159
153
159
202
159
1348
1927
1141
1927
352
361
339
340
3390
340
2931
340
1885
340
3265
1676
3134
3152
2169
2902
515
541
3153
560
557
560
2932
2168
1345
2168
2402
2168
1177
2168
1444
3313
1985
1970
2922
1970
1990
1970
252
947
3016
947
879
2655
644
2655
3330
3316
1387
1409
2259
1342
1372
1342
2374
1930
1151
1157
1114
1157
247
2239
1696
2312
2741
2951
961
2951
447
2876
1729
1325
3144
1325
2742
1325
216
214
23
214
1229
1295
2118
1295
756
753
336
344
1497
1759
1097
1678
1097
1678
3272
503
1334
503
2501
2405
2230
2405
1975
2873
2508
869
3411
869
2235
869
1329
869
2199
2337
1377
2337
420
419
2926
419
2925
419
3122
419
462
477
476
477
1694
1440
1370
1461
736
2977
204
194
18
194
2896
1029
393
402
1357
1128
1866
2469
1300
1798
1347
1798
278
1746
3329
1448
798
2444
826
2444
379
389
2183
2324
0
3055
1404
557
2387
2064
2266
2942
231
1501
315
875
1982
1437
2294
56
103
1131
1821
847
1821
414
1821
61
118
3296
1565
1432
1565
2991
2628
3432
293
1462
2707
3052
3051
3242
3051
634
1444
78
189
218
189
1501
935
1109
1791
1654
1791
867
975
319
323
866
323
2917
323
1421
2525
1417
2525
391
2081
550
2320
3057
1356
984
983
984
983
2146
3298
609
3298
114
126
101
126
1144
2828
3249
2828
2678
1400
1227
1400
1963
1400
93
142
148
142
1426
2290
2103
2290
42
76
178
198
178
3292
2661
2933
2591
1180
2587
2321
324
323
324
320
324
294
2006
2231
2182
2315
2324
2315
2707
2315
266
964
1345
1463
1345
967
1345
965
1345
969
1345
1995
686
1989
686
1985
686
2336
686
2395
1443
2476
387
952
387
1703
387
951
387
853
3395
2278
3215
2422
2419
2617
1176
3264
1601
1418
1601
330
337
427
1322
3097
2389
1983
2389
3351
2389
2341
2389
1882
2389
2172
2389
3414
3410
1744
3410
1270
2965
2511
2965
2009
2007
2923
2712
2196
2930
353
984
765
2791
1258
2791
709
1292
486
2787
2064
2787
2390
1299
783
1299
1102
1299
2340
2402
625
2450
786
3166
3277
3166
2889
509
2393
509
484
509
2904
509
1077
442
1016
442
1099
3098
1450
320
319
320
3326
3013
451
1657
3158
917
290
3352
3016
229
3016
1760
3163
3285
668
3014
668
1308
3251
1964
3251
3095
3251
1355
1505
896
1505
865
1403
1955
1588
1953
1588
379
2293
1168
1178
2953
1178
2017
1755
2016
1755
1488
1755
2544
1616
655
1616
948
980
1335
980
947
980
2704
980
3097
2323
2341
2323
1882
2323
3436
3190
1112
1618
836
1618
562
3049
2405
2727
509
3270
2672
1632
2849
1632
21
22
860
1780
3098
1780
2748
955
3410
955
630
643
934
1486
1324
2431
1341
2431
452
862
600
1145
1237
1145
743
3397
2244
3397
458
3318
2046
3235
2284
3235
2283
3235
2673
3235
765
3235
366
3235
1228
3235
328
3235
829
3235
345
3235
2292
3235
583
3235
1371
3235
2061
3235
2084
3235
814
3235
396
3235
2072
3235
1198
3235
370
3235
898
3235
830
3235
852
3235
1258
3235
2290
3235
337
3235
1092
3235
386
3235
3164
3235
1086
3235
3212
3235
2053
3235
2296
3235
3322
3235
1732
1376
2241
2505
616
2281
762
2219
381
2219
571
2120
694
2189
1469
2189
3015
2910
2221
2732
1960
2090
1728
2202
2757
3418
3191
3418
1343
579
770
579
3168
579
1693
1863
3316
1863
3333
1863
446
457
2092
807
2675
807
808
807
1654
1784
3271
1784
1694
2137
3042
3033
1662
3246
2550
3246
3038
3246
558
1642
1481
849
2210
849
252
1709
2733
3036
2117
3243
3260
3243
1229
3243
1162
3243
842
3243
2121
3243
3280
3243
1076
3243
2114
3243
2110
3243
780
3243
1090
3243
1661
3243
2122
3243
440
3243
3304
3243
1104
3243
3026
3243
2105
3243
1085
3243
2118
3243
706
3243
3267
3243
2096
3243
2108
3243
1116
3243
1118
3243
824
3243
2107
3243
2120
3243
2115
3243
3282
3243
2112
3243
2106
3243
675
3243
611
633
957
1468
382
1468
3412
1468
726
2471
2319
2471
1030
2471
2592
2471
3323
2471
1026
2471
3063
1328
1847
1203
910
1203
2844
1203
1185
1203
551
2895
2151
2124
1475
1378
1437
705
462
2094
1350
3082
3
212
2
212
466
2066
3064
1926
1290
1926
639
640
280
281
713
1677
1309
661
3032
661
1305
661
1172
634
1171
634
3027
634
725
634
2987
2764
3118
2580
1864
835
3398
2005
3398
2519
1908
303
1908
1687
648
1005
648
2158
648
1339
1896
3066
1783
785
1783
2043
1775
730
1775
609
2093
2730
991
1375
991
2951
991
3070
991
2218
991
978
627
2052
2847
2046
2847
2284
2847
2283
2847
2673
2847
765
2847
366
2847
1228
2847
328
2847
829
2847
345
2847
2292
2847
583
2847
1371
2847
2061
2847
2084
2847
814
2847
396
2847
2072
2847
1198
2847
370
2847
898
2847
830
2847
852
2847
1258
2847
2290
2847
337
2847
1092
2847
386
2847
3164
2847
1086
2847
3212
2847
2053
2847
2296
2847
3322
2847
3397
3070
2861
3249
3063
3249
1327
3249
1205
1204
2906
2694
1733
2187
869
2187
2216
2187
434
431
1014
431
376
2564
1861
2123
2335
1021
588
597
2154
597
2893
630
973
630
974
630
2710
630
2388
630
3313
630
630
644
2961
2608
2751
2608
3432
782
1894
2589
1468
2589
398
2659
883
2115
40
175
134
175
1279
1860
1414
1841
772
1841
2468
3282
3308
3282
2999
3046
1166
3046
1111
1156
1160
1156
706
1122
2107
1122
1000
998
2928
946
3194
946
441
1829
1314
1829
1971
1099
3319
1099
1878
1099
1981
1099
2699
1099
1208
1099
591
2808
755
2808
2899
1200
1187
1200
1242
2789
2683
2789
3044
3043
2090
1092
2980
2970
1495
2970
2083
1531
792
1531
759
2143
3412
959
2955
3354
1476
3354
2954
3354
2226
1271
643
2267
1238
1645
750
1645
1958
1953
1854
1953
1423
1953
2886
2386
132
140
148
140
98
140
1368
1051
3103
1114
727
1114
2568
1058
575
1569
790
1569
219
67
18
67
49
164
350
3018
1359
3018
789
3018
1106
3018
2059
3018
415
3018
2289
3018
2549
3018
3066
3018
752
3018
2043
3018
2291
3018
2075
3018
1365
3018
730
3018
878
3018
2062
3018
3273
3018
3175
3018
334
3018
858
3018
2073
3018
371
3018
361
3018
2081
3018
2293
3018
785
3018
1366
3018
764
3018
3314
3018
1283
3018
2285
3018
346
3018
777
3018
3429
3427
1688
689
1691
689
1310
689
687
689
131
64
703
702
2470
702
1439
770
3087
1747
3173
1747
1956
2642
3011
2642
102
53
3369
476
3112
476
1875
476
2172
476
42
98
1360
3374
239
3374
2936
3374
1889
2336
1891
2336
1724
2336
3093
3388
2512
3388
2968
3145
3154
3145
1346
719
857
719
78
20
890
3224
1696
2700
301
2946
313
3430
310
3430
923
3430
3431
3430
925
3430
3435
3430
312
3430
309
3430
3280
2806
645
2368
640
2368
875
3333
3285
1635
1220
1635
254
2943
3214
2803
1677
2803
1881
952
1723
3336
2727
3336
780
1142
3026
1142
3060
1209
1038
1209
2724
1209
1471
1209
1872
865
3172
865
2909
2572
659
1357
1211
1110
2386
1110
2407
2603
2464
774
1074
774
2866
774
927
2772
2895
2878
462
478
953
1703
376
1703
2957
1703
166
131
58
131
2224
2205
1482
2205
2507
2606
3047
2606
517
785
2322
2580
928
2514
2157
2148
1979
2148
2165
2148
2357
3407
3073
3407
2189
2922
3186
2006
3187
2006
904
1938
3002
1938
3311
2161
3311
2161
1178
1177
1972
2140
325
336
332
336
1241
2039
2069
2039
1054
2039
1140
2039
1144
2039
3281
2039
486
2039
642
2039
1094
2039
1192
2039
850
2039
2048
2039
666
2039
544
2039
2065
2039
654
2039
1060
2039
2060
2039
2064
2039
1138
2039
2063
2039
1193
2039
2067
2039
633
2039
661
2039
3249
2039
2078
2039
537
2039
1261
2039
1236
2039
1243
2039
3207
2039
716
2039
433
2112
2044
1950
1677
1950
478
1950
674
1125
3008
1125
377
386
1988
687
1989
687
3364
687
1985
687
2922
687
1990
687
266
267
689
2683
2188
1704
3406
2949
3166
2780
576
2780
567
901
2461
2457
3261
2457
1649
2457
816
2457
2099
2457
1658
2457
1109
2457
876
2457
1655
2457
507
2457
892
2457
899
2457
375
2457
1650
2457
1654
2457
3159
2457
886
2457
388
2457
815
2457
827
2457
833
2457
428
2457
1657
2457
2094
2457
774
2457
1656
2457
3271
2457
2856
2457
1663
2457
1664
2457
1660
2457
1013
2457
887
2457
517
1095
423
773
433
2686
293
2937
782
2937
2946
2937
3276
1113
2383
1113
2130
1113
911
2011
2767
2011
307
2011
1369
3362
1470
3362
1370
3362
851
1617
1954
1617
2158
2144
2554
1954
321
2982
2631
2982
362
368
821
1700
314
3133
3163
3133
918
464
1772
9
221
213
221
384
1656
2338
916
990
916
2190
916
1722
916
1472
916
2401
916
680
2458
2500
3197
3058
3136
512
888
848
888
2610
3181
2920
2911
2919
2911
1032
1424
2134
1424
659
2078
3261
1394
3208
1979
3331
2304
245
3151
1366
1367
1366
3277
1287
638
2446
1190
2446
3344
1032
1979
1032
2060
1510
1261
1510
1457
422
1021
422
916
422
1022
422
2178
1437
692
1437
2055
1818
2286
1818
1057
872
621
872
1303
872
3297
872
1115
872
3252
872
1195
872
518
872
2101
872
638
872
3054
872
1317
872
3288
872
1220
872
1110
872
3014
872
1244
872
2875
2862
382
392
1703
392
582
1788
564
1788
1286
3271
3210
1816
3002
1816
350
1555
346
1555
826
2443
1673
2443
397
399
796
399
3040
3305
2601
1885
1996
1885
3247
2076
1968
1420
1285
1420
1298
1420
1028
1420
1864
1420
1284
1420
281
2256
309
2518
1457
3338
1021
3338
1022
3338
2299
1390
3151
1390
1322
1390
228
412
2835
1863
2300
103
57
749
1514
605
1514
2997
303
293
303
1352
1458
349
2635
365
2635
54
1453
2470
2160
2470
2703
2470
3136
2470
63
2322
1873
2597
1451
1314
1131
10
11
1649
1801
892
1801
746
2033
1288
2033
1019
1319
796
1181
3255
3189
1143
3189
575
3189
906
3189
2080
3189
1107
3189
2083
3189
2047
3189
3094
3189
895
3189
2085
3189
790
3189
1084
3189
1197
3189
1048
3189
1204
3189
368
3189
902
3189
417
3189
1301
3189
2079
3189
1494
2422
2246
1736
1020
3208
1987
3208
2191
3208
113
91
1839
2027
1950
2027
669
1591
672
1591
3141
2399
2059
1765
3066
1765
3298
1302
950
1997
355
1997
839
1621
429
1621
3130
1289
1375
3071
3397
3071
1376
3071
265
2958
2584
2392
52
153
2396
1874
1093
2034
3359
2482
2556
1415
773
1513
1424
1513
3425
304
2564
1667
1969
671
2168
671
998
671
999
671
284
2245
2992
2245
2768
2245
2359
2245
70
195
135
195
1093
2449
2039
2449
879
1598
3283
1598
415
1546
2073
1546
928
1495
1106
1393
2203
2929
1134
2303
52
878
1525
371
1525
1872
1423
2227
2957
955
2957
37
95
256
3358
1870
671
847
1214
3014
803
2030
2449
3105
2389
512
889
512
830
439
852
439
89
215
174
215
299
300
2352
2228
37
119
424
3164
3317
466
2471
466
2466
2675
3123
413
2926
413
407
413
2925
413
823
494
493
494
3150
2624
1725
1882
2181
524
2327
524
2591
524
2715
524
448
3172
3340
3172
2890
3172
2482
3172
3203
3172
2391
3172
474
760
1648
741
1416
741
335
2533
327
2533
527
553
641
2853
705
1248
1121
1248
2082
1559
3256
1559
1198
1068
2296
1068
1373
3203
2880
2856
2571
2856
3301
2856
514
537
2566
537
1495
2971
996
3058
2714
3058
2180
3058
2940
969
2713
3206
929
842
2824
675
2824
775
2536
1292
2536
1852
1261
2116
1261
3031
1261
876
1240
886
1240
1362
2277
3388
2410
431
2057
60
168
126
168
152
168
2702
3114
3115
3114
1870
3114
2966
2745
2754
2745
727
3005
376
3379
3423
3414
2013
3414
2630
3414
88
183
74
183
104
183
663
826
2593
3347
3094
490
2050
490
957
796
3380
796
959
796
958
796
986
796
1039
883
1231
883
2140
883
1867
883
995
520
3290
764
921
309
242
3332
808
54
152
1984
1035
1653
1086
1857
1086
2400
875
2194
875
1470
875
1892
875
2721
875
1461
875
1224
425
422
425
3126
2351
2234
2351
3103
2545
1368
2719
397
395
387
395
3302
2701
970
3057
651
3057
758
2414
2976
2414
1053
1244
1380
1244
2627
2358
1332
1552
3251
1552
2258
1907
941
1907
1372
1907
384
884
3200
2781
286
1492
162
50
163
50
91
50
304
1749
1492
1749
3118
1499
1091
763
2279
2797
598
1236
405
410
1038
1681
863
1681
1207
1681
276
277
54
116
1674
1522
3278
1522
3085
3258
793
3258
2249
1167
240
1167
1482
1167
407
2171
514
538
513
538
1669
538
1485
606
3416
606
2623
606
3046
2413
2167
515
2573
515
695
1243
555
2581
3147
550
2493
550
3089
550
2602
550
1644
2667
395
2667
3146
2597
549
2597
1735
2597
2713
523
874
523
3158
2425
343
351
708
880
3059
3180
3101
2839
1744
358
1306
1305
2114
1762
2122
1762
1702
414
426
3257
3085
3257
360
2395
1666
493
1098
2874
2681
728
1128
728
1670
728
610
611
2893
611
2710
611
2388
611
431
3314
296
2242
759
2309
1042
554
550
554
574
1412
2236
1339
2245
1339
430
2648
2481
1017
3337
1434
2759
2621
66
138
148
138
64
138
108
182
150
182
1273
2599
1361
2599
3129
2599
282
1447
662
658
662
1692
843
3209
843
281
2015
434
432
1014
432
2475
1427
1977
1427
2474
1427
2327
1098
2591
1098
1389
1046
2913
1046
2892
1046
2944
1046
1043
1046
1451
1046
2056
1828
2054
1828
2335
1022
2543
2447
2848
2447
821
3329
832
3329
3170
1284
3297
2821
683
2821
3391
992
2179
2307
3354
2939
338
2799
3283
1397
2093
1397
19
78
292
2974
1000
999
3208
2165
1494
1909
970
649
832
649
1276
1842
838
1842
2684
1842
1350
1430
682
3111
819
1517
1957
1517
510
1663
2763
781
1174
781
1439
3168
881
905
3210
905
904
905
2091
905
1351
905
1304
905
1290
905
678
905
1077
905
2070
905
441
905
2082
905
2056
905
1016
905
3049
905
3082
905
1131
905
847
905
414
905
1055
905
2054
905
3256
905
2097
905
1957
905
2573
1091
834
1091
2124
1091
1681
1091
990
1993
1722
1993
1472
1993
114
111
3040
1121
1696
1121
1153
2023
578
2023
399
1280
2708
2704
2910
2704
2613
3062
3371
3062
2349
3062
1944
3220
3181
1469
3181
1469
3180
1469
819
2037
3064
2037
3149
2037
860
2037
1320
2037
2071
2037
3140
2037
3002
2037
855
2037
3098
2037
1113
2037
3183
3129
2299
840
3151
840
1367
840
2492
861
2338
1877
1890
1877
1896
1877
1271
1877
1272
1877
2089
2784
1139
2784
1165
1329
1338
1329
2087
2432
538
2432
3137
1726
687
1696
2594
1708
2594
1708
3060
848
3068
848
863
848
2156
848
2724
848
1978
848
459
1664
3202
1631
1679
1631
306
307
313
3155
1912
3155
2257
3155
853
3389
1143
2024
1107
2024
2711
2905
315
2905
935
2905
2406
2201
3218
2201
1473
2201
3217
2201
2738
2201
1097
576
1961
576
1678
576
207
205
49
205
880
2652
745
2652
3279
1966
3279
1966
285
2510
223
2584
2312
1379
2700
1379
3305
1379
524
2282
3107
1994
2692
2679
1860
2679
3114
2679
2145
844
1373
844
422
844
2391
844
1478
2953
1848
1535
1851
1535
574
1433
759
3262
873
2871
662
2871
3384
2956
3177
1275
691
1641
399
1660
2458
1055
203
187
22
187
844
1283
2280
2020
2376
2020
1052
3311
2498
2495
3398
2495
3178
2188
2217
2188
2232
2188
2007
2188
1025
2188
1343
578
3216
578
3168
578
3396
2216
19
2336
1990
1732
2218
2134
2111
753
2522
408
1013
2455
1845
128
157
57
157
153
157
2716
2162
2240
3399
993
2914
1027
2914
2717
2914
1676
2274
2120
2274
451
2054
789
534
3273
534
2389
497
479
497
568
902
1467
889
2197
889
2939
889
3339
889
3030
3029
2551
3239
3254
3239
508
3239
477
3239
1502
919
1317
2537
1141
2537
362
369
646
2857
528
527
3086
527
689
3207
426
3274
1319
3274
1850
2038
708
2106
593
836
883
2050
2423
2417
2419
2417
1491
2417
2582
2149
1693
2149
3316
2149
1216
665
3275
665
285
2297
1247
2294
1247
2071
2270
1055
2270
2667
1939
2247
2012
3157
2012
2766
2012
2262
1163
917
1163
2263
1163
787
530
2076
530
757
435
1390
435
3262
3053
272
273
2213
1025
2214
1025
1666
767
541
1771
3385
995
2231
995
1743
1903
2886
2858
1350
3056
15
16
978
1196
2465
1196
2560
1196
345
2796
2292
2796
768
2690
768
2690
936
1164
2994
1164
919
1164
2887
2560
700
1586
1645
1586
2155
1208
1671
3074
2116
3074
814
1010
396
1010
17
218
219
218
2083
1532
2085
1532
635
2369
638
2369
693
1052
694
1052
3088
1052
2398
1052
3100
1226
1018
1226
1017
1226
1651
3039
547
2793
2226
1272
1875
479
2394
479
1983
479
3351
479
1876
479
2172
479
3099
3419
2989
3419
642
2663
1192
2663
431
887
2355
1904
2610
2593
1891
2593
3059
2593
3181
2593
2495
2593
847
2666
2935
2596
985
2596
2946
2596
2995
2760
273
274
703
701
2470
701
2040
2273
1839
2273
1881
951
413
3360
1671
3212
1852
3212
2116
3212
2345
3353
1959
2053
23
664
1059
35
582
1568
3250
1568
514
3253
513
3253
1669
3253
3252
2435
628
2435
3272
533
1340
533
1147
1160
1148
1160
2095
1160
2139
1141
891
1141
2561
1141
2219
958
485
3256
2900
1014
1706
1014
3381
1014
1877
1014
2933
2715
3407
2962
521
557
2177
557
531
3011
1385
3011
2103
3011
704
718
2975
1900
3156
688
248
688
2243
688
2239
688
411
3161
404
3161
2089
3161
854
3161
715
3161
839
3161
429
3161
837
3161
600
3161
722
3161
585
3161
2100
3161
797
3161
714
3161
1319
3161
884
3161
767
3161
1896
3373
1271
3373
1272
3373
1945
270
1134
2285
3318
2285
406
417
618
2478
704
716
1379
1856
522
1301
429
1622
797
1622
837
2820
1412
2820
3338
2391
985
2726
2735
2726
1502
355
2985
2421
1749
2421
2916
1182
1384
2723
239
2723
2947
2723
856
1599
818
1599
1969
2568
681
2568
998
2568
999
2568
39
134
819
1592
2054
1592
43
122
132
122
64
122
1425
672
95
38
2746
2229
2238
2229
3188
800
1354
800
2888
3095
2149
2130
266
2768
1400
450
425
450
48
49
99
170
152
170
111
170
2758
2620
613
615
756
907
438
807
438
1332
506
846
506
2480
2882
776
2127
710
2127
673
1316
1111
1316
2055
1316
882
1316
2086
1316
2287
1316
2051
1316
841
1316
3266
1316
2295
1316
2087
1316
2286
1316
2298
1316
2088
1316
2049
1316
2297
1316
652
1316
2074
1316
3041
1316
2077
1316
3292
1316
582
1316
3269
1316
3250
1316
2045
1316
564
1316
2294
1316
2066
1316
538
1316
2282
1316
578
1316
3056
1316
1226
1316
1160
1316
707
2529
721
2529
3387
2346
392
1685
2339
2398
2934
2398
3009
2398
3363
2398
3350
2398
77
156
149
156
1137
3247
2469
3247
1966
3247
555
593
2325
593
1369
2183
2721
2183
1461
2183
1700
3199
1429
2849
2857
2849
1422
3221
1199
3221
1944
3221
402
3221
526
1288
1465
1318
556
2097
3382
3037
3299
623
617
623
619
623
915
623
422
2134
2046
1787
898
1787
366
2638
2292
2638
881
804
819
804
904
804
1351
804
3064
804
3149
804
860
804
2674
804
1320
804
1290
804
2071
804
1077
804
3140
804
3002
804
2070
804
2548
804
2082
804
855
804
2056
804
1016
804
3098
804
3049
804
3082
804
1113
804
847
804
1055
804
2054
804
3256
804
1957
804
1977
3022
3266
454
2286
454
117
202
205
202
2179
2175
2484
511
2389
511
1978
511
3121
3110
2011
3110
3180
3366
671
1673
3331
1976
2135
3295
1680
3295
3310
3295
2418
2511
2514
2511
1106
1936
334
1936
346
1936
79
24
229
3299
624
617
624
948
624
2704
624
290
2978
2160
594
587
594
2703
594
3136
594
2342
2184
994
1207
3023
1207
520
1207
563
566
1046
566
2867
391
383
391
1667
391
2555
391
459
1674
679
2846
973
637
974
637
629
637
3313
637
1683
2133
2948
1459
2210
1459
2210
1459
804
803
1032
1031
2845
2843
1843
2843
2280
2843
1844
2843
1358
2843
2543
2843
700
2843
2376
2843
2544
2843
565
2843
2848
2843
676
2843
2671
2843
655
2843
2672
2843
2375
2843
2850
2843
603
2843
2451
2843
1404
2843
2450
2843
2281
2843
3246
2843
1642
2843
1841
2843
1645
2843
1058
2843
728
2843
1641
2843
1196
2843
2849
2843
2846
2843
1262
2843
27
1874
1867
1388
871
3419
871
3408
2355
3172
453
2302
2462
2378
2462
1183
421
2883
421
419
421
1999
2918
2323
1978
731
620
2462
620
701
745
2102
590
1412
590
3325
3310
509
2079
1271
3378
1339
3378
2625
2755
3150
2755
257
2755
1992
2180
2181
1452
2087
1789
2049
1789
574
2870
333
346
395
398
755
1265
3074
1265
1356
1670
1687
647
1005
647
2693
647
2144
647
2984
3047
2769
3047
1086
1132
2053
1132
3357
2555
833
1802
1663
1802
1745
3184
2991
3184
2754
3184
1483
3184
1206
1819
742
1819
1685
1682
1685
1682
2759
359
358
359
3423
1744
2246
1744
3267
1521
2112
1521
927
1491
2875
1406
3421
1338
754
1338
3434
2264
3434
2264
2425
2264
274
2264
296
2264
1967
2308
399
2296
1190
1613
1302
1613
2877
1117
2689
1117
1119
1117
848
1350
511
1350
2725
2326
2196
2326
2326
2172
1984
729
2127
3078
1216
2807
798
2807
559
777
2094
1761
1664
1761
1746
1740
1744
1740
236
2947
46
676
1625
2846
1625
2999
1748
3130
2474
112
120
104
120
1186
1185
353
352
341
352
2891
3337
2159
3337
1182
3337
1048
1595
1243
2439
716
2439
1909
263
1213
683
283
1498
3158
1498
302
1498
1337
1498
295
1498
1500
1498
3432
1498
286
1498
3436
1498
291
1498
3434
1498
298
1498
3433
1498
1501
1498
735
1498
276
1498
1502
1498
753
1498
281
1498
267
1498
300
1498
1499
1498
273
1498
1209
1446
510
1411
663
675
310
2260
3415
2241
2416
2241
3405
1173
432
3322
3383
2607
3383
2607
610
612
629
612
2121
539
1090
539
900
1354
856
1354
907
1354
818
1354
409
1354
792
1354
2041
1354
699
1354
348
1354
862
1354
807
1354
741
1354
2057
1354
2050
1354
1325
2728
295
296
2503
2612
673
809
1111
809
2547
809
2055
809
882
809
2086
809
2287
809
841
809
3266
809
2295
809
2087
809
2286
809
2298
809
2088
809
2049
809
2297
809
652
809
2074
809
3041
809
2077
809
3292
809
582
809
3269
809
3250
809
2045
809
564
809
2294
809
2066
809
2853
809
538
809
2282
809
578
809
3056
809
1226
809
1160
809
3081
3413
3050
3413
443
742
308
2995
3090
1707
2591
1707
2715
1707
925
264
280
2761
1056
684
465
3278
367
1881
132
129
42
129
316
326
325
326
15
186
220
186
2379
2453
2855
2453
2854
2453
914
1455
987
986
987
986
484
1353
1750
2359
2990
2359
1649
1805
3271
1805
3251
1135
1430
1135
1037
2933
1036
2933
3036
2933
2455
1262
2862
1262
1406
1262
2947
2936
146
145
115
145
1049
2687
3213
2812
778
2812
2450
1610
1196
1610
2771
1174
923
1174
2250
1174
3262
2691
2377
2456
1853
2456
1100
2561
3123
3122
3114
3160
516
3387
871
3387
1173
3387
1688
680
1691
680
1001
680
1879
680
929
260
241
3062
3339
115
75
3403
3010
688
3010
2763
1743
1174
1743
913
3193
311
3193
2260
3193
2941
968
350
1551
361
1551
928
3079
3137
945
3137
295
2263
423
1957
303
3196
1094
1558
544
1558
2696
1069
1270
2352
2511
2352
1121
1249
684
1249
12
220
221
220
254
1170
232
1170
2856
1614
1664
1614
2480
2147
