2644
744
262
682
521
2669
353
491
2897
108
2881
3403
1308
2406
2338
1264
613
141
1296
1172
1729
2350
2117
1326
625
81
761
1777
740
2774
2739
3093
2999
3021
3096
249
748
2185
2507
595
3237
1683
446
498
130
1260
1241
1675
2411
3060
3222
113
2173
2354
1539
2574
1612
2539
2725
2553
338
406
707
1684
1742
3423
1809
3178
2461
350
2556
881
2924
2353
455
1986
2650
2262
2756
805
1359
2512
2135
2753
610
2174
3260
411
1680
743
3369
2845
354
3293
1968
3349
1928
551
957
2984
1263
2249
1147
2170
614
3296
2069
558
1352
69
2301
622
1391
2182
599
2520
1421
2734
592
1800
1130
1229
1672
1450
1615
1756
2468
1506
1438
206
265
1398
1346
685
1593
3147
1127
2316
3321
2288
1183
3299
2829
2318
1623
1097
3084
2629
787
1134
147
1804
1454
1175
673
1511
976
3393
1624
3195
936
1594
66
1566
2562
1184
2811
2692
2207
173
301
1637
2762
674
2611
2031
1133
1803
459
1355
1453
867
1871
2935
2960
978
2455
1745
1620
3210
1590
1180
1079
2993
3099
452
3121
288
789
2132
316
802
670
1647
2265
169
3284
2996
318
819
845
2013
1162
1111
1054
1274
2822
2637
2698
1534
1902
2837
2622
146
1497
2880
1889
185
226
3139
272
1919
3307
3174
1527
1106
1038
1836
1149
1270
2247
1665
1417
1050
1530
3061
2968
41
1012
939
2163
2025
3112
1995
771
1767
903
3020
207
2196
586
2493
2208
2164
2496
532
2651
3107
2010
2272
2226
1369
2052
2955
3384
1479
3409
2460
1887
904
1701
3312
1053
1951
1273
2141
2160
2903
2059
568
1533
1435
3153
2906
2014
56
1958
3156
2578
1557
3343
900
2778
1718
2872
30
1688
3261
1716
856
1285
247
2434
3055
2547
379
1662
117
1015
1843
2864
2499
2098
2046
828
329
2427
2521
2022
3229
114
2284
1992
1307
1999
2397
3007
2747
2430
1165
842
909
1649
283
663
517
1781
1
3268
2889
1905
993
2908
2091
1023
275
2280
2121
433
3320
2677
1037
469
726
1432
427
1840
1861
877
2329
696
397
631
664
284
2484
708
1848
2610
1024
2716
3255
434
1576
1201
2810
966
994
1282
2713
32
2379
59
2595
3012
2665
1844
193
3365
2433
535
3162
155
3120
2055
660
280
641
2275
3211
1188
2283
1020
1578
1216
430
2795
3068
2961
1218
105
990
243
1466
2633
882
1494
3272
1524
2861
72
1760
1741
2636
2912
2730
1553
2068
559
3303
2248
2836
2524
1969
3306
1537
2833
1057
1410
236
1929
1277
2261
2240
3424
1490
1826
1520
1796
2445
1883
1808
3377
1764
412
339
2035
3080
197
1351
3357
1875
2086
2244
552
1358
305
1414
492
749
248
907
2989
1884
3103
3008
1763
499
240
261
681
2481
2236
2497
522
3158
3106
1606
1538
1171
2167
2243
1515
1413
1550
43
3072
1880
1425
1523
3280
762
244
2305
2907
1395
1493
3157
1611
1728
3214
3404
2339
2412
1309
1242
1554
2964
2017
3361
2546
1078
2424
17
979
2394
2972
415
2543
1304
85
2287
2366
3108
510
2032
818
319
1872
3089
2743
2437
3003
788
289
3171
2746
3006
2640
14
302
555
816
176
3205
3394
2855
3368
2420
1256
2535
1076
101
2570
885
2702
2390
3064
128
70
2818
1300
458
514
2673
2618
393
2676
451
423
873
3348
1033
2131
2770
801
3289
736
1422
437
2181
2319
591
1027
3308
2302
621
997
2582
765
1399
2920
1392
2654
2289
424
874
2782
2717
1034
1245
366
1671
667
287
513
2415
394
2868
598
546
2393
495
2980
1303
2749
203
2423
525
870
1847
420
2549
1439
5
1512
1030
1228
390
3264
1143
177
1959
8
531
2893
2051
1386
645
953
2271
1267
2731
60
2058
569
2114
2896
3417
1689
3035
2860
1770
747
3344
1702
26
1476
3245
1719
1336
3324
2503
1368
635
3233
1952
3236
3081
2110
2357
3097
2209
2506
2142
1865
3383
1774
1478
703
2472
13
1205
1785
1148
938
1006
216
2557
1112
1039
3045
2814
1161
2177
1140
950
1687
271
2757
704
2614
2125
2480
1901
2095
1773
143
1011
2113
139
1144
617
2688
2558
954
2709
1918
772
700
192
2758
3124
357
88
1916
656
3297
1888
3281
3170
162
780
2641
632
2605
2884
171
1955
486
1643
1862
2145
1431
3335
3218
1120
196
1219
1281
2376
1090
1189
1202
3408
1579
2945
2805
1457
863
3024
3146
1849
709
642
1807
124
2771
784
1137
1633
3143
468
29
2328
62
2203
2378
1705
1124
1094
219
1066
2571
376
1634
677
1661
1640
926
3135
908
1648
2464
864
896
783
1627
1991
775
1093
3149
2921
2899
2204
1187
1597
2021
1123
1782
378
1644
1630
2685
47
841
860
1115
3182
2122
2508
2156
2489
1946
1998
2200
2997
328
829
2099
2092
44
2981
2769
1869
1337
322
110
2029
461
1477
440
3004
3115
2744
2128
798
746
299
3400
448
292
1324
2867
2569
2404
345
1266
1387
2544
1294
982
565
821
2639
2625
403
2674
444
3090
1935
74
1975
791
1320
77
2356
1983
2528
1081
3066
2848
3198
3063
2400
2825
1290
190
2875
404
2550
1686
2345
443
1231
1315
2491
3315
2656
601
2322
2750
2487
2176
1419
1007
2979
1984
2292
1389
3420
1402
2299
2653
2952
3266
1442
1509
1917
657
356
3359
3263
400
1668
2901
505
2919
2403
3151
588
2178
755
616
1293
1980
1323
3290
618
166
1348
562
3304
33
25
3177
2523
2310
1932
2526
2834
1340
2377
1361
3079
1972
1754
879
2634
313
487
1504
1811
201
325
2251
973
1067
2071
112
933
1344
2258
549
2314
295
1563
2729
1750
3346
3052
1500
409
342
1136
1806
1738
160
985
1456
2438
1343
1445
1596
2313
1564
1731
1186
1608
2711
2792
974
1626
934
3415
2592
502
3104
2662
897
3015
752
489
3390
3165
3279
519
676
377
310
927
2966
3252
1168
3213
1560
1541
209
3216
1947
970
2157
2963
930
1312
1239
2342
2409
2325
251
1753
2295
2990
314
1405
1503
678
258
759
1222
237
1056
1276
2381
3225
3328
3396
1536
1830
2798
1100
2938
1582
1199
2722
1192
2598
86
224
629
2737
2886
2883
2331
2215
1859
853
1713
471
1467
1278
167
2193
583
1695
34
1725
1104
2087
1834
3382
2223
3091
1852
712
639
3023
1965
1797
3087
1428
575
3144
1827
37
3169
3026
2001
1103
1833
2224
2490
2194
331
2751
584
1607
2166
3128
381
2551
2466
850
1710
2237
2463
2842
906
838
2016
3287
2220
2119
1988
2515
3291
2190
2900
2089
6
2018
149
3150
3340
133
2102
832
3432
580
28
2678
854
1714
1779
1658
223
1045
125
1651
911
1699
817
3426
3028
1692
73
1722
2436
3238
1481
1855
715
2367
1371
2286
2894
1962
1213
2044
2647
572
121
1225
2577
723
89
693
181
1585
2859
1195
2268
3323
2048
2504
1573
3234
528
1257
963
2212
2139
2040
2777
2061
1077
3326
1949
694
2613
286
666
367
1921
2927
1891
724
835
2616
2105
964
2710
2932
3406
1008
996
2452
2816
1026
2813
1210
1574
436
737
9
3038
1109
1042
2987
690
2765
2991
268
769
3123
3126
1846
1898
2479
3375
720
2043
941
960
1151
3355
3192
2565
1158
2695
1214
1570
547
1790
1526
1669
1232
227
1508
1464
3402
1820
1496
2475
1545
2630
2887
2736
2291
234
619
1401
2891
2830
589
3300
151
2733
2080
255
602
3436
2179
2321
1794
3032
1766
3367
1460
1441
2233
1735
3242
1824
1603
3231
1388
3086
2519
2246
2298
2501
1416
230
3027
158
1418
3083
1837
2084
1107
2234
291
1823
2255
321
3434
1793
1886
2075
462
3100
2467
3188
2227
981
2083
3209
1604
587
3422
2959
2197
106
2230
2994
1717
857
246
1463
1365
298
799
2129
3286
792
449
822
3283
1868
2028
1556
1815
2448
2928
1082
3042
1600
233
2540
543
2396
2408
1306
1238
3371
2364
3059
2047
1070
1250
1169
1732
2426
2643
758
679
259
814
21
2740
501
3000
2646
751
3433
3351
3332
733
68
2341
2360
3358
2576
1311
1235
2718
2573
1542
1609
1254
94
1074
2802
2942
518
2773
3094
810
2602
97
2670
3327
363
516
488
252
605
3141
2776
137
2923
1362
548
2259
1931
1253
1971
967
1073
795
2754
1577
561
540
734
2617
825
2926
188
1739
2554
1812
364
2817
408
396
2682
697
109
179
426
727
1085
876
3259
3185
1036
3392
3294
2986
2072
1349
730
2983
544
1217
2252
2649
3127
465
2363
341
360
163
3386
3132
55
878
2838
813
3301
2019
2088
58
3319
1327
332
2116
10
1297
2002
1989
2118
2831
1384
93
2407
2890
3048
1474
2866
1334
2631
132
1913
945
653
2442
1155
1659
1778
382
136
2863
2915
1895
1003
2101
831
3428
3230
3380
1380
2500
1925
154
1470
447
3067
839
912
1652
1330
3275
1776
1581
3248
1191
2382
1279
1221
1987
2714
1004
2332
650
1910
2065
2486
1429
3119
472
2657
3101
65
706
638
407
2483
1198
1146
1383
1485
956
3267
2809
3342
3075
1000
2788
1858
2609
90
1914
654
2658
2588
711
1851
628
1375
1473
1333
3176
1892
3019
1507
3001
2741
484
1757
1899
3173
1922
768
269
2527
3202
2153
2852
1060
1041
211
1159
1943
1655
915
2532
2705
2541
2374
480
373
2671
923
3140
335
2005
2879
893
786
12
1096
1108
1064
1009
3411
942
2975
385
1347
2370
2317
1126
1152
1721
866
184
1482
894
2948
1636
374
924
1691
571
1567
2138
2206
1948
2494
92
1372
2049
937
2150
2269
1940
1961
977
213
529
1063
2785
2967
890
317
920
370
2459
2385
1646
1698
483
3217
199
2062
2335
2211
2904
475
2373
3154
51
2154
2585
1944
507
1484
3276
892
899
2827
2632
757
2441
148
372
200
922
3273
1768
3302
1153
2159
1915
943
655
2913
2060
2041
2916
2832
2627
1374
1923
1480
3054
172
3385
3240
2865
3030
1005
161
1893
1786
2096
102
2064
2108
3117
1942
3421
2009
1317
2152
2126
2347
1370
45
1866
721
1894
3102
2664
2594
482
1924
636
691
1138
1206
567
1571
3076
948
1150
3073
1937
1269
2372
1049
1529
2063
940
961
1977
2794
2759
1890
646
698
1385
1483
2485
347
1920
3401
3317
3040
1211
1335
1062
3254
1373
1475
76
2877
2559
2689
1154
2708
944
2976
3219
2851
3201
1088
1019
2327
2531
1116
429
2297
1002
2542
204
2384
2973
1407
1118
989
3002
2742
474
100
2334
3
1945
1653
913
3364
71
2155
778
279
659
895
2706
3431
1101
2940
1831
2800
2003
18
333
3330
925
2703
375
2380
470
1447
383
2672
1912
652
1839
2330
3391
3175
3429
776
2600
2586
79
581
334
2191
2898
3148
2279
2221
1382
2583
987
2004
1065
2429
327
1332
910
1650
2783
1472
2786
191
384
1638
1706
297
2680
330
3372
2146
2198
2509
1956
2383
485
2488
3167
217
3017
2000
83
914
1654
858
2954
1628
380
473
3352
2375
1711
851
2333
3130
1543
144
1396
2892
2306
2238
1364
1408
3085
3341
2250
1426
2169
732
2070
1047
253
2440
1814
362
1679
1758
1501
1751
3232
1733
2311
2235
2502
1360
1341
2735
2074
7
609
542
2254
3031
1518
2476
4
1810
1516
180
2473
3227
349
61
1488
3241
1605
1259
931
2362
1548
2454
2073
1795
1967
971
2253
2934
1825
1734
1540
577
1561
84
2988
238
812
306
739
1697
87
3009
1876
2517
2085
250
1727
3159
3285
15
2036
3194
1544
2217
1730
1252
3041
2349
1072
1363
1465
235
311
254
36
1878
1813
526
208
790
3109
2775
3088
669
2232
464
508
496
545
820
1291
2401
1619
2850
1589
2724
3200
1602
2575
2530
1179
1321
3435
1080
794
766
2601
2645
2619
1233
460
441
824
735
3142
3331
603
2388
2416
1246
1298
365
2801
837
1084
2107
2941
2819
2418
1234
2697
401
2567
823
123
2681
793
1075
886
1255
2844
48
39
2869
1462
1227
232
3288
1083
3309
135
1981
604
1587
2767
1197
2985
3412
1799
463
2548
2365
1129
717
1857
416
1230
3131
388
3186
1792
1449
418
3183
1822
868
1028
815
556
2925
2748
600
2082
1817
699
692
3025
3416
1436
722
3138
481
1286
1367
2371
1715
855
962
127
2213
80
1572
1044
2699
2721
2225
2604
3092
1723
107
1693
585
2195
2885
2477
1048
1268
3223
3334
573
1528
2804
1040
2077
1061
2944
1963
2257
1139
1212
104
949
2969
3226
1694
2684
921
371
1666
2552
99
891
165
1835
1105
1724
2841
2008
2513
1964
115
1996
2026
2516
2042
2109
1737
2752
2210
574
3134
1690
1769
3345
2779
2950
257
1720
2465
898
846
1941
1960
1043
3292
225
2151
570
2214
1547
2579
2158
1381
2276
2056
2498
2222
3228
536
3325
582
2199
830
198
2100
150
2192
1629
1331
1215
859
467
1471
1853
713
1193
2888
2278
2909
1583
695
2104
834
1087
725
1223
1639
1712
852
174
82
3034
797
965
827
2428
3244
1575
3269
3050
2103
833
2790
1001
2931
2696
1224
2566
2451
2693
1194
2563
1166
1584
607
3125
2763
1237
222
710
1850
276
2660
2590
1906
1838
2766
1016
3187
988
1119
3191
1220
3370
1018
1089
3250
3069
1190
428
3044
2815
1580
1102
1832
96
658
278
779
2615
714
1854
2992
1911
651
3363
3350
2045
2348
1562
2534
2826
3405
2854
3204
3277
2720
210
1377
2340
2361
1310
932
2823
972
3065
1879
754
1487
343
2668
2623
504
811
40
2626
2917
1071
3356
2067
1973
1251
1933
1549
1314
2344
1258
405
2538
563
3113
750
500
2998
2738
3376
2136
738
312
806
239
3116
2
456
1985
1313
2343
445
2492
596
2186
608
731
564
3381
1974
31
1934
626
3077
1897
3425
1502
1752
1489
348
2840
3179
3265
1519
159
1927
361
340
1676
3152
2902
541
560
2168
3313
1970
947
2655
3316
1409
1342
1930
1157
2239
2312
2951
2876
1325
214
1295
753
344
1759
1678
503
2405
2873
869
2337
419
477
1440
1461
2977
194
1029
402
1128
2469
1798
1746
1448
2444
389
2324
0
1404
2387
2266
231
315
1982
2294
103
1821
118
1565
2628
293
2707
3051
1444
189
935
1791
975
323
2525
2081
2320
1356
983
3298
126
2828
1400
142
2290
42
178
2661
2591
2587
324
294
2231
2315
266
1345
686
1443
387
3395
3215
2419
1176
1601
337
1322
2389
3410
2965
2007
2712
2930
984
2791
1292
2787
1299
2402
2450
3166
509
442
3098
320
3013
1657
917
290
3016
3163
668
3251
1505
1403
1588
2293
1178
1755
1616
980
2323
3190
1618
3049
2727
3270
1632
22
1780
955
643
1486
2431
862
1145
3397
3318
3235
1376
2505
2281
2219
2120
2189
2910
2732
2090
2202
3418
579
1863
457
807
1784
2137
3033
3246
1642
849
1709
3036
3243
633
1468
2471
1328
1203
2895
2124
1378
705
2094
3082
212
2066
1926
640
281
1677
661
634
2764
3118
1864
3398
1908
648
1896
1783
1775
2093
991
627
2847
3070
3249
1204
2694
2187
431
2564
2123
1021
597
630
644
2608
782
2589
2659
2115
175
1860
1841
3282
3046
1156
1122
998
946
1829
1099
2808
1200
2789
3043
1092
2970
1531
2143
959
3354
1271
2267
1645
1953
2386
140
1051
1114
1058
1569
67
164
3018
3427
689
64
702
770
1747
2642
53
476
98
3374
2336
3388
3145
719
20
3224
2700
2946
3430
2806
2368
3333
1635
2943
2803
952
3336
1142
1209
865
2572
1357
1110
2603
774
2772
2878
478
1703
131
2205
2606
785
2580
2514
2148
3407
2922
2006
1938
2161
1177
2140
336
2039
2112
1950
1125
386
687
267
2683
1704
2949
2780
901
2457
1095
773
2686
2937
1113
2011
3362
1617
2144
1954
2982
368
1700
3133
918
1772
221
1656
916
2458
3197
3136
888
3181
2911
1424
2078
1394
1979
2304
245
1366
1287
2446
1032
1510
422
1437
1818
872
2862
392
1788
3271
1816
1555
2443
399
3305
1885
2076
1420
2256
2518
3338
1390
228
2835
2300
57
1514
303
1458
2635
54
2470
63
1873
1451
1131
11
1801
2033
1319
1181
3189
2422
1736
3208
91
2027
1591
2399
1765
1302
1997
1621
1289
3071
2958
2392
153
1874
2034
2482
1415
1513
304
1667
671
2245
195
2449
1598
1546
1495
1393
2929
2303
52
1525
1423
2957
95
256
1870
847
3014
2030
3105
512
439
215
300
2228
119
3164
466
2675
413
494
2624
1882
524
3172
760
741
2533
553
2853
1248
1559
1068
3203
2856
537
2971
3058
969
3206
929
2824
2536
1261
1240
2277
2410
2057
168
3114
2745
3005
3379
3414
183
826
3347
490
796
883
520
764
309
242
808
152
1035
1086
875
425
2351
2545
2719
395
2701
3057
2414
1244
2358
1552
1907
884
2781
1492
50
1749
1499
763
2797
1236
410
1681
277
116
1522
3258
1167
2171
538
606
2413
515
1243
2581
550
2667
2597
523
2425
351
880
3180
2839
358
1305
1762
414
3257
2395
493
2874
728
611
3314
2242
2309
554
1412
1339
2648
1017
1434
2621
138
182
2599
282
662
843
2015
432
1427
1098
1046
1828
1022
2447
3329
1284
2821
992
2307
2939
2799
1397
78
2974
999
2165
1909
649
1842
1430
3111
1517
1663
781
3168
905
1091
1993
111
1121
2023
1280
2704
3062
3220
1469
2037
3129
840
861
1877
2784
1329
2432
1726
1696
1708
848
1664
1631
307
3155
3389
2024
2905
2201
576
205
2652
1966
2510
2584
1379
2282
1994
2679
844
2953
1535
1433
3262
2871
2956
1275
1641
1660
1055
187
1283
2020
3311
2495
2188
578
2216
19
1990
2218
2111
2522
1013
1845
157
2162
3399
2914
2274
2054
534
497
902
889
3029
3239
919
2537
369
2857
527
3207
3274
2038
2106
836
2050
2417
2149
665
285
1247
2270
1939
2012
1163
530
435
3053
273
1025
767
1771
995
1903
2858
3056
16
1196
2796
2690
1164
2560
1586
1208
3074
1010
218
1532
2369
1052
1226
3039
2793
1272
479
3419
2663
887
1904
2593
2666
2596
2760
274
701
2273
951
3360
3212
3353
2053
23
1059
35
1568
3253
2435
533
1160
1141
958
3256
1014
2715
2962
557
3011
718
1900
688
3161
3373
270
2285
417
2478
716
1856
1301
1622
2820
2391
2726
355
2421
1182
2723
1599
2568
134
1592
122
672
38
2229
800
3095
2130
2768
450
49
170
2620
615
756
438
506
2882
2127
1316
2529
2346
1685
2398
156
3247
593
2183
3199
2849
3221
1288
1318
2097
3037
623
2134
1787
2638
804
3022
454
202
2175
511
3110
3366
1673
1976
3295
2511
1936
24
229
624
2978
594
2184
1207
566
391
1674
2846
637
2133
1459
803
1031
2843
27
1867
871
2355
453
2462
421
2918
1978
620
745
590
3310
2079
3378
2755
2180
1452
1789
2870
346
398
1265
1670
647
3047
1132
2555
1802
3184
1819
1682
359
1744
1521
1491
1406
1338
2264
2308
2296
1613
1117
1350
2326
2172
729
3078
2807
777
1761
1740
2947
46
1625
1748
2474
120
1185
352
3337
1595
2439
263
683
1498
1446
1411
675
2260
2241
1173
3322
2607
612
539
1354
2728
296
2612
809
3413
742
308
2995
1707
264
2761
684
3278
1881
129
326
186
2453
1455
986
1353
2359
1805
1135
2933
1262
2936
145
2687
2812
1610
1174
2691
2456
2561
3122
3160
3387
680
260
241
3339
75
3010
1743
3193
968
1551
928
3137
2263
1957
3196
1558
1069
2352
1249
220
1170
1614
2147
