2644
2841
744
460
262
1504
682
1701
682
681
682
998
521
1471
521
2201
2669
1946
2669
380
353
347
353
340
491
2049
491
2066
2897
3380
108
96
108
119
2881
2898
3403
247
3403
1188
3403
248
1308
2167
2406
2750
2338
2598
1264
1104
1264
3026
613
610
613
977
141
196
141
95
1296
730
1172
255
1172
1349
1172
232
1729
2614
2350
2241
2117
499
1326
298
625
980
625
624
81
32
761
709
1777
892
1777
833
740
1666
2774
300
2739
2612
3093
1747
2999
3125
2999
3427
3021
2342
3096
2889
3096
2393
3096
2904
249
2243
748
3128
2185
2191
2507
3404
595
2570
595
1686
595
3328
595
2586
595
3013
3237
2669
3237
338
3237
288
3237
329
3237
3268
3237
412
3237
2035
3237
390
3237
378
3237
461
3237
1315
3237
547
3237
2374
3237
1646
3237
372
3237
2542
3237
1945
3237
2279
3237
2841
3237
2667
3237
351
3237
398
1683
3100
1683
1018
1683
1017
446
3321
446
903
446
2142
446
1083
446
2882
446
2147
498
483
498
479
130
210
1260
583
1260
2290
1241
713
1675
1963
1675
2133
2411
242
3060
1207
3222
1398
3222
715
3222
385
3222
884
113
30
2173
1991
2173
960
2173
2718
2354
2236
2354
2237
1539
403
1539
404
2574
1695
2574
1697
2574
1707
1612
654
1612
661
2539
882
2539
1154
2725
3148
2553
526
338
330
406
401
406
2589
707
696
1684
3019
1742
258
1742
2624
1742
2760
3423
357
3423
3196
1809
580
1809
1139
3178
3071
2461
2869
2461
2111
2461
1031
350
343
2556
2894
2556
3334
2556
2572
881
708
2924
3336
2353
3072
455
2289
455
1283
1986
3359
2650
1418
2650
1677
2262
273
2756
2978
805
1359
1200
2512
3415
2512
2416
2135
2137
2753
245
610
2912
610
3345
610
946
610
2911
2174
2486
3260
2312
3260
2700
3260
3305
411
405
1680
2137
743
939
743
2981
3369
2729
3369
2600
3369
2732
2845
623
354
347
354
340
3293
3205
3293
1035
3293
729
1968
2705
3349
1466
1928
461
551
2493
551
3089
551
3135
551
2001
551
3372
551
2399
957
2219
2984
2255
2984
2773
2984
1907
1263
3304
1263
1104
2249
256
1147
2305
2170
2176
614
613
3296
560
2069
1213
558
572
558
556
1352
2605
1352
2605
1352
3043
69
81
69
147
2301
2465
2301
2560
622
982
1391
3003
1391
3053
1391
2691
2182
1462
599
2154
599
3092
599
2136
599
2878
2520
302
1421
691
2734
3387
592
1358
592
1642
1800
1843
1800
603
1130
2295
1130
652
1229
443
1672
3361
1450
2631
1615
654
1615
2067
1756
3425
1756
1489
2468
3315
2468
799
2468
3199
1506
2062
1506
777
1438
3346
206
207
206
56
206
175
206
153
265
1499
1398
3162
1398
3161
1346
845
1346
3174
1346
469
1346
645
1346
1189
1346
896
1346
1344
1346
519
1346
1217
1346
893
1346
1096
1346
636
1346
542
1346
669
1346
823
1346
1331
1346
3166
1346
705
1346
640
1346
493
1346
1121
1346
576
1346
1059
1346
672
1346
453
1346
684
685
2166
685
687
1593
2289
1593
858
3147
1735
3147
1730
1127
673
1127
3041
2316
1869
3321
2163
2288
3103
1183
1975
3299
3312
3299
227
2829
3284
2829
897
2318
3331
1623
3054
1623
3288
1097
1695
1097
1697
3084
2201
2629
1483
787
734
787
1040
787
2874
1134
2150
1134
1284
147
208
1804
2075
1804
2073
1454
1455
1175
2617
673
1425
1511
1371
1511
3212
976
2912
976
946
3393
870
3393
1173
1624
1057
1624
1379
3195
1460
936
1499
1594
415
1594
2291
66
93
1566
1312
1566
3295
2562
3143
2562
1029
1184
1474
2811
1110
2811
901
2692
1279
2207
995
173
94
173
163
173
127
301
1637
1303
1637
1302
2762
3423
674
1425
2611
2502
2031
3282
2031
675
1133
2284
1133
1086
1803
1096
1803
576
459
2705
459
1028
459
2885
459
1029
459
1873
1355
566
1453
1992
1453
996
1453
2002
1453
3033
1453
2956
867
3195
867
3027
867
725
867
607
1871
447
2935
293
2960
2232
2960
2007
978
979
2455
1299
1745
2770
1745
806
1620
2098
1620
877
3210
2131
3210
2309
1590
1115
1590
3054
1180
2929
1180
1459
1079
840
1079
887
2993
753
3099
2252
3099
2253
3099
3133
452
726
452
2319
452
1030
452
447
3121
2014
3121
732
3121
1342
3121
307
288
271
789
499
2132
2310
316
1442
316
2577
316
2575
316
324
802
2496
802
1477
802
2224
670
2671
670
728
1647
466
2265
2375
169
106
169
100
169
104
3284
595
2996
2775
2996
2264
318
316
318
289
819
844
845
1189
845
1217
845
893
845
1408
845
542
845
823
845
493
845
576
845
672
2013
733
2013
2982
1162
3001
1111
3003
1111
3262
1054
680
1274
1275
2822
1358
2822
1841
2637
349
2637
344
2698
724
2698
2584
1534
1848
1534
389
1902
2356
2837
329
2622
3409
2622
257
146
131
146
129
1497
1498
2880
1871
1889
2495
185
216
185
79
226
3139
3035
3139
1906
272
1919
450
3307
1872
3174
2126
1527
396
1527
386
1106
2460
1106
1652
1106
1409
1038
2494
1836
856
1836
862
1149
741
1270
2418
1270
2513
1270
2417
2247
3133
2247
3155
1665
664
1417
695
1050
2339
1050
2934
1050
3350
1050
3356
1050
2344
1530
878
1530
2293
3061
2331
3061
1717
2968
3093
2968
1747
41
175
1012
2099
1012
388
939
1751
939
2256
2163
2188
2025
444
3112
2955
3112
2954
3112
3370
1995
3171
1995
963
771
1180
771
970
771
971
1767
2122
1767
1085
903
3341
3020
2192
207
209
207
119
2196
2507
2196
3006
2196
2963
586
2102
586
585
2493
3141
2208
237
2164
3331
2496
1482
532
504
532
1411
2651
881
2651
904
3107
1169
3107
3137
2010
743
2010
2244
2272
1059
2272
684
2226
1902
2226
2414
1369
3386
2052
2552
2052
2386
2052
2858
2955
1897
3384
1742
3384
2619
1479
2508
1479
2235
1479
738
1479
3418
3409
3150
2460
2576
1887
1895
904
701
1701
1345
3312
3015
3312
228
1053
686
1951
352
1273
1361
1273
1361
2141
1692
2160
2170
2903
2173
2903
2175
2059
527
568
563
568
1046
1533
2085
1533
1197
1435
2695
3153
2493
3153
2177
3153
3372
3153
2399
2906
776
2014
911
56
1958
1857
3156
3416
3156
1748
2578
918
1557
3149
1557
3082
3343
2611
3343
2329
3343
2195
3343
3376
3343
2410
3343
2918
900
1428
900
1108
900
1105
2778
666
2778
2078
1718
1893
1718
2949
2872
1702
30
1688
2483
3261
709
1716
1888
1716
3154
856
445
1285
3170
247
933
2434
1410
2434
644
3055
776
3055
710
2547
1153
379
3357
379
1278
379
2564
1662
1380
117
175
1015
1440
1843
1648
1843
1416
2864
597
2499
2013
2499
2246
2098
2554
2046
883
828
845
329
287
329
2851
2427
1313
2427
3253
2521
3436
2022
2084
2022
1092
3229
3238
3229
859
114
58
2284
1281
2284
2381
2284
2303
1992
1175
1992
1741
1307
3317
1999
2739
1999
2734
1999
2346
2397
2487
2397
2337
3007
740
3007
707
3007
674
3007
1218
3007
3008
3007
591
3007
632
3007
1219
3007
468
3007
3263
3007
755
3007
879
3007
602
3007
3283
3007
1235
3007
697
3007
3075
3007
1152
3007
721
3007
1101
3007
1313
3007
1095
3007
553
3007
880
3007
843
3007
3253
3007
745
3007
1117
2747
277
2430
1144
2430
1236
1165
938
1165
292
1165
2977
842
671
909
921
1649
1961
1649
1678
283
282
663
873
663
662
517
2569
517
2124
517
1681
517
511
1781
1109
1781
815
1
0
3268
1401
3268
408
2889
2908
1905
754
1905
304
993
3182
2908
3030
2908
1708
2091
685
1023
1024
275
2280
731
2280
2462
2121
734
2121
1040
2121
2874
433
434
433
1014
3320
1878
2677
1429
1037
2737
469
2562
469
1282
726
1704
1432
1286
427
1184
427
2490
427
1706
427
988
427
3395
1840
1950
1861
2164
1861
1973
1861
1976
877
446
2329
2489
696
692
696
686
397
2897
397
987
397
1703
397
986
631
2281
631
1196
664
1447
664
1001
284
283
2484
1467
708
703
708
1052
1848
391
2610
3403
2610
688
1024
3377
1024
1021
2716
2730
2716
2945
2716
2198
2716
2000
2716
2214
2716
3071
3255
517
434
2899
434
2900
434
1706
434
3381
1576
3149
1576
860
1201
437
2810
3304
2810
2120
966
2743
966
2608
994
995
1282
458
2713
2924
2713
1884
2713
525
2713
3000
32
2379
1436
59
2595
1273
2595
1361
2595
3129
3012
2706
3012
3013
2665
591
2665
1235
1844
2553
1844
1427
193
8
193
199
3365
2211
3365
3197
3365
2216
2433
2086
2433
2297
535
906
535
2079
3162
761
3162
403
3162
2102
3162
580
3162
426
3162
385
3162
470
3162
3085
3162
794
3162
793
3162
1139
3162
1237
3162
3065
3162
504
3162
763
3162
1412
3162
1411
155
30
3120
1893
3120
2949
3120
3037
2055
1958
2055
1653
2055
1854
660
2842
660
3200
660
2840
660
2686
660
2033
660
2679
280
641
973
641
2146
641
1444
2275
2091
2275
2070
3211
1307
3211
1865
3211
3291
1188
3416
2283
2135
2283
3325
1020
1993
1578
575
1578
1301
1216
657
430
1019
2795
745
2795
1117
3068
2484
2961
3046
1218
1002
1218
820
1218
1448
105
100
105
134
990
3378
243
1466
1175
1466
2222
1466
1176
2633
926
882
599
1494
926
3272
498
1524
507
1524
899
2861
2143
72
5
1760
1497
1741
1742
1741
2619
2636
3064
2636
1113
2912
2485
2912
3194
2730
3373
1553
1340
1553
3039
2068
374
559
3153
559
557
3303
1868
2248
311
2836
1410
2836
632
2524
1417
2524
3214
1969
1701
3306
2586
1537
2075
1537
2081
2833
2864
2833
1291
1057
2568
1410
611
236
1929
3268
1277
1278
2261
2774
2261
866
2261
935
2240
1745
2240
3417
2240
2969
3424
2993
3424
2261
3424
2519
3424
3434
3424
937
3424
1163
3424
1164
1490
3435
1826
794
1826
2100
1520
2043
1520
2062
1796
565
1796
1642
2445
697
2445
3111
1883
2729
1883
2600
1883
2732
1808
519
1808
1331
3377
2741
3377
961
3377
962
1764
1300
1764
1348
412
408
339
2209
339
322
339
2404
2035
2862
2035
1845
2035
1406
3080
3177
197
34
1351
477
3357
373
1875
2914
2086
682
2244
2981
2244
2765
2244
2256
2244
2015
552
1042
552
2913
552
1451
552
2728
1358
2552
1358
2386
1358
2858
305
1414
589
492
3065
492
767
749
3276
749
2383
749
2130
248
1487
907
1200
2989
924
1884
2734
1884
2346
1884
2612
3103
2138
3008
1214
1763
900
1763
902
499
483
499
479
240
261
1853
681
997
681
2178
2481
916
2236
2415
2236
2768
2497
1895
2497
2609
522
874
522
1209
3158
918
3106
2234
3106
1739
3106
2962
1606
2041
1606
417
1538
791
1538
3270
1171
232
1171
2943
1171
1994
2167
1039
2167
2594
2167
1708
2167
3029
2243
1487
1515
1320
1515
1957
1413
2568
1550
371
1550
361
43
98
3072
2357
3072
3073
1880
1883
1425
873
1425
662
1523
851
1523
478
3280
864
762
2752
762
1740
244
243
2305
2138
2907
315
1395
3280
1395
1076
1395
440
1493
3431
3157
3133
1611
1404
1611
1645
1728
1894
3214
2132
3214
2313
3404
3121
3404
2011
2339
2212
2412
256
1309
3327
1242
696
1554
544
1554
537
2964
2975
2017
3425
2017
267
3361
413
2546
1391
1078
2283
1078
852
2424
276
17
979
980
2394
3369
2972
754
415
406
2543
612
1304
1420
85
13
85
221
2287
2860
2287
2119
2287
1962
2366
1189
2366
640
3108
3139
510
2889
510
1311
510
484
2032
3255
2032
2079
818
844
319
1500
1872
448
1872
2487
1872
3340
1872
1711
1872
2590
1872
2482
3089
3024
2743
2961
2743
2744
2743
2413
2437
2845
2437
2450
3003
3004
788
1300
788
1112
788
1348
788
1151
788
1347
788
3285
788
2998
788
1114
788
901
788
1302
788
3014
788
836
788
1141
289
1442
289
2382
289
2575
289
2567
3171
2743
3171
2608
2746
751
2746
2761
3006
3047
2640
881
2640
855
14
302
301
555
3021
555
551
555
3020
555
2184
816
394
176
211
176
82
3205
861
3394
869
2855
1047
3368
3383
3368
3009
3368
2607
2420
2253
1256
1085
1256
2118
2535
822
2535
605
1076
1435
1076
1015
1076
2385
101
58
2570
1982
885
1949
2702
914
2390
2331
2390
1713
2390
1318
3064
599
128
41
128
84
70
34
2818
2069
2818
1060
1300
522
458
993
458
1027
458
2717
458
2322
514
513
514
513
2673
289
2618
241
393
383
393
392
2676
1672
2676
2868
2676
2680
451
2163
451
2157
451
1083
451
1979
451
2165
423
1024
423
1862
423
3346
423
989
873
1447
873
1001
3348
2344
1033
2486
2131
3306
2131
2479
2131
2579
2770
3125
801
761
801
411
801
403
801
404
801
2089
801
2102
801
580
801
854
801
715
801
426
801
839
801
385
801
429
801
1407
801
470
801
3085
801
794
801
837
801
793
801
600
801
722
801
585
801
1139
801
2100
801
797
801
1237
801
714
801
3065
801
504
801
1319
801
884
801
763
801
1412
801
767
801
1411
3289
572
736
1422
685
437
2899
437
1187
2181
2739
2181
2200
2181
2403
2181
3091
2181
2346
2319
2397
591
573
1027
2497
3308
659
2302
2384
621
2698
621
949
997
1719
997
963
997
964
997
2347
997
2940
2582
3333
765
1651
1399
1316
2920
3352
1392
2061
2654
2077
2654
2045
2289
1959
424
1438
424
2316
424
1023
424
1862
424
784
424
989
874
3000
874
889
2782
1315
2717
2497
1034
1721
1245
2107
1245
2106
366
354
1671
3031
667
2544
667
728
287
289
287
271
513
2167
2415
284
2415
2421
394
387
394
392
2868
2306
598
2325
598
2136
598
2315
546
1095
546
3253
2393
2908
495
1351
495
3140
2980
2361
1303
648
2749
2980
2749
2418
2749
2971
203
217
2423
1757
525
3336
870
871
1847
1435
1847
1015
1847
2385
420
1479
420
869
2549
475
1439
572
5
1512
1355
1512
822
1030
1704
1228
443
390
380
3264
2877
3264
2689
3264
1119
1143
2109
1143
2300
1143
1415
177
162
177
125
1959
2174
1959
1033
1959
2142
1959
1980
1959
2882
1959
2147
8
7
531
1697
531
1452
531
1707
2893
2710
2893
2710
2051
1154
1386
1093
1386
3104
645
637
953
954
953
954
2271
3260
2271
2108
1267
2088
1267
1160
2731
297
60
99
2058
740
2058
707
2058
614
2058
2301
2058
674
2058
1665
2058
1218
2058
1410
2058
3008
2058
591
2058
632
2058
1219
2058
468
2058
755
2058
879
2058
602
2058
3283
2058
1235
2058
697
2058
3075
2058
1152
2058
721
2058
1101
2058
1313
2058
2093
2058
627
2058
644
2058
1095
2058
553
2058
880
2058
843
2058
3111
2058
3074
2058
3253
2058
745
2058
1117
569
1317
569
901
2114
465
2896
1033
2896
1456
3417
2770
1689
2320
3035
2987
3035
2767
2860
2562
1770
2055
1770
2287
747
748
747
3226
3344
991
1702
2589
1702
796
26
76
26
214
1476
3370
3245
523
3245
1262
1719
3171
1336
3286
1336
3286
3324
1183
3324
2883
3324
2873
2503
2750
2503
781
1368
3348
1368
2736
1368
3356
635
612
3233
3069
1952
333
3236
2852
3236
515
3081
2515
3081
3433
3081
2988
3081
1755
2110
3012
2110
2149
2357
2248
2357
913
2357
1907
3097
3106
2209
2499
2209
1736
2506
2755
2142
2162
1865
1307
1865
1307
3383
3402
3383
766
1774
2034
1774
537
1478
3080
1478
2412
1478
1275
703
1453
703
3348
703
2736
703
3356
2472
1446
13
12
1205
1438
1205
2316
1205
1023
1205
1862
1205
784
1205
989
1785
1115
1785
1114
1148
2305
938
291
1006
2065
1006
1193
216
21
216
217
2557
2309
1112
2379
1112
1047
1039
1883
1039
1034
1039
1464
1039
2492
3045
2131
2814
3213
2814
1291
1161
3260
1161
706
2177
2489
2177
2502
2177
2195
2177
3388
1140
1100
1140
891
950
322
950
2958
1687
1003
271
268
271
2467
271
2382
271
2567
2757
2262
2757
733
2757
279
2757
2626
2757
274
704
2169
704
1212
704
3347
2614
2509
2614
2505
2614
2352
2125
2313
2480
2185
2480
1020
2480
1987
1901
2234
1901
1739
1901
2962
2095
3303
1773
2284
1773
898
143
62
143
110
143
200
1011
388
1011
1656
2113
1679
139
113
139
163
1144
2129
1144
1415
617
3312
617
2720
2688
2574
2558
2309
954
1731
954
359
2709
3342
1918
780
1918
1364
772
1234
700
2288
700
3005
700
2545
192
72
192
212
2758
294
3124
2625
3124
2760
357
356
88
84
88
205
1916
3239
656
648
3297
2871
1888
3093
1888
1747
3281
596
3170
2174
3170
1033
3170
1980
162
165
162
164
780
526
2641
2845
2641
1843
2641
2280
2641
1844
2641
1358
2641
2543
2641
700
2641
2376
2641
2544
2641
565
2641
2848
2641
676
2641
2671
2641
655
2641
2672
2641
250
2641
2850
2641
603
2641
2451
2641
1404
2641
2450
2641
2281
2641
3246
2641
1642
2641
1841
2641
1645
2641
1058
2641
728
2641
1641
2641
1196
2641
2849
2641
2846
2641
2843
2641
1262
632
616
2605
2407
2884
2320
171
196
171
109
171
96
1955
451
486
1307
486
1865
486
3291
1643
467
1862
1869
2145
3338
1431
786
3335
3347
3218
3087
3218
3173
1120
722
196
130
196
164
1219
650
1281
3318
2376
261
2376
2456
1090
515
1189
646
1202
910
1202
2844
1202
1185
3408
2984
3408
2769
1579
899
1579
2094
2945
3373
2805
553
2805
843
1457
3377
863
2494
3024
2350
3024
2505
3024
2228
3146
1730
1849
2459
709
1050
709
594
642
630
1807
2059
1807
3175
124
116
124
111
2771
264
784
1877
1137
2311
1633
2461
1633
3159
3143
1873
468
2860
468
2119
468
1962
29
28
29
211
2328
2595
62
97
2203
2948
2203
2210
2203
1726
2378
222
1705
2921
1705
2331
1705
1713
1705
1712
1705
2186
1705
1318
1124
3282
1094
1336
1094
3286
1094
2863
219
14
219
220
1066
816
1066
1660
2571
1871
376
1731
376
2927
376
2596
376
359
1634
2685
1634
1668
677
676
677
2671
1661
2681
1661
1128
1661
1670
1640
2457
926
3135
3147
908
922
1648
597
2464
2872
864
3315
864
799
864
651
864
1700
896
559
783
1446
1627
2291
1627
1365
1991
3367
775
2127
1093
2551
1093
3254
1093
1353
3149
523
2921
3084
2899
420
2899
2187
2204
2209
2204
2950
1187
3394
1187
1991
1187
1715
1597
655
1597
2849
2021
621
1123
673
1123
2074
1782
580
1782
585
378
364
378
1842
1644
400
1630
3281
1630
3249
2685
594
47
197
47
90
47
135
841
597
860
527
1115
702
3182
2964
3182
1900
3182
3110
2122
459
2508
2756
2508
2972
2508
1338
2156
2323
2489
3217
2489
3034
2489
1903
1946
384
1998
2960
2200
2405
2997
302
328
318
829
1672
829
2868
829
2680
2099
1277
2099
2684
2092
3332
44
2981
308
2769
912
2769
1907
1869
3358
1869
1455
1337
736
322
1736
110
101
110
133
2029
885
2029
739
461
446
461
1403
1477
2249
1477
1275
440
1858
440
2307
440
2308
3004
1445
3115
1454
2744
2751
2128
1687
2128
1004
2128
820
2128
2693
2128
2144
798
864
746
1286
299
3400
2973
3400
606
448
3359
292
291
1324
744
1324
288
1324
1647
1324
3272
1324
2068
1324
1955
1324
1073
1324
335
1324
1956
1324
349
1324
2454
1324
344
1324
389
1324
1953
1324
1390
1324
1280
1324
369
1324
742
2867
3357
2569
2151
2404
2604
345
333
1266
2088
1266
2045
1387
2154
2544
2128
1294
1218
1294
1219
982
2698
982
619
982
915
982
949
565
894
821
2932
821
658
821
2402
821
1177
2639
666
2639
661
2625
259
2625
806
2625
2628
403
393
2674
1314
444
425
3090
2200
3090
2403
3090
3091
1935
519
1935
542
74
112
1975
2589
791
497
1320
432
77
3
2356
2976
2356
2421
2356
2359
1983
2326
2528
3174
2528
705
1081
1229
1081
824
3066
523
2848
637
3198
2599
3198
2599
3063
3306
3063
2479
3063
2579
2400
3120
2825
1058
2825
2846
1290
571
190
16
190
220
2875
524
404
400
2550
1053
1686
1982
2345
2223
443
2145
443
2890
443
3048
443
3203
443
1017
1231
1874
1315
1099
2491
2735
3315
3167
2656
1060
2656
2078
601
2582
601
2894
601
1693
601
3334
601
2572
2322
1887
2322
1998
2322
2609
2322
2334
2322
1377
2322
1378
2750
1388
2750
3419
2487
1714
2176
2605
2176
2193
2176
2194
2176
3043
2176
2603
1419
598
1007
2065
1007
2063
2979
1913
1984
2332
1984
2488
1984
2930
2292
342
1389
1045
3420
2757
3420
3185
3420
2620
1402
433
2299
3152
2653
328
2653
337
2952
2606
3266
2678
3266
1227
3266
2148
1442
2477
1442
1974
1509
895
1509
902
1917
564
1917
578
657
3329
657
649
356
1326
356
265
356
355
3359
3178
3359
2000
3359
2213
3263
614
3263
1665
3263
1410
3263
2093
3263
644
3263
3111
3263
3074
400
397
400
401
1668
1327
1668
1328
2901
2169
505
504
505
767
2919
229
2403
2405
3151
3152
588
1352
588
3198
588
2400
588
2193
588
2194
588
2599
2178
1719
2178
963
2178
2347
2178
2593
755
566
616
977
616
611
1293
2069
1293
1054
1980
1456
1323
300
3290
1231
3290
1972
3290
2471
618
226
618
3312
166
133
166
118
166
63
1348
1299
1348
2862
562
2475
562
561
562
1289
562
3022
3304
567
33
81
33
208
25
3177
942
3177
3046
2523
2110
2523
1118
2310
3335
2310
2901
2310
2902
1932
2080
1932
1048
1932
348
2526
1195
2526
628
2834
372
1340
1308
1340
3096
1340
3095
2377
2384
2377
222
1361
3067
1361
1737
3079
3177
3079
1167
1972
1880
1972
1721
1754
2522
879
639
2634
721
2634
880
313
920
487
2549
487
764
1504
1811
1432
1811
3248
201
221
325
331
325
2577
325
1441
325
324
2251
2989
973
975
1067
814
1067
2296
2071
679
112
39
933
1344
1306
1344
3327
2258
307
549
2965
2314
2161
295
294
1563
3098
1563
3049
2729
2606
1750
1756
1750
1911
1750
1492
3346
1877
3052
2117
3052
842
3052
1076
3052
2110
3052
780
3052
1090
3052
1085
3052
706
3052
2108
3052
1116
3052
1364
3052
824
3052
3265
3052
2115
3052
2112
3052
2106
1500
3116
409
2104
409
1685
409
1682
342
341
342
336
1136
740
1136
1313
1806
1058
1806
1641
1738
3072
1738
2355
160
92
160
200
160
87
985
357
985
1736
1456
2188
2438
2685
2438
1292
1343
570
1445
1466
1445
2709
1445
588
1445
2585
1596
3284
1596
3264
2313
2906
1564
3175
1564
777
1731
3410
1731
358
1731
2621
1186
1187
1608
3287
1608
807
2711
299
2792
390
974
975
1626
3294
1626
3078
934
3415
1752
3415
2772
3415
1909
2592
2722
502
2117
502
2115
3104
1241
3104
2069
3104
1054
3104
1140
3104
1144
3104
3281
3104
486
3104
642
3104
1094
3104
1192
3104
850
3104
2048
3104
666
3104
544
3104
2065
3104
654
3104
1060
3104
2060
3104
2064
3104
1138
3104
2063
3104
1193
3104
1639
3104
2067
3104
633
3104
661
3104
3249
3104
2078
3104
537
3104
1261
3104
1236
3104
1243
3104
3207
3104
716
2662
1658
2662
886
897
601
3015
251
3015
3016
752
423
489
846
489
478
3390
950
3390
2204
3390
2601
3165
1070
3165
3201
3279
1040
3279
1098
519
512
676
2871
377
1699
377
373
377
952
377
951
310
805
927
2966
3417
2966
1483
3252
623
1168
1274
1168
2412
3213
571
1560
2082
1560
3082
1541
411
1541
404
209
45
209
210
3216
1439
1947
2076
970
3375
970
1383
970
3374
970
2723
2157
3344
2963
3404
930
1312
437
1239
876
1239
1655
2342
3089
2342
3135
2342
2001
2409
1901
2325
2182
2325
2595
2325
3355
2325
2183
251
1753
732
2295
650
2990
3424
2990
1488
314
313
314
3428
1405
3055
1503
678
2871
258
931
759
2176
759
2325
1222
774
1222
1013
237
1056
2166
1056
1345
1276
1277
2381
1134
3225
1398
3225
801
3328
588
3396
3411
3396
1329
1536
2081
1536
2293
1830
858
1830
2285
2798
2850
2798
1404
1100
3319
1100
2155
2938
2499
2938
357
2938
2986
1582
441
1582
1016
1199
400
2722
1887
2722
1998
2722
2609
1192
639
2598
2500
2598
2211
2598
2216
86
71
224
629
976
629
2893
629
634
2737
2613
2737
3371
2737
2349
2886
554
2883
2153
2331
1465
2215
1477
2215
2220
2215
2959
1859
2139
853
2356
853
1480
853
418
853
2414
1713
1717
471
3094
471
1084
1467
2504
1467
2613
1467
2008
1467
2231
1467
2351
1278
367
1278
363
167
6
167
212
2193
1892
583
1099
1695
1452
34
32
34
208
1725
1476
1725
2954
1104
562
2087
497
1834
1228
1834
2053
3382
3067
3382
3399
2223
1899
2223
3109
3091
1723
1852
2387
712
1212
712
1970
712
2161
712
3311
639
2146
639
634
3023
1330
1965
2318
1965
3061
1965
2164
1797
761
1797
854
3087
2633
3087
1752
1428
1210
575
1097
575
1965
575
1678
3144
3145
1827
1344
1827
893
37
3169
2423
3169
1910
3026
1859
3026
891
3026
2561
2001
3024
1103
2454
1833
825
1833
1674
2224
240
2490
1474
2194
3120
331
323
331
2905
2751
243
584
1101
584
3074
1607
1303
1607
1220
2166
1988
2166
964
2166
1989
2166
3364
2166
965
2166
969
3128
622
3128
788
3128
1300
3128
635
3128
1112
3128
1348
3128
1151
3128
628
3128
1347
3128
3285
3128
1190
3128
1114
3128
901
3128
872
3128
1302
3128
836
3128
1141
3128
615
3128
620
3128
683
381
279
381
2752
381
1746
381
3414
2551
1089
2466
419
850
702
1710
2614
2237
2245
2463
3277
2842
3289
2842
746
906
499
838
983
838
1443
838
984
2016
284
2016
1492
3287
2676
2220
2249
2220
3080
2119
2562
1988
1995
2515
2256
3291
3293
2190
1890
2900
2588
2089
1336
2089
2863
6
72
2018
2280
2018
2451
149
2
3150
2629
3150
2770
3150
259
3340
3132
133
59
133
152
2102
566
832
802
832
3375
832
1383
832
1179
3432
813
580
1431
580
2463
580
1287
28
82
2678
1683
854
596
1714
3108
1714
1898
1714
3413
1779
837
1779
1237
1658
1238
1658
750
223
1045
3144
1045
1710
125
155
125
94
1651
2569
1651
834
1651
1681
1651
511
911
1503
1699
3379
817
2713
3426
3430
3028
350
3028
1359
3028
789
3028
1106
3028
2059
3028
415
3028
2289
3028
2549
3028
3066
3028
752
3028
2043
3028
2291
3028
2075
3028
1365
3028
730
3028
878
3028
2062
3028
3273
3028
3175
3028
334
3028
858
3028
2073
3028
371
3028
361
3028
2081
3028
2293
3028
785
3028
1366
3028
764
3028
3314
3028
1283
3028
2285
3028
346
3028
777
1692
3302
73
5
73
212
1722
3389
2436
1855
2436
3294
3238
3018
1481
235
1855
2152
1855
2473
715
2132
715
2380
2367
1193
2367
633
1371
558
2286
3172
2894
2909
1962
1282
1213
1056
1213
2168
2044
3296
2044
1421
2044
3284
2044
1417
2044
2098
2044
1432
2044
877
2044
1413
2044
3214
2044
1422
2044
3264
2044
1419
2044
897
2044
1312
2044
1199
2044
1418
2044
1659
2044
831
2044
3248
2044
3202
2044
1374
2044
1332
2044
851
2044
846
2044
402
2044
3251
2044
579
2044
773
2044
1424
2044
410
2044
1430
2044
1433
2044
3295
2647
1422
572
1705
572
1042
121
146
121
75
1225
1650
1225
774
2577
2583
2577
320
723
3241
723
3228
723
840
89
35
693
3368
181
13
181
201
1585
1054
1585
3207
2859
1205
1195
979
1195
2560
2268
2277
3323
3017
2048
573
2504
2008
2504
2008
1573
760
1573
3278
3234
1324
3234
1948
3234
1341
528
2329
528
525
528
1041
528
2330
528
2195
528
2918
1257
825
1257
3179
963
2347
963
2347
2212
1175
2212
2222
2212
1176
2139
3320
2139
1971
2139
1981
2040
3233
2040
1954
2777
1258
2777
2290
2061
568
1077
2692
1077
1860
1077
3160
3326
2176
1949
3051
1949
3243
694
3368
2613
1734
286
285
666
657
367
2927
367
3401
367
2596
367
2726
1921
1840
1921
2040
2927
2938
2927
2937
1891
1724
724
618
724
224
835
249
835
1485
835
1748
2616
2755
2105
702
964
966
2710
1172
2710
1171
2932
1178
3406
2749
3406
2967
1008
2072
1008
370
996
2333
2452
2546
2816
815
2816
827
1026
2722
2813
1290
2813
2097
1210
552
1574
907
1574
2047
436
1402
436
1019
737
3227
737
2036
9
3038
1380
1109
3216
1109
570
1109
770
1042
2921
1042
3144
1042
1710
1042
2742
1042
1712
1042
2186
2987
305
690
682
2765
3422
2765
1755
2991
260
268
2697
769
2466
769
808
3123
1479
3126
3127
3126
2012
1846
3101
1898
3413
1898
3413
2479
3328
3375
1384
3375
1360
3375
238
720
3174
720
3078
2043
573
941
3435
960
3394
1151
2861
1151
1327
1151
1328
3355
3362
3355
3362
3192
2988
3192
2015
2565
1210
1158
854
1158
600
2695
2903
1214
799
1214
3329
1214
3199
1570
3250
1570
2282
547
888
1790
1140
1790
1261
1526
2068
1526
369
1669
2566
1232
1657
1232
2856
227
2720
1508
744
1508
1953
1464
1721
3402
3156
3402
1188
3402
2358
1820
877
1820
1424
1496
1337
2475
3130
1545
1201
1545
1390
2630
2986
2630
1908
2887
977
2736
2002
2736
3033
2736
2956
2291
3361
2291
3337
234
233
619
225
619
2478
1401
1070
1401
2865
1401
3201
2891
2171
2830
2449
589
3330
589
875
3300
839
3300
1319
151
48
2733
2409
2733
2408
2733
3142
2080
352
255
2943
602
601
3436
1504
2179
1715
2321
2583
1794
583
1794
3212
3032
3327
1766
1094
1766
1138
3367
2202
3367
3122
1460
1481
1460
234
1460
1726
1441
2907
1441
2711
1441
320
2233
3408
1735
2965
3242
3260
3242
1229
3242
2121
3242
3280
3242
2114
3242
2122
3242
440
3242
3304
3242
1104
3242
3026
3242
2105
3242
2118
3242
3267
3242
1118
3242
2107
3242
2120
3242
3282
3242
675
1824
793
1824
2100
1603
769
1603
1073
3231
430
3231
3236
3231
1202
3231
444
3231
436
3231
473
3231
464
3231
496
3231
541
3231
457
3231
1203
3231
3239
3231
450
1388
3099
1388
2251
1388
2250
3086
2924
3086
3000
3086
1041
3086
2330
2519
2520
2519
782
2246
2982
2298
657
2501
1901
1416
2138
230
3027
1349
3027
231
3027
1994
158
102
158
202
1418
701
3083
3084
1837
818
1837
1204
2084
497
1107
2460
1107
1652
1107
1409
2234
3407
291
290
1823
1228
1823
3164
2255
1490
2255
1753
2255
941
2255
2259
321
319
321
1323
321
315
3434
1913
1793
761
1793
714
1886
2731
1886
1997
2075
394
462
1875
462
2394
462
2396
462
1876
3100
3048
2467
2697
3188
795
3188
3176
2227
262
2227
2747
2227
358
981
622
2083
380
3209
817
1604
469
1604
812
587
996
587
2714
587
2934
587
1727
587
2180
3422
3424
3422
1484
3422
2992
3422
1911
2959
2618
2197
3354
106
134
2230
2504
2230
2006
2994
298
1717
2201
857
1355
857
749
857
1855
857
2452
857
822
857
605
857
3294
857
812
857
643
857
3078
246
2973
1463
1168
1463
1720
1365
421
298
297
799
3167
2129
1863
3286
848
792
1276
792
838
792
2684
449
752
449
1283
822
2565
822
1333
3283
3298
1868
3349
1868
1453
1868
2709
1868
2585
2028
2282
2028
3056
1556
1374
1556
1430
1815
1844
1815
565
2448
2845
2448
2451
2928
253
1082
3159
1082
887
3042
3402
3042
766
1600
470
1600
794
233
2540
1111
2540
841
543
763
543
1411
2396
1714
2396
1711
2396
2590
2396
2348
2396
992
2396
3353
2408
2230
1306
771
1238
1049
1238
2690
3371
2351
2364
775
2364
718
3059
3400
3059
2615
2047
2135
2047
1680
2047
3310
1070
3309
1250
2071
1169
1481
1169
233
1732
2746
1732
940
2426
538
2426
3056
2643
3228
758
2421
679
664
679
1056
259
930
814
394
21
2740
2411
501
789
501
2549
3000
994
3000
1467
3000
3023
3000
520
2646
496
751
1751
3433
308
3351
3112
3332
1183
3332
2153
3332
2873
733
2261
733
321
733
2517
68
217
68
22
2341
1725
2360
2993
2360
2775
3358
2338
3358
2190
3358
2401
2576
2581
1311
2733
1311
1036
1235
599
2718
3367
2573
1037
2573
1036
2573
2594
2573
3036
2573
1708
2573
3029
1542
1851
1542
1280
1609
3297
1609
3014
1254
1344
1254
1217
94
31
1074
1363
2802
722
2802
714
2942
230
518
512
2773
912
3094
3290
810
1399
810
3232
2602
2350
2602
2509
2602
2228
97
61
2670
271
3327
3057
363
360
363
347
516
3405
488
1647
488
1334
252
251
605
589
3141
2611
3141
3376
3141
2410
2776
3247
2776
1288
137
55
137
126
137
111
2923
2610
2923
3181
2923
3366
1362
2058
548
2089
548
763
2259
1912
2259
3163
1931
1203
1253
1218
1253
3008
1971
1981
1971
1981
967
2941
1073
2464
1073
1363
795
900
795
856
795
3255
795
907
795
818
795
1143
795
409
795
575
795
906
795
3287
795
2080
795
1107
795
2083
795
792
795
2047
795
3094
795
895
795
2085
795
790
795
1084
795
1197
795
1048
795
348
795
862
795
807
795
1204
795
368
795
741
795
2057
795
902
795
2050
795
417
795
1301
795
2079
2754
930
1577
1351
1577
3256
561
3343
561
1045
561
1043
540
2117
540
1090
734
889
2617
2622
2617
2506
825
452
2926
1728
188
20
188
218
1739
3126
2554
3301
2554
2563
1812
2850
1812
3246
364
354
364
363
2817
2048
2817
1236
408
2891
408
2159
408
1181
408
1182
408
1682
396
387
2682
2574
697
689
109
119
179
10
179
213
426
1224
727
2470
1085
1871
1085
3307
876
595
3259
894
3185
2762
3185
1746
3185
2982
3185
274
1036
2737
3392
2731
3392
2204
3392
919
3392
355
3294
768
3294
2690
3294
2687
2986
356
2986
1164
2072
374
1349
3107
730
1414
730
1234
2983
2772
544
1651
1217
1002
1217
820
1217
1448
2252
312
2649
2543
2649
2281
3127
909
3127
3157
465
1968
465
3317
465
1028
465
1864
2363
622
2363
3252
341
332
341
340
360
1886
360
3392
360
3401
360
2726
163
164
3386
3146
3386
549
3386
1735
3132
2334
3132
1377
3132
1378
55
116
878
374
2838
3240
2838
3219
2838
1321
2838
2668
813
3301
3307
2019
765
2019
1092
2088
768
2088
2690
2088
2687
58
206
58
48
3319
1449
1327
2143
332
339
332
331
332
1441
332
2931
2116
2387
10
9
1297
1658
2002
3384
1989
3364
1989
3364
2118
445
2831
602
2831
1235
1384
3079
93
65
2407
2745
2407
3184
2890
3338
3048
2185
3048
1020
1474
420
2866
2872
1334
475
2631
1754
2631
2425
132
65
1913
945
236
945
239
653
652
653
3269
2442
1195
2442
615
1155
3210
1155
1113
1659
1069
1778
1096
1778
542
382
762
382
381
382
2227
382
955
136
105
136
88
2863
3206
2915
2722
1895
3139
1895
1898
1003
649
2101
1856
831
1224
3428
941
3428
306
3428
311
3230
1316
3230
809
3380
382
1380
2314
1380
1381
2500
1733
1925
378
154
135
154
46
1470
3386
447
1986
447
2716
447
3132
3067
2770
3067
2969
839
1200
912
805
1652
2581
1330
3393
3275
2128
1776
764
1776
2285
1581
792
1581
368
3248
2688
3248
2559
3248
2123
1191
645
2382
2578
2382
1754
2382
2360
1279
1694
1221
1660
1221
1013
1987
1993
2714
2333
1004
649
2332
3148
650
771
650
3057
1910
1757
2065
980
2486
991
1429
609
3119
472
1304
472
3140
2657
345
2657
337
3101
3102
65
706
696
638
629
407
957
407
1894
407
959
407
958
2483
2178
1198
405
1146
602
1146
1152
1383
2208
1383
1384
1485
933
956
2957
3267
1279
3267
3160
2809
2048
2809
2060
3342
3198
3342
1458
3075
467
1000
2166
2788
365
2788
369
1858
2173
2609
2960
90
46
1914
2669
654
647
2658
1202
2588
2187
711
3246
711
1641
1851
393
628
625
1375
1732
1473
781
1333
1684
1333
1689
1333
2884
3176
3189
1892
1273
1892
3183
3019
3021
3019
3020
3019
2184
1507
3296
1507
579
3001
2141
3001
3209
3001
1690
2741
2229
484
3205
484
2197
484
1035
484
2939
484
729
484
3339
1757
3426
1757
1759
1899
2964
3173
3169
3173
2632
3173
1752
1922
473
768
587
269
268
269
2467
2527
317
2527
327
3202
421
2153
1715
2852
1233
2852
2469
2852
888
2852
1966
1060
663
1041
3336
211
25
211
214
1159
1152
1159
1117
1943
1312
1943
3202
1655
2556
1655
2109
1655
1863
915
618
915
225
2532
635
2532
615
2705
2915
2705
3017
2541
335
2541
344
2374
1951
2374
343
480
744
480
1647
373
367
373
360
2671
2468
2671
3308
923
924
3140
3290
335
326
2005
2753
2005
1486
2879
2694
893
647
786
1705
12
1096
524
1108
2565
1064
642
1064
633
1009
2072
1009
386
3411
2972
3411
2977
3411
2974
942
244
942
242
2975
3035
2975
1906
385
377
1347
888
2370
842
2370
2108
2317
1454
1126
2298
1126
3041
1152
2557
1152
3045
1152
2558
1721
2497
1721
3182
866
1500
184
216
184
24
1482
241
894
561
894
1289
894
3022
894
2474
2948
235
1636
2461
1636
1657
374
373
374
983
374
2395
924
1691
2483
571
1684
571
552
571
1689
571
2884
1567
1849
1567
3011
2138
2894
2138
1698
2138
2703
2138
3058
2206
1904
1948
744
1948
288
1948
1647
1948
1848
1948
1201
1948
3272
1948
2068
1948
1955
1948
1849
1948
1315
1948
1340
1948
769
1948
1073
1948
1334
1948
1851
1948
335
1948
317
1948
1646
1948
757
1948
1206
1948
327
1948
1956
1948
349
1948
365
1948
416
1948
3244
1948
344
1948
389
1948
1953
1948
1390
1948
1280
1948
369
1948
3039
1948
3011
1948
742
2494
2409
2494
2408
2494
3142
92
63
1372
3163
2049
474
937
2424
937
3190
2150
2397
2150
1030
2269
690
2269
1673
1940
812
1940
643
1940
453
1961
1965
977
1335
977
3345
977
947
977
2911
213
73
213
7
529
1162
529
2121
1063
1189
1063
893
2785
1140
2785
1138
2967
2970
2967
2417
890
3007
317
287
920
370
362
2459
2553
2459
1427
2385
2903
1646
269
1698
3198
1698
1458
1698
2599
483
2197
483
1035
483
3062
483
861
3217
1743
199
73
2062
568
2335
1722
2335
3378
2211
3396
2904
1311
475
2881
475
1039
475
1088
475
1087
2373
707
2373
697
3154
2512
51
196
51
150
51
38
2154
2182
2154
2328
2154
3355
2154
2324
2154
2707
2154
3362
2585
3342
1944
801
1944
2042
507
485
1484
1489
1484
267
3276
3012
892
1336
892
3286
892
3206
899
474
2827
1655
2827
827
2632
2633
757
432
2441
1665
2441
3111
148
131
372
364
200
114
200
133
922
3273
509
1768
507
1768
1663
3302
874
1153
2870
2159
2916
1915
2114
1915
2115
943
244
943
2740
943
2413
655
648
2913
1325
2060
567
2041
2676
2916
1468
2832
1112
2832
1151
2627
932
1374
2141
1374
817
1374
1690
1923
436
1480
1905
1480
2510
3054
3055
172
128
172
53
172
202
3385
2504
3385
2008
3240
2864
3240
656
3240
775
3240
798
3240
746
3240
1668
3240
3213
3240
690
3240
778
3240
826
3240
2038
3240
1288
3240
1673
2865
3360
3030
3106
3030
2341
1005
971
1005
972
1005
608
1005
2587
161
97
161
200
1893
3406
1786
895
1786
790
2096
1676
102
52
2064
624
2108
680
3117
1942
3255
1942
1301
3421
2990
3421
2985
2009
3081
2009
3050
1317
894
2152
1868
2126
3335
2126
2901
2126
1212
2126
2902
2347
2498
2347
3398
1370
3382
1370
2949
45
1866
3086
721
2126
1894
3420
1894
2225
1894
738
1894
3418
3102
1675
3102
787
3102
2864
3102
1216
3102
1242
3102
3289
3102
775
3102
2685
3102
798
3102
746
3102
791
3102
1668
3102
3213
3102
2859
3102
690
3102
825
3102
3275
3102
778
3102
1291
3102
3200
3102
3179
3102
1292
3102
3270
3102
2683
3102
2686
3102
760
3102
826
3102
2679
3102
718
3102
3247
3102
1288
3102
1673
3102
1674
3102
3278
2664
2859
2664
2686
2594
2492
482
470
482
3065
1924
3261
1924
2099
1924
375
636
612
691
681
691
1437
1138
531
1138
1385
1138
2103
1206
424
567
563
567
1046
1571
831
1571
3295
3076
905
3076
2037
3076
804
948
3015
948
2708
1150
2110
1150
3265
3073
2255
3073
3193
1937
3236
1269
2105
1269
1116
2372
288
2372
317
1049
1050
1529
2068
1529
389
2063
624
940
2238
961
2354
1977
3343
2794
1241
2794
850
2759
275
1890
853
646
867
646
1005
698
690
698
2683
1385
1426
1483
260
2485
2928
347
3390
347
1886
347
3392
347
1885
1920
2046
1920
2084
3401
2491
3401
985
3401
2938
3317
2592
3317
3323
3317
1026
3317
2332
3317
2488
3317
2930
3040
2483
3040
1879
1211
555
1335
3016
1335
1709
1062
3269
3254
3211
1373
991
1475
1376
1475
3070
1475
2218
76
25
2877
2152
2559
2574
2689
2473
1154
2870
2708
228
944
2411
944
2961
944
244
2976
282
3219
1846
2851
318
3201
3309
1088
3204
1019
427
1019
3134
2327
3090
2531
1419
2531
897
1116
3303
1116
2305
429
421
2297
685
1002
1004
2542
2670
2542
269
204
219
2384
223
2384
724
2973
934
1407
1662
1407
2550
1407
3038
1118
3004
1118
3053
1118
2691
989
784
989
784
3002
1147
3002
1148
3002
2095
2742
3145
474
1087
474
3204
474
476
100
40
2334
2199
3
1945
269
1653
1423
913
920
3364
1889
3364
1891
3364
1724
71
2155
521
778
556
279
937
279
278
659
821
659
651
895
559
2706
1982
3431
305
1101
1431
1101
2463
1101
1287
2940
943
2940
944
1831
1084
1831
862
2800
1241
2800
716
2003
961
2003
962
2003
2229
18
17
333
332
333
326
3330
3021
3330
2192
3330
550
925
2703
2170
375
983
375
1443
375
984
2380
2125
2380
2879
470
1281
470
2381
470
2303
1447
967
1447
3131
1447
2340
1447
1177
1447
968
383
953
383
954
383
956
383
3379
383
951
2672
641
1912
1759
652
647
1839
2040
2330
1884
3391
3108
3391
1898
3391
3413
3175
581
3429
258
3429
259
3429
2995
3429
260
776
693
776
694
776
3088
776
2398
2600
2221
2586
3349
2586
3342
79
23
581
3320
581
1705
581
1971
334
326
2191
2730
2191
2945
2191
2198
2898
2396
3148
2345
3148
2348
2279
1952
2279
330
2221
2964
2221
3109
2221
1900
1382
3076
2583
3117
987
953
987
954
987
956
2004
1486
1065
816
1065
1656
2429
2542
327
318
1332
485
910
3324
1650
3324
1650
1186
2783
896
2783
3166
1472
3389
2786
366
2786
370
191
90
191
195
384
377
384
383
1638
411
1638
797
1706
2588
297
2680
1434
330
316
330
325
3372
2602
2146
867
2146
608
2198
2951
2509
2241
1956
522
2383
2149
485
3293
485
1865
485
483
2488
3148
3167
2168
217
19
217
218
3017
2348
3017
992
3017
3353
2000
2003
83
210
914
3365
914
2490
1654
560
858
452
2954
1897
1628
1073
1628
416
380
2867
380
1278
380
1667
380
2555
473
1643
473
1420
3352
253
3352
3194
2375
261
2375
2456
1711
2337
851
460
2333
2605
2333
3044
2333
2603
3130
528
1543
416
1543
1280
144
146
144
44
144
0
1396
752
1396
3314
2892
1044
2306
3337
2238
2765
2238
1751
2238
2761
1364
3001
1408
3077
3085
425
3341
2716
2250
2254
2250
2518
2250
3155
1426
2318
1426
1973
1426
2304
2169
2923
2169
2719
732
1493
732
306
2070
695
1047
2570
1047
1686
1047
3326
253
2440
2086
2440
2074
1814
740
1814
3075
362
353
362
363
1679
2696
1758
1337
1501
3117
1751
1755
3232
809
1733
1480
1733
418
2311
3279
2235
2972
2235
2978
2502
3217
2502
3034
2502
1903
1360
3079
1341
1848
1341
1201
1341
1315
1341
1340
1341
769
1341
1334
1341
1851
1341
317
1341
1646
1341
757
1341
1206
1341
327
1341
365
1341
416
1341
3039
1341
3011
2735
813
2074
1213
7
609
771
609
608
542
1091
2254
312
3031
561
1518
1320
1518
1077
2476
1699
4
77
4
2
1810
1843
1810
700
1516
749
1516
2546
180
213
180
11
2473
1445
3227
2847
349
342
61
1488
2996
1488
356
1488
321
1488
278
1488
303
3241
2461
3241
3261
3241
1649
3241
816
3241
2099
3241
1405
3241
1658
3241
1109
3241
876
3241
1655
3241
507
3241
892
3241
899
3241
375
3241
1650
3241
1654
3241
3159
3241
886
3241
388
3241
815
3241
827
3241
833
3241
428
3241
1657
3241
2094
3241
774
3241
1656
3241
3271
3241
2856
3241
1663
3241
1664
3241
1660
3241
1013
3241
887
1605
3281
1605
850
1259
1095
1259
843
931
2362
1242
2362
718
1548
409
1548
417
2454
2459
2073
2104
2073
1685
2073
1682
1795
1956
1795
3039
1967
2175
971
972
971
972
2253
309
2934
2212
1825
3164
1825
3322
1734
2353
1734
2233
1734
1904
1540
1359
1540
1366
577
1844
577
1262
1561
3049
1561
2097
84
207
84
151
2988
735
238
2208
812
865
306
3431
739
3051
1697
1707
1697
1707
87
118
3009
3010
1876
2914
2517
2360
2517
917
2517
2425
2085
391
250
1727
3042
1727
2956
3159
424
3285
1128
3285
1356
15
14
2036
3235
3194
3107
3194
1170
1544
1366
1544
3314
2217
2010
1730
2749
1730
2967
1252
674
1252
1665
3041
1214
2349
1734
1072
829
1072
1198
1363
413
1465
1471
235
311
310
254
36
197
36
70
36
89
1878
521
1813
3289
1813
778
526
528
526
3086
208
211
208
27
790
581
3109
3110
2775
2522
3088
1469
669
864
2232
2010
464
1420
508
1353
496
477
545
3273
545
785
820
1448
820
1448
1291
593
2401
2598
1619
457
2850
712
1589
410
1589
1069
2724
2494
3200
650
1602
1201
1602
769
2575
1450
2575
2477
2575
2917
2530
2070
2530
855
1179
2220
1179
2205
1321
2685
1321
1947
1321
3275
1321
3200
1321
3270
1321
718
1321
1674
3435
1503
1080
824
1080
2112
794
865
766
1188
766
2627
2601
3119
2645
1243
2645
3207
2619
3124
2619
258
1233
2311
460
458
460
3143
460
2885
460
1029
441
1858
441
1967
441
2307
824
1205
735
3142
1901
3331
2181
603
2379
603
2855
603
2854
2388
976
2416
3169
2416
2983
2416
2422
2416
1909
1246
1421
1298
2150
365
354
2801
351
837
598
1084
460
2107
1381
2107
2161
2107
3311
2941
943
2941
944
2819
1419
2819
1433
2418
1910
2418
1491
2418
263
1234
3092
1234
2136
1234
2878
2697
756
401
2897
401
987
401
1468
401
986
2567
2578
2567
1754
823
467
123
110
123
107
2681
1357
793
2869
793
2111
793
1031
1075
428
1075
840
886
596
1255
829
1255
830
2844
3324
2844
3324
48
34
48
154
39
2869
2134
1462
2944
1462
2597
1462
2728
1227
1683
232
230
3288
704
1083
3341
3309
1702
135
35
1981
1209
604
603
604
1841
1587
2101
1587
1244
2767
1372
1197
395
2985
1488
3412
3420
3412
2225
1799
469
1799
823
463
1304
463
2056
2548
3210
2548
2091
2548
1304
2548
441
2548
414
2548
2097
2365
614
1129
2295
1129
2298
717
3288
717
1244
1857
2876
416
406
1230
2283
1230
3322
3131
1463
388
379
3186
2247
3186
2516
1792
791
1792
760
1449
2177
418
1756
418
3421
418
304
418
2510
3183
2745
3183
3184
1822
757
1822
1206
868
3234
1028
2580
815
1428
815
1108
815
1105
556
551
556
3153
2925
1728
2748
262
2748
2424
2748
277
600
2557
600
3045
600
2558
2082
510
1817
579
1817
1433
699
2288
699
3005
699
2545
692
2712
692
1051
692
2719
692
2593
3025
795
3416
2999
1436
589
722
712
3138
1494
3138
2361
3138
1495
3138
1491
481
2287
481
2066
1286
2472
1286
1449
1286
2699
1286
1102
1286
779
1286
1208
1367
1322
2371
2091
2371
1055
1715
1479
1715
407
855
2126
962
2354
127
155
2213
2003
80
8
80
73
1572
2047
1572
2057
1044
1716
1044
3083
2699
2155
2721
3386
2225
2758
2225
3185
2604
3118
3092
2315
1723
870
1723
516
1723
1173
107
92
107
118
1693
3316
1693
3316
585
560
2195
1999
2885
2896
2477
3116
1048
595
1268
2105
1268
2106
3223
3025
3334
1698
573
1689
573
3019
573
554
1528
403
1528
884
2804
1371
1040
734
1040
734
2077
2125
2077
2310
2077
2879
1061
1219
1061
2093
2944
1325
1963
2148
2257
1490
2257
1493
2257
2260
1139
1861
1139
2682
1139
2559
1212
1050
1212
2712
1212
1051
1212
2719
104
205
949
724
949
2392
2969
929
3226
788
1694
1991
1694
960
1694
2718
1694
2187
2684
838
2684
838
921
371
364
1666
2881
1666
1088
1666
1087
1666
476
2552
1211
99
59
891
2139
165
151
165
49
1835
1076
1835
3267
1105
1333
1724
3400
1724
2615
2841
287
2008
3127
2008
2012
2513
2514
1964
3096
115
44
1996
950
2026
882
2026
841
2516
908
2516
2253
2516
2518
2042
3162
2042
3161
2109
2129
1737
2240
2752
272
2210
3137
574
3330
574
554
3134
1184
3134
2490
3134
988
3134
419
1690
2701
1769
1143
1769
741
3345
2919
3345
3352
2779
1101
2779
553
2950
265
2950
936
257
931
1720
1478
2465
2887
898
465
846
475
1941
2673
1941
328
1941
2061
1960
1964
1960
2888
1043
1044
3292
3298
225
224
2151
3068
2151
2156
2151
1978
570
552
2214
2003
1547
409
1547
1197
2579
3328
2158
971
2158
972
2158
2587
1381
1970
2276
2077
2276
2294
2056
1285
2056
1298
2056
1284
2498
2753
2498
2004
2498
606
2222
1741
3228
1640
3228
840
536
787
536
3270
3325
427
582
581
2199
2009
2199
2217
2199
2232
830
3332
830
2675
830
808
198
214
2100
1959
150
83
150
165
2192
1718
2192
3037
1629
1359
1629
1365
1331
498
1215
3275
859
3028
859
3018
859
2453
467
1231
467
2471
467
2140
467
1867
1471
2406
1471
2207
1471
1330
1471
1473
1471
2738
1853
713
710
713
1052
1193
613
2888
1308
2888
1308
2278
1362
2909
2328
2909
3355
2909
3362
1583
1391
1583
1855
695
692
695
686
2104
1181
834
2151
1087
2898
725
2942
725
1994
1223
1650
1223
428
1639
623
1712
3084
852
437
174
70
82
27
3034
3218
797
2464
797
1074
797
2866
965
966
827
593
2428
1675
2428
2859
3244
3259
1575
3248
1575
1374
3269
2677
3269
2857
3050
3192
3050
3422
3050
3433
2103
531
2103
531
833
1091
2790
715
1001
997
1001
967
1001
3131
1001
968
2931
322
2931
2604
2696
3309
2696
3360
1224
2702
1224
2317
1224
916
1224
1870
2566
2573
2451
982
2693
1003
1194
632
2563
2880
2563
2571
1166
1485
1166
1487
1166
1486
1166
245
1584
1217
1584
669
607
234
607
849
3125
1757
3125
3138
2763
3099
2763
923
2763
264
1237
601
222
710
587
710
2398
1850
2686
1850
760
1850
2679
1850
3278
276
275
2660
1116
2660
1118
2590
2337
1906
2767
1906
1342
1906
2764
1838
1204
1838
2057
2766
909
1016
2695
1016
1440
3187
3157
3187
2420
3187
908
988
3365
1119
2473
3191
2979
3191
296
3191
2263
1220
1309
1220
3032
1220
1305
3370
1738
1018
2481
1089
3211
3250
2688
3250
2682
3250
2123
3069
3296
3069
1421
3069
3284
3069
1417
3069
1432
3069
877
3069
3214
3069
1422
3069
3264
3069
2113
3069
1419
3069
897
3069
1312
3069
1199
3069
1418
3069
831
3069
3248
3069
3202
3069
1374
3069
1332
3069
851
3069
846
3069
402
3069
3251
3069
579
3069
1677
3069
478
3069
773
3069
1424
3069
410
3069
1430
3069
1433
3069
3295
1190
641
428
3134
3044
2622
3044
2616
2815
900
2815
1107
1580
1331
1580
493
1102
1446
1832
1955
1832
742
96
45
658
802
658
2215
658
1179
658
2343
278
2521
278
277
779
2390
2615
835
2615
246
2615
606
714
713
1854
2876
2992
283
1911
286
651
832
651
658
3363
3383
3363
2607
3350
1727
2045
2127
2348
3391
1562
831
1562
773
2534
1192
2534
2067
2826
1057
2826
683
3405
3186
3405
3187
2854
1436
3204
1880
3204
1034
3204
1464
3277
2472
3277
783
3277
779
2720
226
210
155
210
31
1377
1475
2340
2215
2340
2343
2361
1310
997
932
2823
1110
2823
836
972
3374
972
2723
3065
466
1879
1310
754
2985
1487
932
343
341
343
336
2668
1675
2668
787
2668
1216
2668
1242
2668
3289
2668
791
2668
2859
2668
825
2668
1291
2668
3179
2668
1292
2668
2683
2623
248
504
498
811
890
40
2626
2630
2917
2631
2917
2517
1071
1199
1071
410
3356
2736
3356
2736
2067
646
1973
3061
1251
1059
1251
672
1933
621
1933
518
1933
1347
1549
2080
1549
368
1314
3165
1314
2865
2344
2607
2344
3010
1258
3279
1258
1866
405
401
405
2171
405
1182
2538
2848
2538
2672
563
3343
563
1389
563
2892
563
1043
3113
2036
750
594
500
906
500
2050
2998
622
2998
1057
2998
621
2998
1303
2998
635
2998
3297
2998
1115
2998
3252
2998
1195
2998
518
2998
638
2998
628
2998
3054
2998
1317
2998
3288
2998
1220
2998
1190
2998
1110
2998
1244
2998
1379
2998
615
2998
683
2738
2750
3376
2502
2136
2895
738
2979
738
3185
738
2242
312
922
806
3125
239
237
3116
2
71
456
1675
456
3179
1985
2189
1313
508
1313
1089
2343
2618
2343
1477
445
3321
445
903
445
1083
445
2162
445
2147
2492
2353
2492
2952
2492
2233
2492
2206
2492
2732
596
1445
596
1868
2186
1716
608
3195
608
607
608
2929
608
1459
731
2378
731
2384
564
562
3381
3395
1974
1450
31
1934
3266
1934
3292
1934
1226
626
2063
3077
1391
3077
1355
3077
3174
3077
469
3077
749
3077
645
3077
896
3077
1344
3077
519
3077
1855
3077
822
3077
605
3077
3294
3077
1096
3077
812
3077
669
3077
1331
3077
3166
3077
643
3077
705
3077
640
3077
1121
3077
1059
3077
453
3077
3078
3077
684
1897
2507
1897
3006
1897
2963
3425
292
3425
1496
1502
3119
1752
1910
1489
938
1489
1758
348
342
2840
2864
2840
1668
3179
445
3265
1387
3265
2576
1519
614
1519
468
1519
3075
159
103
159
153
159
202
1927
1348
1927
1141
361
352
340
339
340
3390
340
2931
340
1885
1676
3265
3152
3134
2902
2169
541
515
560
3153
560
557
2168
2932
2168
1345
2168
2402
2168
1177
3313
1444
1970
1985
1970
2922
1970
1990
947
252
947
3016
2655
879
2655
644
3316
3330
1409
1387
1342
2259
1342
1372
1930
2374
1157
1151
1157
1114
2239
247
2312
1696
2951
2741
2951
961
2876
447
1325
1729
1325
3144
1325
2742
214
216
214
23
1295
1229
1295
2118
753
756
344
336
1759
1497
1678
1097
1678
1097
503
3272
503
1334
2405
2501
2405
2230
2873
1975
869
2508
869
3411
869
2235
869
1329
2337
2199
2337
1377
419
420
419
2926
419
2925
419
3122
477
462
477
476
1440
1694
1461
1370
2977
736
194
204
194
18
1029
2896
402
393
1128
1357
2469
1866
1798
1300
1798
1347
1746
278
1448
3329
2444
798
2444
826
389
379
2324
2183
0
1404
3055
2387
557
2266
2064
231
2942
315
1501
1982
875
2294
1437
103
56
1821
1131
1821
847
1821
414
118
61
1565
3296
1565
1432
2628
2991
293
3432
2707
1462
3051
3052
3051
3242
1444
634
189
78
189
218
935
1501
1791
1109
1791
1654
975
867
323
319
323
866
323
2917
2525
1421
2525
1417
2081
391
2320
550
1356
3057
983
984
983
984
3298
2146
3298
609
126
114
126
101
2828
1144
2828
3249
1400
2678
1400
1227
1400
1963
142
93
142
148
2290
1426
2290
2103
42
178
76
178
198
2661
3292
2591
2933
2587
1180
324
2321
324
323
324
320
294
2231
2006
2315
2182
2315
2324
2315
2707
266
1345
964
1345
1463
1345
967
1345
965
1345
969
686
1995
686
1989
686
1985
686
2336
1443
2395
387
2476
387
952
387
1703
387
951
3395
853
3215
2278
2419
2422
1176
2617
1601
3264
1601
1418
337
330
1322
427
2389
3097
2389
1983
2389
3351
2389
2341
2389
1882
2389
2172
3410
3414
3410
1744
2965
1270
2965
2511
2007
2009
2712
2923
2930
2196
984
353
2791
765
2791
1258
1292
709
2787
486
2787
2064
1299
2390
1299
783
1299
1102
2402
2340
2450
625
3166
786
3166
3277
509
2889
509
2393
509
484
509
2904
442
1077
442
1016
3098
1099
320
1450
320
319
3013
3326
1657
451
917
3158
290
3016
3352
3016
229
3163
1760
668
3285
668
3014
3251
1308
3251
1964
3251
3095
1505
1355
1505
896
1403
865
1588
1955
1588
1953
2293
379
1178
1168
1178
2953
1755
2017
1755
2016
1755
1488
1616
2544
1616
655
980
948
980
1335
980
947
980
2704
2323
3097
2323
2341
2323
1882
3190
3436
1618
1112
1618
836
3049
562
2727
2405
3270
509
1632
2672
1632
2849
22
21
1780
860
1780
3098
955
2748
955
3410
643
630
1486
934
2431
1324
2431
1341
862
452
1145
600
1145
1237
3397
743
3397
2244
3318
458
3235
2046
3235
2284
3235
2283
3235
2673
3235
765
3235
366
3235
1228
3235
328
3235
829
3235
345
3235
2292
3235
583
3235
1371
3235
2061
3235
2084
3235
814
3235
396
3235
2072
3235
1198
3235
370
3235
898
3235
830
3235
852
3235
1258
3235
2290
3235
337
3235
1092
3235
386
3235
3164
3235
1086
3235
3212
3235
2053
3235
2296
3235
3322
1376
1732
2505
2241
2281
616
2219
762
2219
381
2120
571
2189
694
2189
1469
2910
3015
2732
2221
2090
1960
2202
1728
3418
2757
3418
3191
579
1343
579
770
579
3168
1863
1693
1863
3316
1863
3333
457
446
807
2092
807
2675
807
808
1784
1654
1784
3271
2137
1694
3033
3042
3246
1662
3246
2550
3246
3038
1642
558
849
1481
849
2210
1709
252
3036
2733
3243
2117
3243
3260
3243
1229
3243
1162
3243
842
3243
2121
3243
3280
3243
1076
3243
2114
3243
2110
3243
780
3243
1090
3243
1661
3243
2122
3243
440
3243
3304
3243
1104
3243
3026
3243
2105
3243
1085
3243
2118
3243
706
3243
3267
3243
2096
3243
2108
3243
1116
3243
1118
3243
824
3243
2107
3243
2120
3243
2115
3243
3282
3243
2112
3243
2106
3243
675
633
611
1468
957
1468
382
1468
3412
2471
726
2471
2319
2471
1030
2471
2592
2471
3323
2471
1026
1328
3063
1203
1847
1203
910
1203
2844
1203
1185
2895
551
2124
2151
1378
1475
705
1437
2094
462
3082
1350
212
3
212
2
2066
466
1926
3064
1926
1290
640
639
281
280
1677
713
661
1309
661
3032
661
1305
634
1172
634
1171
634
3027
634
725
2764
2987
3118
1864
2580
3398
835
3398
2005
1908
2519
1908
303
648
1687
648
1005
648
2158
1896
1339
1783
3066
1783
785
1775
2043
1775
730
2093
609
991
2730
991
1375
991
2951
991
3070
991
2218
627
978
2847
2052
2847
2046
2847
2284
2847
2283
2847
2673
2847
765
2847
366
2847
1228
2847
328
2847
829
2847
345
2847
2292
2847
583
2847
1371
2847
2061
2847
2084
2847
814
2847
396
2847
2072
2847
1198
2847
370
2847
898
2847
830
2847
852
2847
1258
2847
2290
2847
337
2847
1092
2847
386
2847
3164
2847
1086
2847
3212
2847
2053
2847
2296
2847
3322
3070
3397
3249
2861
3249
3063
3249
1327
1204
1205
2694
2906
2187
1733
2187
869
2187
2216
431
434
431
1014
2564
376
2123
1861
1021
2335
597
588
597
2154
630
2893
630
973
630
974
630
2710
630
2388
630
3313
644
630
2608
2961
2608
2751
782
3432
2589
1894
2589
1468
2659
398
2115
883
175
40
175
134
1860
1279
1841
1414
1841
772
3282
2468
3282
3308
3046
2999
3046
1166
1156
1111
1156
1160
1122
706
1122
2107
998
1000
946
2928
946
3194
1829
441
1829
1314
1099
1971
1099
3319
1099
1878
1099
1981
1099
2699
1099
1208
2808
591
2808
755
1200
2899
1200
1187
2789
1242
2789
2683
3043
3044
1092
2090
2970
2980
2970
1495
1531
2083
1531
792
2143
759
959
3412
3354
2955
3354
1476
3354
2954
1271
2226
2267
643
1645
1238
1645
750
1953
1958
1953
1854
1953
1423
2386
2886
140
132
140
148
140
98
1051
1368
1114
3103
1114
727
1058
2568
1569
575
1569
790
67
219
67
18
164
49
3018
350
3018
1359
3018
789
3018
1106
3018
2059
3018
415
3018
2289
3018
2549
3018
3066
3018
752
3018
2043
3018
2291
3018
2075
3018
1365
3018
730
3018
878
3018
2062
3018
3273
3018
3175
3018
334
3018
858
3018
2073
3018
371
3018
361
3018
2081
3018
2293
3018
785
3018
1366
3018
764
3018
3314
3018
1283
3018
2285
3018
346
3018
777
3427
3429
689
1688
689
1691
689
1310
689
687
64
131
702
703
702
2470
770
1439
1747
3087
1747
3173
2642
1956
2642
3011
53
102
476
3369
476
3112
476
1875
476
2172
98
42
3374
1360
3374
239
3374
2936
2336
1889
2336
1891
2336
1724
3388
3093
3388
2512
3145
2968
3145
3154
719
1346
719
857
20
78
3224
890
2700
1696
2946
301
3430
313
3430
310
3430
923
3430
3431
3430
925
3430
3435
3430
312
3430
309
2806
3280
2368
645
2368
640
3333
875
1635
3285
1635
1220
2943
254
2803
3214
2803
1677
952
1881
3336
1723
3336
2727
1142
780
1142
3026
1209
3060
1209
1038
1209
2724
1209
1471
865
1872
865
3172
2572
2909
1357
659
1110
1211
1110
2386
2603
2407
774
2464
774
1074
774
2866
2772
927
2878
2895
478
462
1703
953
1703
376
1703
2957
131
166
131
58
2205
2224
2205
1482
2606
2507
2606
3047
785
517
2580
2322
2514
928
2148
2157
2148
1979
2148
2165
3407
2357
3407
3073
2922
2189
2006
3186
2006
3187
1938
904
1938
3002
2161
3311
2161
3311
1177
1178
2140
1972
336
325
336
332
2039
1241
2039
2069
2039
1054
2039
1140
2039
1144
2039
3281
2039
486
2039
642
2039
1094
2039
1192
2039
850
2039
2048
2039
666
2039
544
2039
2065
2039
654
2039
1060
2039
2060
2039
2064
2039
1138
2039
2063
2039
1193
2039
2067
2039
633
2039
661
2039
3249
2039
2078
2039
537
2039
1261
2039
1236
2039
1243
2039
3207
2039
716
2112
433
1950
2044
1950
1677
1950
478
1125
674
1125
3008
386
377
687
1988
687
1989
687
3364
687
1985
687
2922
687
1990
267
266
2683
689
1704
2188
2949
3406
2780
3166
2780
576
901
567
2457
2461
2457
3261
2457
1649
2457
816
2457
2099
2457
1658
2457
1109
2457
876
2457
1655
2457
507
2457
892
2457
899
2457
375
2457
1650
2457
1654
2457
3159
2457
886
2457
388
2457
815
2457
827
2457
833
2457
428
2457
1657
2457
2094
2457
774
2457
1656
2457
3271
2457
2856
2457
1663
2457
1664
2457
1660
2457
1013
2457
887
1095
517
773
423
2686
433
2937
293
2937
782
2937
2946
1113
3276
1113
2383
1113
2130
2011
911
2011
2767
2011
307
3362
1369
3362
1470
3362
1370
1617
851
1617
1954
2144
2158
1954
2554
2982
321
2982
2631
368
362
1700
821
3133
314
3133
3163
918
1772
464
221
9
221
213
1656
384
916
2338
916
990
916
2190
916
1722
916
1472
916
2401
2458
680
3197
2500
3136
3058
888
512
888
848
3181
2610
2911
2920
2911
2919
1424
1032
1424
2134
2078
659
1394
3261
1979
3208
2304
3331
245
1366
3151
1366
1367
1287
3277
2446
638
2446
1190
1032
3344
1032
1979
1510
2060
1510
1261
422
1457
422
1021
422
916
422
1022
1437
2178
1437
692
1818
2055
1818
2286
872
1057
872
621
872
1303
872
3297
872
1115
872
3252
872
1195
872
518
872
2101
872
638
872
3054
872
1317
872
3288
872
1220
872
1110
872
3014
872
1244
2862
2875
392
382
392
1703
1788
582
1788
564
3271
1286
1816
3210
1816
3002
1555
350
1555
346
2443
826
2443
1673
399
397
399
796
3305
3040
1885
2601
1885
1996
2076
3247
1420
1968
1420
1285
1420
1298
1420
1028
1420
1864
1420
1284
2256
281
2518
309
3338
1457
3338
1021
3338
1022
1390
2299
1390
3151
1390
1322
228
2835
412
2300
1863
57
103
1514
749
1514
605
303
2997
303
293
1458
1352
2635
349
2635
365
54
2470
1453
2470
2160
2470
2703
2470
3136
63
1873
2322
1451
2597
1131
1314
11
10
1801
1649
1801
892
2033
746
2033
1288
1319
1019
1181
796
3189
3255
3189
1143
3189
575
3189
906
3189
2080
3189
1107
3189
2083
3189
2047
3189
3094
3189
895
3189
2085
3189
790
3189
1084
3189
1197
3189
1048
3189
1204
3189
368
3189
902
3189
417
3189
1301
3189
2079
2422
1494
1736
2246
3208
1020
3208
1987
3208
2191
91
113
2027
1839
2027
1950
1591
669
1591
672
2399
3141
1765
2059
1765
3066
1302
3298
1997
950
1997
355
1621
839
1621
429
1289
3130
3071
1375
3071
3397
3071
1376
2958
265
2392
2584
153
52
1874
2396
2034
1093
2482
3359
1415
2556
1513
773
1513
1424
304
3425
1667
2564
671
1969
671
2168
671
998
671
999
2245
284
2245
2992
2245
2768
2245
2359
195
70
195
135
2449
1093
2449
2039
1598
879
1598
3283
1546
415
1546
2073
1495
928
1393
1106
2929
2203
2303
1134
52
1525
878
1525
371
1423
1872
2957
2227
2957
955
95
37
256
1870
3358
847
671
3014
1214
2030
803
3105
2449
512
2389
512
889
439
830
439
852
215
89
215
174
300
299
2228
2352
119
37
3164
424
466
3317
466
2471
2675
2466
413
3123
413
2926
413
407
413
2925
494
823
494
493
2624
3150
1882
1725
524
2181
524
2327
524
2591
524
2715
3172
448
3172
3340
3172
2890
3172
2482
3172
3203
3172
2391
760
474
741
1648
741
1416
2533
335
2533
327
553
527
2853
641
1248
705
1248
1121
1559
2082
1559
3256
1068
1198
1068
2296
3203
1373
2856
2880
2856
2571
2856
3301
537
514
537
2566
2971
1495
3058
996
3058
2714
3058
2180
969
2940
3206
2713
929
2824
842
2824
675
2536
775
2536
1292
1261
1852
1261
2116
1261
3031
1240
876
1240
886
2277
1362
2410
3388
2057
431
168
60
168
126
168
152
3114
2702
3114
3115
3114
1870
2745
2966
2745
2754
3005
727
3379
376
3414
3423
3414
2013
3414
2630
183
88
183
74
183
104
826
663
3347
2593
490
3094
490
2050
796
957
796
3380
796
959
796
958
796
986
883
1039
883
1231
883
2140
883
1867
520
995
764
3290
309
921
242
808
3332
152
54
1035
1984
1086
1653
1086
1857
875
2400
875
2194
875
1470
875
1892
875
2721
875
1461
425
1224
425
422
2351
3126
2351
2234
2545
3103
2719
1368
395
397
395
387
2701
3302
3057
970
3057
651
2414
758
2414
2976
1244
1053
1244
1380
2358
2627
1552
1332
1552
3251
1907
2258
1907
941
1907
1372
884
384
2781
3200
1492
286
50
162
50
163
50
91
1749
304
1749
1492
1499
3118
763
1091
2797
2279
1236
598
410
405
1681
1038
1681
863
1681
1207
277
276
116
54
1522
1674
1522
3278
3258
3085
3258
793
1167
2249
1167
240
1167
1482
2171
407
538
514
538
513
538
1669
606
1485
606
3416
606
2623
2413
3046
515
2167
515
2573
1243
695
2581
555
550
3147
550
2493
550
3089
550
2602
2667
1644
2667
395
2597
3146
2597
549
2597
1735
523
2713
523
874
2425
3158
351
343
880
708
3180
3059
2839
3101
358
1744
1305
1306
1762
2114
1762
2122
414
1702
3257
426
3257
3085
2395
360
493
1666
2874
1098
728
2681
728
1128
728
1670
611
610
611
2893
611
2710
611
2388
3314
431
2242
296
2309
759
554
1042
554
550
1412
574
1339
2236
1339
2245
2648
430
1017
2481
1434
3337
2621
2759
138
66
138
148
138
64
182
108
182
150
2599
1273
2599
1361
2599
3129
282
662
1447
662
658
843
1692
843
3209
2015
281
432
434
432
1014
1427
2475
1427
1977
1427
2474
1098
2327
1098
2591
1046
1389
1046
2913
1046
2892
1046
2944
1046
1043
1046
1451
1828
2056
1828
2054
1022
2335
2447
2543
2447
2848
3329
821
3329
832
1284
3170
2821
3297
2821
683
992
3391
2307
2179
2939
3354
2799
338
1397
3283
1397
2093
78
19
2974
292
999
1000
2165
3208
1909
1494
649
970
649
832
1842
1276
1842
838
1842
2684
1430
1350
3111
682
1517
819
1517
1957
1663
510
781
2763
781
1174
3168
1439
905
881
905
3210
905
904
905
2091
905
1351
905
1304
905
1290
905
678
905
1077
905
2070
905
441
905
2082
905
2056
905
1016
905
3049
905
3082
905
1131
905
847
905
414
905
1055
905
2054
905
3256
905
2097
905
1957
1091
2573
1091
834
1091
2124
1091
1681
1993
990
1993
1722
1993
1472
111
114
1121
3040
1121
1696
2023
1153
2023
578
1280
399
2704
2708
2704
2910
3062
2613
3062
3371
3062
2349
3220
1944
1469
3181
1469
3181
1469
3180
2037
819
2037
3064
2037
3149
2037
860
2037
1320
2037
2071
2037
3140
2037
3002
2037
855
2037
3098
2037
1113
3129
3183
840
2299
840
3151
840
1367
861
2492
1877
2338
1877
1890
1877
1896
1877
1271
1877
1272
2784
2089
2784
1139
1329
1165
1329
1338
2432
2087
2432
538
1726
3137
1696
687
1708
2594
1708
2594
848
3060
848
3068
848
863
848
2156
848
2724
848
1978
1664
459
1631
3202
1631
1679
307
306
3155
313
3155
1912
3155
2257
3389
853
2024
1143
2024
1107
2905
2711
2905
315
2905
935
2201
2406
2201
3218
2201
1473
2201
3217
2201
2738
576
1097
576
1961
576
1678
205
207
205
49
2652
880
2652
745
1966
3279
1966
3279
2510
285
2584
223
1379
2312
1379
2700
1379
3305
2282
524
1994
3107
2679
2692
2679
1860
2679
3114
844
2145
844
1373
844
422
844
2391
2953
1478
1535
1848
1535
1851
1433
574
3262
759
2871
873
2871
662
2956
3384
1275
3177
1641
691
1660
399
1055
2458
187
203
187
22
1283
844
2020
2280
2020
2376
3311
1052
2495
2498
2495
3398
2188
3178
2188
2217
2188
2232
2188
2007
2188
1025
578
1343
578
3216
578
3168
2216
3396
19
1990
2336
2218
1732
2111
2134
2522
753
1013
408
1845
2455
157
128
157
57
157
153
2162
2716
3399
2240
2914
993
2914
1027
2914
2717
2274
1676
2274
2120
2054
451
534
789
534
3273
497
2389
497
479
902
568
889
1467
889
2197
889
2939
889
3339
3029
3030
3239
2551
3239
3254
3239
508
3239
477
919
1502
2537
1317
2537
1141
369
362
2857
646
527
528
527
3086
3207
689
3274
426
3274
1319
2038
1850
2106
708
836
593
2050
883
2417
2423
2417
2419
2417
1491
2149
2582
2149
1693
2149
3316
665
1216
665
3275
285
1247
2297
1247
2294
2270
2071
2270
1055
1939
2667
2012
2247
2012
3157
2012
2766
1163
2262
1163
917
1163
2263
530
787
530
2076
435
757
435
1390
3053
3262
273
272
1025
2213
1025
2214
767
1666
1771
541
995
3385
995
2231
1903
1743
2858
2886
3056
1350
16
15
1196
978
1196
2465
1196
2560
2796
345
2796
2292
2690
768
2690
768
1164
936
1164
2994
1164
919
2560
2887
1586
700
1586
1645
1208
2155
3074
1671
3074
2116
1010
814
1010
396
218
17
218
219
1532
2083
1532
2085
2369
635
2369
638
1052
693
1052
694
1052
3088
1052
2398
1226
3100
1226
1018
1226
1017
3039
1651
2793
547
1272
2226
479
1875
479
2394
479
1983
479
3351
479
1876
479
2172
3419
3099
3419
2989
2663
642
2663
1192
887
431
1904
2355
2593
2610
2593
1891
2593
3059
2593
3181
2593
2495
2666
847
2596
2935
2596
985
2596
2946
2760
2995
274
273
701
703
701
2470
2273
2040
2273
1839
951
1881
3360
413
3212
1671
3212
1852
3212
2116
3353
2345
2053
1959
23
1059
664
35
1568
582
1568
3250
3253
514
3253
513
3253
1669
2435
3252
2435
628
533
3272
533
1340
1160
1147
1160
1148
1160
2095
1141
2139
1141
891
1141
2561
958
2219
3256
485
1014
2900
1014
1706
1014
3381
1014
1877
2715
2933
2962
3407
557
521
557
2177
3011
531
3011
1385
3011
2103
718
704
1900
2975
688
3156
688
248
688
2243
688
2239
3161
411
3161
404
3161
2089
3161
854
3161
715
3161
839
3161
429
3161
837
3161
600
3161
722
3161
585
3161
2100
3161
797
3161
714
3161
1319
3161
884
3161
767
3373
1896
3373
1271
3373
1272
270
1945
2285
1134
2285
3318
417
406
2478
618
716
704
1856
1379
1301
522
1622
429
1622
797
2820
837
2820
1412
2391
3338
2726
985
2726
2735
355
1502
2421
2985
2421
1749
1182
2916
2723
1384
2723
239
2723
2947
1599
856
1599
818
2568
1969
2568
681
2568
998
2568
999
134
39
1592
819
1592
2054
122
43
122
132
122
64
672
1425
38
95
2229
2746
2229
2238
800
3188
800
1354
3095
2888
2130
2149
2768
266
450
1400
450
425
49
48
170
99
170
152
170
111
2620
2758
615
613
756
438
907
438
807
506
1332
506
846
2882
2480
2127
776
2127
710
1316
673
1316
1111
1316
2055
1316
882
1316
2086
1316
2287
1316
2051
1316
841
1316
3266
1316
2295
1316
2087
1316
2286
1316
2298
1316
2088
1316
2049
1316
2297
1316
652
1316
2074
1316
3041
1316
2077
1316
3292
1316
582
1316
3269
1316
3250
1316
2045
1316
564
1316
2294
1316
2066
1316
538
1316
2282
1316
578
1316
3056
1316
1226
1316
1160
2529
707
2529
721
2346
3387
1685
392
2398
2339
2398
2934
2398
3009
2398
3363
2398
3350
156
77
156
149
3247
1137
3247
2469
3247
1966
593
555
593
2325
2183
1369
2183
2721
2183
1461
3199
1700
2849
1429
2849
2857
3221
1422
3221
1199
3221
1944
3221
402
1288
526
1318
1465
2097
556
3037
3382
623
3299
623
617
623
619
623
915
2134
422
1787
2046
1787
898
2638
366
2638
2292
804
881
804
819
804
904
804
1351
804
3064
804
3149
804
860
804
2674
804
1320
804
1290
804
2071
804
1077
804
3140
804
3002
804
2070
804
2548
804
2082
804
855
804
2056
804
1016
804
3098
804
3049
804
3082
804
1113
804
847
804
1055
804
2054
804
3256
804
1957
3022
1977
454
3266
454
2286
202
117
202
205
2175
2179
511
2484
511
2389
511
1978
3110
3121
3110
2011
3366
3180
1673
671
1976
3331
3295
2135
3295
1680
3295
3310
2511
2418
2511
2514
1936
1106
1936
334
1936
346
24
79
229
624
3299
624
617
624
948
624
2704
2978
290
594
2160
594
587
594
2703
594
3136
2184
2342
1207
994
1207
3023
1207
520
566
563
566
1046
391
2867
391
383
391
1667
391
2555
1674
459
2846
679
637
973
637
974
637
629
637
3313
2133
1683
1459
2948
1459
2210
1459
2210
803
804
1031
1032
2843
2845
2843
1843
2843
2280
2843
1844
2843
1358
2843
2543
2843
700
2843
2376
2843
2544
2843
565
2843
2848
2843
676
2843
2671
2843
655
2843
2672
2843
2375
2843
2850
2843
603
2843
2451
2843
1404
2843
2450
2843
2281
2843
3246
2843
1642
2843
1841
2843
1645
2843
1058
2843
728
2843
1641
2843
1196
2843
2849
2843
2846
2843
1262
27
1867
1874
871
1388
871
3419
2355
3408
453
3172
2462
2302
2462
2378
421
1183
421
2883
421
419
2918
1999
1978
2323
620
731
620
2462
745
701
590
2102
590
1412
3310
3325
2079
509
3378
1271
3378
1339
2755
2625
2755
3150
2755
257
2180
1992
1452
2181
1789
2087
1789
2049
2870
574
346
333
398
395
1265
755
1265
3074
1670
1356
647
1687
647
1005
647
2693
647
2144
3047
2984
3047
2769
1132
1086
1132
2053
2555
3357
1802
833
1802
1663
3184
1745
3184
2991
3184
2754
3184
1483
1819
1206
1819
742
1682
1685
1682
1685
359
2759
359
358
1744
3423
1744
2246
1521
3267
1521
2112
1491
927
1406
2875
1338
3421
1338
754
2264
3434
2264
3434
2264
2425
2264
274
2264
296
2308
1967
2296
399
1613
1190
1613
1302
1117
2877
1117
2689
1117
1119
1350
848
1350
511
2326
2725
2326
2196
2172
2326
729
1984
3078
2127
2807
1216
2807
798
777
559
1761
2094
1761
1664
1740
1746
1740
1744
2947
236
46
1625
676
1625
2846
1748
2999
2474
3130
120
112
120
104
1185
1186
352
353
352
341
3337
2891
3337
2159
3337
1182
1595
1048
2439
1243
2439
716
263
1909
683
1213
1498
283
1498
3158
1498
302
1498
1337
1498
295
1498
1500
1498
3432
1498
286
1498
3436
1498
291
1498
3434
1498
298
1498
3433
1498
1501
1498
735
1498
276
1498
1502
1498
753
1498
281
1498
267
1498
300
1498
1499
1498
273
1446
1209
1411
510
675
663
2260
310
2241
3415
2241
2416
1173
3405
3322
432
2607
3383
2607
3383
612
610
612
629
539
2121
539
1090
1354
900
1354
856
1354
907
1354
818
1354
409
1354
792
1354
2041
1354
699
1354
348
1354
862
1354
807
1354
741
1354
2057
1354
2050
2728
1325
296
295
2612
2503
809
673
809
1111
809
2547
809
2055
809
882
809
2086
809
2287
809
841
809
3266
809
2295
809
2087
809
2286
809
2298
809
2088
809
2049
809
2297
809
652
809
2074
809
3041
809
2077
809
3292
809
582
809
3269
809
3250
809
2045
809
564
809
2294
809
2066
809
2853
809
538
809
2282
809
578
809
3056
809
1226
809
1160
3413
3081
3413
3050
742
443
308
2995
1707
3090
1707
2591
1707
2715
264
925
2761
280
684
1056
3278
465
1881
367
129
132
129
42
326
316
326
325
186
15
186
220
2453
2379
2453
2855
2453
2854
1455
914
986
987
986
987
1353
484
2359
1750
2359
2990
1805
1649
1805
3271
1135
3251
1135
1430
2933
1037
2933
1036
2933
3036
1262
2455
1262
2862
1262
1406
2936
2947
145
146
145
115
2687
1049
2812
3213
2812
778
1610
2450
1610
1196
1174
2771
1174
923
1174
2250
2691
3262
2456
2377
2456
1853
2561
1100
3122
3123
3160
3114
3387
516
3387
871
3387
1173
680
1688
680
1691
680
1001
680
1879
260
929
241
3339
3062
75
115
3010
3403
3010
688
1743
2763
1743
1174
3193
913
3193
311
3193
2260
968
2941
1551
350
1551
361
928
3137
3079
3137
945
2263
295
1957
423
3196
303
1558
1094
1558
544
1069
2696
2352
1270
2352
2511
1249
1121
1249
684
220
12
220
221
1170
254
1170
232
1614
2856
1614
1664
2147
2480
