7695
57
6496
2414
13603
4026
5795
11835
6270
8413
7656
5664
12945
5474
13421
8641
11363
545
8276
11172
5722
6136
12096
7912
3576
7822
1379
11708
11811
8090
3183
4683
13261
9158
8605
11927
5293
11333
6551
9691
1250
11817
6166
8154
1213
1117
11819
5634
11594
6240
8481
11865
4175
8671
9906
3018
13678
11929
12151
2815
10240
3793
7446
8730
1124
2906
7570
13728
649
209
7196
4143
171
12049
5248
12047
250
4163
8775
10551
2160
2108
2184
5398
11438
11678
4752
3314
7172
11468
13080
7251
13944
2258
4787
2210
3727
7401
684
1145
2807
4141
11254
4789
10496
11572
7314
13025
10270
2606
7540
13821
8318
1102
9398
12678
12468
14044
12080
4124
6259
8032
9248
12254
6257
12572
1840
12025
13328
1614
6693
6282
3595
3547
6322
3895
1914
10597
2359
576
413
13049
10924
738
13047
7044
8062
10814
10599
3861
1787
12438
3567
6924
12811
446
955
11044
7559
7688
12927
9722
2587
12333
6814
6599
3459
10136
12817
797
8684
9474
12594
1356
12819
7582
10322
12865
9795
9664
1178
4346
6597
2913
7557
12929
908
13151
2086
2613
10257
4414
12835
9186
1342
5906
3698
11945
9634
10693
10282
13225
10166
5691
12363
9293
658
13096
4900
10259
102
4301
12708
11413
9383
10072
8835
40
13186
4990
5601
11641
498
2531
13903
6144
4391
4426
1
8708
5804
3081
10442
11276
8363
10783
10192
7704
9096
14147
9885
2456
6687
8333
12684
7492
9547
8817
5646
1418
574
8811
6652
11605
8927
5580
12158
8929
4231
792
5525
9151
7598
13978
5012
6916
14153
11481
8865
8594
8819
26
9549
759
6826
6558
6689
11671
9223
2069
5261
8176
3356
4555
9049
10916
14113
731
4842
847
10558
10826
11730
10689
5102
1071
2838
11775
1592
10687
3035
8438
9047
3500
10652
2049
7434
407
14187
511
7674
7464
5456
2137
6442
6783
1892
6192
8678
469
622
8468
13644
7258
9488
11318
8
8254
8572
1010
1731
3224
10586
1956
4699
7326
3241
1734
13797
1779
13812
9080
1494
9025
4962
12318
3609
7066
4253
9261
3158
4697
3110
7491
3263
3791
1857
5488
1571
321
12730
3909
3292
7036
4932
12775
1551
9456
13527
1656
14183
7286
3243
2751
11684
4520
3275
2392
9804
63
12605
4334
13158
1373
1539
14078
10144
8000
2283
4593
13252
9601
12481
2771
5383
11036
12671
6072
12413
165
1219
12186
3029
5223
12641
5549
11066
8945
9525
495
14003
666
6586
2534
9580
14128
7785
9646
4364
13397
12276
13412
5547
2733
5885
14107
2579
2020
2172
5154
12338
12777
3409
239
1162
6774
13351
1513
10604
5090
9972
7683
13561
3223
462
8860
640
10801
2081
192
6422
12779
3700
9027
10698
4656
8202
11106
4695
626
4822
1374
12703
10846
11750
7016
4912
12368
4089
13968
9298
9029
9529
7787
5852
9243
4401
6846
12673
9393
14060
11016
8949
4251
5545
9131
7752
5887
12463
11506
3069
5889
4540
5626
3049
6698
8947
2035
7789
4314
9527
7106
2592
1838
12609
2892
2309
4196
1129
1292
4446
6801
3137
4570
9374
10422
12621
2731
3811
6124
12433
10774
1454
5210
6604
12607
408
1365
925
2533
5527
11609
8980
2779
8867
2734
887
9889
13395
8381
9626
2956
11621
9887
2110
2158
6685
966
8869
11433
5393
9545
8815
5243
9852
6966
7
5062
5529
11607
8925
5032
2208
2260
6936
9210
2571
2857
2284
13960
11673
10124
429
1400
11463
12506
8839
5374
13411
8837
2656
8313
386
13613
2551
13811
8418
13649
13525
7414
3244
1751
5972
3591
10936
3264
1771
1261
11703
7301
12750
663
11368
7900
13751
14068
5298
11338
11777
10685
4559
9045
401
10966
497
4688
534
2029
9153
3172
3020
1579
1733
4557
13646
66
7346
13795
3812
4582
11779
13045
2272
9356
13153
4492
3395
4077
3527
14046
3313
10864
5388
657
823
10595
8012
11860
10756
7231
4598
11202
7391
10531
503
6255
881
4164
12418
1382
12027
14049
5228
1211
2183
7990
13742
10834
1815
4704
3794
12029
13802
13668
2018
4144
10006
7426
8750
11949
12131
12839
8506
13402
1906
4464
778
4674
14013
49
6531
3184
3108
13
3160
10255
12837
12313
11947
3659
4258
10116
6834
1807
5483
12867
6864
12381
3959
9797
6595
7842
12980
7555
5176
6756
1037
3776
2295
5742
4434
1606
2413
12925
9614
9799
12815
8102
84
12869
7932
6116
11867
11381
14154
10553
11980
8609
3306
131
1447
2614
4286
3498
4032
13227
8607
355
11925
2840
8621
11815
2237
11869
6891
8433
12949
6788
13131
8673
13660
8463
5799
11839
4066
5614
1227
1123
6220
2914
10342
1338
4326
7699
1185
7697
13913
9742
4491
2787
5797
11837
4046
7962
6944
294
7253
11313
9483
12947
11024
12202
1587
3767
13027
9388
11418
13949
10944
1214
7024
8368
3086
10788
13029
10220
1913
5356
7364
4785
14098
3747
6342
8703
12045
58
7334
6006
12153
8777
2406
7520
8338
1613
1290
10891
702
13342
13946
14114
8779
6553
1508
9228
5000
7593
13552
4123
1475
12860
2383
1108
6815
4603
13253
9617
840
6869
11891
8010
8685
9430
5958
13706
5048
4437
11153
6925
2443
5516
9611
8966
11045
12756
2463
281
3375
2923
2696
4439
6980
9986
238
6381
12864
13595
9475
12595
13287
9665
6867
9619
9794
13846
6313
12834
13849
6837
13611
10418
11944
9635
4679
2623
13413
1375
4415
4469
12531
7961
1873
4467
8936
4677
2441
6839
11220
14002
11788
13709
7360
976
4114
2839
2095
11342
4721
9713
10839
1845
4707
2874
2048
9878
2068
10313
12024
3341
13449
10837
6418
4709
1624
1865
115
12255
13813
4003
1149
10980
3483
8120
11553
10381
3343
14164
1924
10867
13446
9781
10815
2997
4928
10869
2475
213
3363
653
4818
10925
7153
3192
7045
4773
6860
3684
754
7339
96
3608
5092
3660
12553
14174
8422
1663
3159
1552
5878
8774
3256
5713
1643
467
7923
1941
371
1348
1778
7337
7778
409
1364
924
13534
7813
3717
7367
902
7881
12342
1172
7029
3324
4460
11131
1641
1943
5781
10949
9016
1963
10947
13024
7027
428
3984
11255
6202
7315
3960
452
3908
7369
6947
5665
8698
11834
5794
4016
5619
11027
12944
5475
7694
9106
5986
10202
2424
11531
2964
8846
582
9516
2944
5611
91
1975
11029
5430
1455
12220
13902
13306
9958
12788
7131
6949
5617
4650
13309
8043
12891
7608
4576
8155
2644
8604
2578
1675
3705
959
10860
11756
7502
3028
735
917
2825
2664
11864
11595
5635
2752
8801
6607
9805
4335
11966
1407
12604
6433
8891
9379
10338
6621
6127
11685
10777
13895
9871
5951
10779
5061
6129
616
9738
9377
12801
3972
13220
10145
10053
6609
13239
5350
4863
13106
4910
4317
9303
3672
7948
13236
4833
9524
12698
3019
9841
1580
8944
4311
9768
13714
13911
8220
6463
2030
13460
6673
8788
5884
10368
12846
365
10703
4319
1702
7784
4365
11936
5896
953
3555
10463
13016
13860
10673
32
6368
610
2502
6703
2109
13585
8342
48
8028
1530
9408
1474
1412
9024
473
2780
12422
5212
8553
6779
14134
4156
6031
5159
10609
10607
5182
12774
10433
2259
5157
6338
10621
6777
11422
3937
3842
4272
13510
1431
871
5408
3050
4092
4554
1143
672
1047
1320
7435
3070
11774
3862
7206
13468
10506
12016
7675
6750
3836
7419
7465
7417
8255
1184
3214
1721
5023
7630
3637
10031
207
647
7411
2358
2310
9212
4943
12106
7838
6053
2521
9350
7771
8531
6145
5738
11698
8834
5377
5871
10129
9951
14011
724
13602
13868
6506
1215
10127
5379
7705
3410
11846
10750
3458
5805
5140
12936
9896
4090
4054
12966
5170
11604
779
9884
12685
2882
13995
8595
13314
8864
5768
11801
5841
3699
5524
8756
7868
7741
5303
59
7415
8257
7469
7679
8282
8693
12066
11186
4360
9262
9953
12783
12192
1298
7677
12442
4961
8259
739
6051
7467
9044
13343
2580
7437
2019
10684
8048
9232
7603
13553
3437
5010
5996
12036
2702
201
1451
14173
8322
13587
3822
243
7439
3755
3030
8597
12558
12826
1470
12689
3109
2337
12916
5120
3658
3610
632
1087
1183
1780
7773
7818
12652
8924
6684
5873
3206
13340
5290
1125
648
208
9544
13319
8599
8814
5718
12687
7928
5821
186
10125
5330
7707
13912
13316
5931
6149
13897
4001
7721
11586
5807
456
1144
5809
3910
6147
3958
1168
7709
5375
10180
7186
9718
13719
7460
5544
3499
72
2050
6276
9290
14012
13740
9873
4881
13997
12586
4367
13403
4315
4369
8496
4053
433
6641
13621
10318
2070
6413
8270
831
11826
11558
10730
6180
11689
6671
8240
6481
9375
10147
4339
11916
8092
13478
47
9809
13234
4813
6605
7158
1369
9807
929
10149
4337
9931
3472
11652
4778
2195
9330
13716
4923
2721
11687
6125
8551
10775
9821
10051
10605
11158
3213
124
392
4608
5155
7576
5262
7650
5953
6775
5043
13036
6730
10671
2372
14163
10481
997
13878
4502
954
13803
1882
4694
10641
6318
659
13066
9996
10413
9172
11783
10276
11192
5232
13743
260
11442
10945
11693
7311
5733
9066
11282
7025
3364
13536
4948
7833
6058
11257
7910
7317
7319
3460
7365
4784
3408
3484
13388
499
11259
1440
3344
10086
13172
7080
1696
1923
1495
1623
12044
7335
4088
4004
3885
4113
13539
9660
7863
13520
5308
9036
5763
11322
2873
8061
3048
5403
1874
9536
2845
8159
11597
5637
3095
155
715
13304
1839
12240
12551
604
331
1388
11814
427
8157
11599
5639
2865
2624
11924
3068
8182
13597
2464
13285
53
2924
9
8586
2496
5479
11080
5669
13612
5615
6945
2384
5667
9200
14021
12270
11025
2308
468
2360
5477
12496
1363
923
5028
2444
1997
9450
9566
4419
2552
6708
4465
2159
2663
4675
9639
3505
13844
7096
10468
10678
6363
1326
696
4411
814
758
13921
13704
11270
6835
2778
9637
8023
2941
11496
5536
2643
4630
10572
10254
4417
9403
1189
8916
2943
5566
5450
11049
7554
2641
13210
7272
7151
6929
8689
12597
9477
8558
8826
9667
6819
6594
4106
6865
5200
11240
6817
2209
10438
9669
4206
9615
11551
8687
6333
12599
9479
12814
4435
6927
6811
8652
2423
12924
2963
11047
10817
6438
691
1964
10333
6086
13044
8170
13788
10927
3983
10811
7047
4741
1332
7049
10058
11151
4868
10929
3323
2975
3517
12322
1944
10819
9733
10594
10865
14133
12693
2675
1578
12282
10835
9763
1644
4771
9308
6572
12257
6254
7943
4838
5660
8442
3683
8140
10708
1752
12259
237
12172
13444
1664
1825
11096
6468
4705
1081
8192
6678
2028
8783
10363
2990
12752
7463
2736
7673
740
13560
9982
2954
5080
12787
8699
5618
13885
13350
9957
6784
11028
2181
2330
9959
12789
6948
8697
5025
5512
8253
8962
8932
2401
29
7609
2286
2742
10020
4189
7607
2762
7433
623
2690
7621
2654
776
5371
3301
12683
1653
14061
903
8334
3169
3782
5877
1562
3246
1077
1173
7338
5970
8520
7777
3670
9850
2799
3650
7779
2135
5305
10110
11346
9224
3149
5879
1542
3266
8593
13652
7028
3037
97
10948
11414
9384
380
6143
3950
3232
6055
4945
13925
5803
13333
3970
695
11900
7368
5940
3430
466
1953
1419
7703
11301
5341
13485
10784
8364
10838
6417
10771
5224
8391
12414
9879
1901
6630
6110
4835
8990
6411
14025
9305
1722
13568
698
9970
5850
4363
10705
5096
12900
2058
6675
2010
7750
8426
9877
12301
62
9371
6419
6465
4708
1855
4811
13961
11683
6435
9341
4927
812
4333
9940
6206
4817
13733
9803
4594
4819
1218
10055
4865
10143
12346
1306
13410
4929
5384
8231
10868
5151
1601
3353
9012
10741
8842
9512
13810
3919
6868
5959
5049
8555
6741
13750
5047
1334
5957
10435
9618
2453
9102
5982
10206
1060
4438
4678
270
11752
335
7506
2522
4468
6705
2129
13244
10675
11787
6020
10419
10465
6838
10417
3277
3619
4254
669
6771
11789
3880
4572
10630
711
151
3120
3072
10411
11699
5739
6961
3388
1452
4177
3304
10128
220
2817
7839
6360
3448
2220
3928
7313
3468
11962
7837
11253
13775
2616
13513
5737
11697
5378
2916
12555
7980
2083
11120
5767
7381
12842
3628
827
4064
7867
11932
5892
7815
13102
4044
7869
7010
5715
1496
7925
5769
2118
11010
5409
4684
11520
1156
8153
5294
11334
1378
8045
12231
3852
5421
13012
7120
13356
13952
5633
11593
2805
3084
206
646
763
8346
3725
5407
3060
13546
3008
2404
1001
5186
12990
188
1105
13549
9760
13625
7418
2488
5473
2348
13359
5663
8414
458
13767
12391
12426
1142
10961
8301
5216
11364
2368
1468
8900
10360
4413
9407
11990
2603
4641
8027
1179
205
9633
3565
13756
10694
909
1785
7202
6315
13203
11391
9421
6369
11426
6367
3897
9294
6881
12364
3545
8029
4276
9409
4132
554
11043
10608
12520
11155
6923
3597
8683
6337
13661
6778
103
4605
6813
13434
2249
4166
12334
9216
5158
11231
2269
9663
7860
13759
10502
13367
13278
4146
579
6339
12012
1413
9473
12593
14052
4481
5760
3796
1487
4671
2903
9737
1904
6502
9378
10339
3289
11555
1988
13375
11842
4730
12932
12102
4775
7043
6608
7155
10923
10337
3186
10778
6128
10813
9739
13834
952
449
12699
10367
8787
3774
1091
10881
9715
9769
946
3739
8752
8131
7949
3573
4023
7947
9892
484
617
12962
4318
1345
12253
1604
6694
9767
10315
1688
12697
2585
8789
10369
412
4609
9266
6863
4126
13439
12
13420
5484
1817
12196
11159
12446
12570
9500
7061
4621
2403
1616
618
4433
13765
11157
8286
6335
9441
12062
344
4607
2229
13627
11182
9613
13754
5992
12032
9471
6319
6365
1051
8326
986
12401
9681
3525
4673
13260
3083
8080
12251
4463
1916
6311
12540
3118
9405
1385
8025
6833
4075
13436
8491
9236
12314
6317
6910
3397
1427
867
3878
10311
4043
7945
12656
10833
9719
13836
9765
10317
10910
12695
46
2008
12822
10319
2060
10365
8785
14138
9717
1414
4703
1805
2084
2297
9711
12912
4368
4063
13777
13154
4338
4777
9808
7157
11559
10335
11688
13090
1528
7182
590
9735
9000
10863
13839
3303
11557
13820
502
7159
4041
10148
11582
11061
4779
12154
7817
4024
187
8492
2785
5711
7333
3668
11170
5717
12559
7927
1603
12688
7811
12090
2416
457
361
6554
3539
8598
6272
5719
12557
3773
5765
8151
7929
3648
7594
7819
12582
7865
3574
1096
3948
6148
7835
11656
7023
2235
5735
11695
10943
11822
1903
1182
1411
7708
11140
4750
11912
8704
5808
8096
13268
3968
13377
3428
703
7363
13032
1456
13354
5613
7140
8464
8674
5441
11401
13365
2988
11251
13544
7468
7678
2904
4506
11540
5500
8258
2186
11023
11314
9484
7572
2328
5266
7254
6943
10554
8049
9176
10272
5236
11196
11570
11446
3316
2281
3745
5405
7438
3765
1585
2688
2604
7170
8434
1492
5681
13062
1339
5471
9992
8047
10057
2319
4867
4381
13487
4980
6439
10082
13176
1954
9373
1736
1990
9062
12434
10773
6123
11286
3821
13927
10818
6437
4925
1165
236
7048
13453
10059
6603
4815
4869
3181
10928
230
1742
9309
9244
375
5590
4839
10707
6677
12464
9032
9875
10721
11326
6467
12674
9394
6415
13213
1654
1333
9321
11491
629
6469
1690
1200
9830
6679
1128
4837
10709
3582
4313
1762
12258
9920
9307
921
10415
463
9638
10469
6070
10679
4418
2562
13249
2169
6709
2653
193
8186
12704
9532
2542
2149
6707
1270
10677
14168
11785
6721
3135
1799
10467
95
8688
6773
8559
5045
5955
3419
6818
10437
5153
10161
7684
12492
11048
13853
10603
2037
6928
9562
697
13246
1295
13887
2953
8582
12000
10439
6040
771
9668
2536
9478
12598
8557
7605
8158
98
9090
2901
662
11492
5532
9154
10576
10650
440
2855
7671
7481
3010
3058
13000
3802
7092
1479
4860
1362
922
10070
13578
2722
11598
5638
13503
4202
2350
5478
904
5668
389
10040
285
8695
7641
5027
2454
1174
8656
7413
2490
8912
11704
6460
5562
2601
6161
5029
7276
426
14178
12785
8822
752
9955
2370
4949
8251
936
6059
10460
5131
736
3450
2218
11464
3390
12326
3354
8401
10123
11674
8314
12491
6082
5373
3930
7318
3470
8540
6057
4947
11258
8446
7730
8570
5307
5920
3630
69
5830
12176
3129
11092
111
8196
5321
5394
11434
12286
14027
2072
2120
3226
5875
9590
6576
6650
5309
5244
780
7775
2891
3929
6598
8272
3469
11176
8554
1491
5726
6132
12092
7916
860
619
1343
472
7558
7826
7689
3389
12928
1231
7687
6492
33
12818
7652
3449
12773
10434
351
10674
447
9902
10464
12721
1384
12707
11460
2119
6704
2512
3130
10258
12709
135
5561
4255
3629
6162
9023
9523
4834
6258
9304
9249
9399
12679
524
1415
8943
12415
12469
4531
3009
5225
577
5280
5883
13341
6674
12467
3833
9140
6464
9397
12677
7442
9247
7783
1016
1712
7192
13202
10704
11650
12603
4101
14053
10492
11576
2369
13048
12437
3851
9170
6434
5385
4756
10598
7176
3871
12439
3557
10190
2489
14123
4864
4595
10054
2349
14087
12650
13953
11603
314
4891
5247
12576
12048
1800
5397
11437
13427
13741
9883
9280
6286
8335
3635
2150
9225
13620
2170
877
13639
8863
11439
11000
5399
5304
5249
9061
13987
5523
8036
4153
1207
1103
2268
8066
6054
2511
4944
8311
11679
6190
8910
8317
9385
11415
6491
11469
13636
8833
6326
11467
10785
14158
3935
8365
11677
8319
4220
4788
180
3420
1459
2248
7586
673
10326
14118
6785
4342
13497
11721
13512
11707
12460
3681
1510
1212
5024
3204
1711
3288
1989
11709
9726
2320
1041
10132
10491
10162
56
756
7000
13092
9561
4553
14094
9159
1689
9157
11928
3981
11818
9182
13827
3738
5902
10286
11773
4422
7240
1164
10570
10446
13159
11272
10196
9092
667
1148
11554
7090
10076
13182
2761
4774
7551
13157
7154
4188
652
212
5016
8460
3377
10251
4104
6912
10401
6822
5548
9714
628
1372
6695
7496
12023
10314
5642
13698
7270
4013
6656
10540
13521
891
10695
11943
5106
12910
2798
12317
1632
2477
14036
12833
2995
6314
4698
1966
3148
3540
10656
6540
12311
1109
3168
8172
1946
6251
10912
9295
6401
4846
405
12319
10822
6100
12140
12365
1867
1257
11090
5489
1561
12335
12170
4604
1294
8650
3253
8576
11154
1646
1666
13061
5452
2097
6570
6446
4801
14020
13732
9793
1932
6196
5487
1847
14039
12863
783
583
406
8437
10100
4966
11335
5295
10559
8044
13170
7062
10688
2059
8603
13653
3366
9048
4685
10582
13195
13687
3346
7322
12061
3201
1694
3715
99
10557
13920
3486
11863
13939
8439
12943
958
11317
9487
11910
8679
8469
5793
11833
4006
13936
13332
7257
8415
9452
11311
7693
7282
13211
1175
905
388
8467
7259
9489
11319
3332
7032
13140
4936
8677
11365
8707
2827
2230
3707
1349
1876
8721
11032
6076
2626
13023
2432
1677
3918
27
420
8709
6582
2494
3618
1977
1476
13298
9642
12159
7597
6557
12272
2466
2926
2693
453
12554
7924
12182
8818
5714
9548
2446
6559
8773
1280
2128
11062
6688
2386
8928
7599
12157
7814
68
1389
11881
496
3686
794
8465
8419
6426
11367
8675
8630
2318
11315
9485
6391
11369
7255
8417
8411
3254
67
3887
1761
3290
9976
325
6990
4826
4558
3326
1472
4689
5404
20
10842
10555
7012
11339
5299
4916
13120
6231
13610
11813
3740
13934
52
8435
3986
11337
5297
4652
11778
28
11923
8206
11102
4687
5622
1030
2426
9888
2148
2966
1995
11608
12155
4014
7102
2632
13010
1798
12043
5528
5856
161
7864
14093
4103
6842
7595
8741
6555
11012
387
491
2946
2168
7756
5764
8868
10231
11502
2646
10391
8771
7531
11694
5734
8838
2270
10990
2561
2867
7834
12360
8705
2847
4783
3418
2250
2932
13502
4192
3097
4442
743
9791
896
6
12961
2666
10426
6697
9764
8948
12694
3059
1293
9528
9856
6962
7944
5066
6253
699
1240
11360
2493
7788
7220
10364
5888
8784
2694
11961
6699
300
9622
10334
5
5791
10520
12608
13155
7891
12010
13043
5036
6932
13852
9734
10593
3507
12502
144
5976
10932
775
14124
2876
7553
4116
12339
13452
6593
12120
5485
1827
1188
1335
627
14034
12813
6334
12337
515
2677
12778
2219
6520
12923
1626
1693
1163
1067
1926
13212
6364
12881
9297
13197
7342
13685
2977
3515
10699
4586
668
12367
10697
12315
12369
9299
9028
9404
3128
10962
10253
851
8024
11419
633
9389
14085
8881
11465
10787
11675
8367
5510
8016
10752
2228
1891
3757
11411
3920
13221
4270
9352
8369
10789
4496
11630
3435
1136
8315
13028
11417
9387
3834
9227
3119
8339
13910
760
3620
10002
1169
7422
3879
4240
8923
11206
564
4551
7774
5245
11435
5395
13634
8813
9543
5874
8778
2381
3216
13461
6683
8337
2130
9229
9155
2009
8608
9043
1122
1499
1299
7604
13861
10112
10683
5701
11741
8502
2712
11868
3481
7801
7698
242
12948
11771
6789
11838
8694
5798
8106
4056
459
12784
9954
6787
14146
7846
5172
11705
6752
2335
189
1104
5746
4693
3150
13511
13825
4282
3538
3992
2800
11948
12771
10414
3649
4257
12838
2197
9701
7936
6112
11784
8961
10301
3669
4259
393
10900
8360
12705
1121
3170
9746
3203
7685
9010
541
5044
7966
5954
14106
3969
3429
578
3949
9798
12741
12868
10346
4322
13495
5387
9120
448
14010
5352
432
1383
4597
6346
2329
12206
73
4599
4814
12435
2989
3831
9510
2711
5389
4924
12419
9874
13985
5229
2689
12465
928
1368
12675
9395
6301
5543
9245
1344
4190
6900
4154
12411
13425
6002
656
175
12630
6414
12417
12028
5227
4717
360
9703
3623
12298
2088
4711
2004
1885
13951
9368
2113
10841
10768
13814
8388
3441
10303
4719
6408
4765
10524
7384
7224
11145
3443
1054
11053
139
4735
8228
5148
10871
9779
1340
1193
10738
8110
1097
3383
10377
4808
10379
13368
9338
13277
7850
9777
12972
10805
292
3923
3696
5750
3463
2375
9433
13265
1263
11545
6379
11887
9621
2343
5506
8020
9607
13254
4613
6805
2483
11852
4441
7145
4266
7053
9609
2192
12374
4500
11889
6871
11626
3475
2363
6738
6377
3997
6841
3874
8483
6768
4405
13414
12527
704
1288
6303
7959
1235
8742
10408
3114
6524
4236
3839
12243
615
11210
4681
3003
12529
4471
7957
9463
12124
2341
13760
12393
9673
7982
9116
11031
2324
7129
6951
10212
5609
11527
6350
2717
4484
2106
11243
12210
2960
2908
2984
5607
11529
5621
9506
7127
13124
5433
11393
5673
1025
13360
4159
6884
12545
12887
5463
8799
8614
13550
2608
4992
2660
6896
987
12852
596
804
2684
7618
1426
866
7512
12889
11374
8797
12626
2256
3578
3644
8055
8143
343
1683
7940
5368
10884
3752
7803
13533
11972
10896
8356
3664
3825
4028
7341
5703
2705
3964
7877
9750
3424
9006
7371
7970
13768
11298
5338
5777
1983
11127
3016
1432
14051
13642
7031
11129
10951
5779
7305
6212
82
10350
591
3944
7879
6713
4532
441
337
13651
13809
4019
981
6878
478
2672
13006
5860
1822
13567
4638
1755
14042
13749
7760
11388
9418
10635
6027
11228
10475
10665
10619
10794
13746
5202
4478
1398
4668
10986
12356
10153
10611
2972
10045
6781
10617
4562
116
6029
10430
5161
13806
9925
6611
8852
10781
5949
9815
3156
8545
6131
5059
6617
9869
2001
733
937
12799
6430
12614
8887
13406
12797
8626
9381
6475
8889
5057
6665
1958
5947
1910
9867
3259
6619
6794
5082
9980
6986
4373
4830
110
13575
13713
4321
3502
11742
548
9313
11483
4307
4920
13116
2555
532
9837
1610
6635
1658
10713
9839
3780
13409
9124
4309
4244
10878
4394
8210
8128
4875
5980
8527
7767
2836
12742
9947
12483
7892
12116
5867
5381
1269
3358
3310
6958
10131
5815
9949
464
5869
2637
8393
6516
8243
2214
5123
194
7715
8529
7769
5925
3092
7739
4050
2842
11614
4590
11799
5839
231
2937
5837
11797
8374
2862
2053
5313
4070
7737
13313
7378
5418
3882
13349
12228
13559
9860
7663
3054
5070
3090
7473
11356
8972
559
2699
7216
1485
10029
10958
1199
8298
7409
10516
6045
7294
4955
12006
3521
6153
5040
13556
7633
9202
2410
2458
7421
13346
13942
7407
12388
10027
11795
5110
5835
12906
1672
11664
2437
8148
11474
8601
7735
3580
10660
1059
9144
6536
4224
4030
8804
5708
2755
13577
12691
2822
4850
5363
3702
11722
7808
6096
12136
11086
11293
7711
5333
5817
12166
716
5811
8646
8580
7717
5927
7719
5929
4384
7765
8525
6151
6450
6566
11634
9945
5594
5819
1972
1307
6200
5865
7236
3001
8261
4959
10450
6049
2156
10566
10200
7405
10025
7086
10080
4982
11398
5438
11248
7471
2910
6047
4957
2958
7681
2658
2610
7441
1555
5020
3337
8456
13554
309
7613
5678
1520
4109
1312
271
13565
5468
13344
14028
710
7500
150
2206
7266
5254
6660
10536
5572
13488
4618
13250
7992
547
10047
9438
10669
10615
1836
10479
6080
6025
10477
13928
10667
4512
6733
3721
3195
2472
1637
10049
7058
6308
1937
9572
7484
9254
1842
10403
8488
13804
519
2499
572
6763
2092
1420
10637
10639
13744
9468
9678
12398
1331
12248
1862
3053
14186
12293
6639
10096
2090
4970
2054
13166
1076
9363
4371
9708
4877
4879
10308
6403
1699
12634
4305
13404
9835
9072
10763
6637
8383
8223
12795
11906
5143
6477
338
855
12664
8549
6667
5055
10733
9819
9594
12474
5945
9865
381
477
2213
11058
624
10151
9929
13888
9927
4341
9811
9817
8547
11691
6669
6615
1008
4803
13233
9333
3372
12722
13136
14137
8885
6479
4940
7668
3004
2885
3088
13303
12144
7478
5413
8664
12223
8795
11601
5641
12549
8474
8161
5276
1275
9684
10232
3873
12547
9136
14177
12885
6544
7562
8722
769
11804
3113
11646
483
5605
11580
6158
10262
8293
10953
7125
2364
7532
9166
5481
4760
8634
7180
12383
2344
5671
10186
13072
11525
2484
13267
7638
13378
2460
2408
12488
11180
5730
7307
3496
7920
553
7321
11261
7830
3924
3464
13275
1180
8248
7875
5128
3444
14190
7394
3308
6262
3360
7309
7244
5775
11125
6953
910
3384
8398
2114
6232
4095
10544
8059
947
3845
11456
4048
4068
8082
7373
3624
3865
8057
5318
104
2003
7590
3106
1717
10330
13816
9775
10821
7051
4739
221
10807
3943
1449
12456
11149
10931
3641
3963
11147
3423
4737
4378
10809
13628
9730
1984
1908
1960
10375
3209
1684
1264
11488
9318
2505
6996
1660
826
1608
4892
3663
1248
12261
3552
4767
4715
13443
4769
14189
8123
3941
3643
10718
3778
13819
10290
13840
10873
265
12646
13843
1053
1157
12580
4294
7955
6718
13419
4409
1194
5684
9276
6290
13440
3675
6873
9641
1705
10996
9413
11383
4407
12072
13703
12525
4421
8040
2683
13256
4633
7147
4473
2016
13259
4663
2983
13144
13778
8070
6809
6186
11223
9671
8906
682
12601
9481
6375
11549
6330
13416
8691
11547
11885
14167
3975
2517
2323
6821
11051
9605
10158
4216
832
6807
12804
7149
6931
14143
8733
6066
8054
10549
2164
10223
9058
4183
8190
3815
4888
1794
301
1282
12051
4018
13688
143
10885
14157
2144
3175
10547
12232
7247
9783
9192
12262
3026
12953
14184
3414
557
824
13943
7397
2077
4791
9442
7399
8308
6036
11996
10383
7523
8763
2576
11072
45
6488
7304
7249
3807
8403
286
2727
4485
1959
3258
3210
8637
4976
6383
13180
7072
13604
10488
2314
1776
13940
3606
11873
11290
13919
11718
8639
13125
14188
1239
7902
3141
11931
12149
13297
9652
5586
3143
11807
8479
1066
3906
14117
12544
6885
11821
9687
11330
8615
2793
8669
6547
13312
13916
11375
6549
8667
9558
9826
8477
9689
6223
3163
308
11809
12147
1659
9916
12931
3359
13149
10456
6804
2066
12807
76
11544
12821
2895
12330
2547
14016
6601
1438
2861
12375
2567
1029
8162
2046
8536
12809
7144
13147
7561
8566
7726
8450
4299
10261
5916
8132
6525
3124
5558
5826
12180
5689
21
4404
8200
518
2595
12873
13712
14040
12290
14019
2032
12718
5687
12125
9586
6580
4297
6646
5652
13697
11262
11953
9086
2698
4622
10580
14043
10646
3613
1390
6261
602
10525
490
4764
7385
12996
160
2123
4856
4528
14103
10066
10601
2459
10036
1767
3587
747
7225
11144
8660
4734
6456
10804
5442
7883
13541
7280
726
13051
3913
897
1747
5783
339
854
11232
5192
7793
13532
12058
1700
74
5257
12660
5693
11733
5282
10906
1274
3456
13428
526
10691
2089
5112
13988
5259
9051
6044
4954
7295
14096
3531
13643
540
10172
13086
8996
11763
5322
1523
4081
11308
394
4352
9270
13498
122
11637
5597
13721
13904
12200
4387
12566
12450
11403
9496
2224
5924
1811
4389
1392
7714
8873
13640
8290
1023
13619
5599
11639
5814
8718
8821
9551
11479
11669
6691
13616
8330
11615
4229
8931
8076
2356
9149
8807
255
4543
12536
8809
2500
9147
4227
4035
11667
8375
9240
6906
5002
11477
3838
13828
6722
9814
12479
9599
8544
2292
2909
7136
12669
2791
12615
9924
7548
2263
4510
1300
11536
5496
2243
1137
1233
6474
12667
13321
5270
6795
7642
6664
9597
12477
12637
9180
6634
14004
11200
5240
11450
11566
2241
12403
4395
768
4158
4110
4874
10248
2609
10398
7166
9125
1265
6293
5551
4245
12639
9259
7489
6248
6398
11166
4029
12086
10293
8953
8262
1195
7452
12763
3579
10634
3733
9693
9282
634
137
7487
4701
1812
9257
3534
12308
13058
4798
563
11660
3392
10474
12733
9322
1361
2275
10795
10664
3751
10722
6172
3771
1591
1446
11136
8232
4746
3283
1534
8100
1170
14088
10044
4397
11006
7791
11516
14009
5891
9127
4247
11958
13702
2700
4249
4304
8951
9129
12635
1206
4523
3089
1318
674
7116
9834
13842
9531
8350
4399
876
1463
2223
5190
12986
9756
12665
12794
12619
9864
2409
6797
5054
9595
12475
5944
6614
6799
12430
181
1442
5220
14006
5788
8884
12617
1055
138
12611
7888
10356
8896
10614
10799
4137
12781
3309
3892
6356
5342
313
722
2811
6024
10797
3731
8212
5553
14104
4069
7976
9031
11116
13442
7485
9255
4902
7006
3592
1234
12878
4049
12713
6388
7404
10483
1002
10024
3571
1791
3857
8408
3284
10742
1909
7299
4726
3208
5132
3260
7297
9342
3551
3656
11878
11713
523
3956
3734
11781
3779
3533
350
4561
5255
5162
1609
1024
14144
9553
6228
34
7734
11986
9053
9145
5531
4225
8377
11665
11619
11794
8738
5834
8871
11475
10228
11430
859
566
2812
13906
13302
8379
1017
9891
11617
4280
4883
13241
11611
8805
4172
4020
2244
12516
7622
13909
9788
1273
1540
12958
9220
13614
10388
7856
7528
8768
5864
11635
9944
5595
6483
8841
4385
5756
8524
7764
6742
2591
2264
8303
6393
10298
8958
5685
12127
3164
6529
5966
7954
4295
6243
8516
14126
9846
1350
2175
12524
3144
6527
10106
11350
12303
479
13295
11951
14014
12129
12768
2794
9698
12841
853
12738
3077
9801
1279
12377
12871
6374
2395
13311
2026
13053
3272
13145
4793
13232
645
9604
730
10972
8112
12805
1576
5936
11896
454
2313
2527
12379
11884
818
3295
7543
2776
6972
7229
5076
2959
1727
9774
2141
517
421
8002
10374
9422
584
3413
7227
1793
12408
10527
7387
11212
2143
13198
7352
12031
2659
10393
10016
6298
1484
2163
7389
10529
4108
4714
4160
549
10243
4184
1547
11408
838
1895
1110
3914
5422
12212
3066
13031
8878
5774
7245
11124
676
13451
3046
8713
7874
307
1567
10210
1861
7395
3787
10852
7510
2306
4548
10887
971
2124
6016
10545
8781
3237
4642
10889
3840
10626
3032
3614
2498
1595
8794
11738
5698
8619
8665
11377
11871
6889
13695
8475
3406
6626
7798
1698
6106
12053
8986
558
12145
8611
9966
6852
5846
3123
1242
11805
5100
12896
13606
6887
7746
8430
9685
8617
6545
12884
11379
7124
13609
13851
13127
2767
4489
9936
1256
6210
5604
807
11524
4487
2747
12350
7701
11303
8635
13711
13914
12951
13129
11768
4452
4086
11841
5801
3512
13798
1834
9540
12405
886
1620
4527
1879
11484
9314
664
12236
4243
6295
9123
9401
12681
6062
4529
12471
2629
10714
4393
4130
967
9251
14065
119
8590
11992
6032
14054
11076
12613
2469
3891
2929
1757
12441
2449
13432
6793
1920
9196
12266
785
12500
4374
2389
533
9570
13528
9446
13832
10793
9070
12735
2851
3369
13148
2056
7906
3101
12808
7691
10154
3349
14077
4972
10090
3489
7076
2871
2557
12717
5559
8955
10295
4009
5688
9822
400
77
6714
4298
12711
9912
13398
9656
5582
9695
9040
1399
2833
12719
5557
12765
11717
10489
6090
8166
3511
6154
8532
11711
1969
7293
3268
13251
1949
10452
3248
2420
678
7634
10487
2935
641
11719
8638
11765
9557
8478
2635
287
1992
5695
11735
8668
9582
7474
12148
1649
6642
7795
5656
7664
8562
3153
7722
5912
8136
1198
11808
13977
1669
9161
5822
11100
6548
9559
9688
1130
13965
5251
4545
9059
4887
2190
12992
11613
13954
556
10548
7100
4852
2154
10062
5401
11441
5314
8373
1244
11266
9082
2738
2981
4889
11500
5540
4626
10642
9057
1268
8307
8920
6452
5446
5570
2681
425
11405
6487
8830
8321
12484
11236
5196
8394
4210
11681
11471
6489
1283
7248
10032
8875
3320
1831
7398
2288
5124
8244
8309
2204
12830
6399
130
1461
8484
12321
2377
3104
6523
12307
12920
9258
5116
7488
6304
6249
3188
6247
1740
1986
3013
12309
12244
14185
12394
9674
12123
5286
10902
9464
13327
6397
12875
8992
5326
9434
13059
1686
1226
729
4799
11590
4614
4797
7054
13057
136
1289
3761
1887
5491
10176
13082
12373
7190
7549
11054
2253
7223
9598
12478
12070
12668
11190
4356
14108
5785
761
14127
7885
12562
9492
13161
7547
1021
10247
12532
2540
9704
4148
3995
2014
11955
293
6902
10397
3477
5006
3798
12040
10399
6000
1232
12638
2103
7383
10523
4168
13242
8072
10249
10304
11532
5492
14
1004
185
8711
8717
7580
12955
3006
14148
9785
7646
6726
13040
2332
7132
8765
7525
10385
5598
11638
8719
342
4388
7601
4228
2366
9148
7162
83
10225
11478
8144
13070
11668
10000
8735
6561
7804
599
2486
13841
10883
1393
10280
5704
8808
2715
11562
2201
1489
1022
12161
2346
13677
13654
8613
5464
13727
7456
13441
6883
3926
3693
6280
8441
9286
3466
5674
12059
13665
12590
3494
2618
568
8500
12057
3386
5258
11162
6225
3446
12082
8266
11373
10561
10726
1036
11830
7261
6176
11132
6385
8236
11321
9491
4742
2116
2707
4483
11920
3230
11307
8405
3827
504
1435
527
2918
3432
11309
11244
8681
9326
5434
11394
13123
8471
11875
3626
2188
11618
8739
10543
13950
13020
2104
7112
10229
1272
2326
13228
11002
528
7374
11512
552
10227
2013
8378
2986
2740
8737
9789
1141
7527
8767
10387
12959
2686
8892
10352
7393
567
2290
12982
9752
2254
2887
10389
7529
8769
8715
12957
6954
9787
7243
14116
3318
3561
3867
8409
7298
11970
3270
6389
11371
8294
10954
14156
3646
11877
8421
12384
3666
11879
4097
1394
13656
6387
8633
3932
11305
3250
2418
3847
8407
6352
1357
5346
13110
12143
4906
7002
3632
1003
12055
3014
13325
8473
3966
6227
3426
12224
13659
8663
5414
8216
6543
11341
5301
482
3946
7972
13761
9683
11112
6229
414
3103
4691
12850
13933
11803
11940
5900
12110
4795
13143
9346
4664
13055
2006
4474
10798
11224
6510
12341
2507
10746
11850
12803
14033
4722
5136
12940
6245
4293
1116
9900
13551
12970
5166
12371
6874
4059
5683
13361
6395
9301
12877
13667
12879
9414
11384
3694
1715
10701
4634
12305
13725
8760
683
3493
1618
170
3977
2515
13675
11959
6701
1380
10245
8124
11982
4398
4128
4248
10874
9128
251
11957
7210
10395
5787
7852
10510
12618
12020
14050
835
1707
3116
5752
7887
6746
3876
7545
12512
7889
7626
3677
6798
3219
1918
1249
5789
1501
7799
7614
2879
10102
2620
11739
5699
8618
2834
6888
4119
13650
9555
2216
3381
11737
5697
1284
11378
1629
64
5962
7797
8512
5253
9842
25
4488
1929
2757
3228
10976
8116
5932
11892
320
10485
11767
14075
11715
11769
13128
6791
719
2435
1243
14182
1220
2920
2101
8371
901
288
10791
3056
8006
8877
9426
11294
5334
1851
11409
5520
8970
8305
3335
12760
1557
6976
4383
1871
11407
9990
13542
5072
8879
6485
11421
9391
14067
1058
5593
11633
13352
13956
10012
11473
11663
13959
9231
4223
9143
4549
9055
8803
13633
1833
4547
677
14097
4885
8940
1315
2481
8341
11216
306
773
3712
10888
7356
5364
2429
10734
13752
12473
9593
2969
14059
12663
5144
78
8224
5391
9110
5990
2203
4601
7228
41
8850
9520
1935
5426
12216
9334
4804
1477
2949
0
9364
3197
4646
6297
2649
12294
4580
3800
10622
305
2992
1009
12409
2538
1635
4150
7388
11760
6404
10856
516
10528
4170
12407
8384
2669
5231
10764
4525
13967
12421
6299
6012
14056
2153
12633
3154
10404
9962
6856
6528
5842
745
9253
7483
3190
846
12892
9697
6764
7742
4261
3689
10299
8959
5555
12767
13975
12715
8957
10297
12128
12769
9699
6622
1981
1738
6102
8982
3329
12739
1445
1681
510
4456
9020
6734
3711
12737
12378
2831
3989
9932
573
852
3286
5881
3742
1482
8510
5367
7781
3401
4544
1433
529
123
3654
3690
5315
5369
3762
1582
10120
3189
5339
11299
13875
12485
13467
3954
12976
5180
6760
11404
3736
3990
7713
5923
1821
5125
7878
8245
13334
5813
8395
3330
5337
11297
225
11128
8874
5778
5608
6155
4262
13509
9360
2232
4953
6043
2950
1395
9961
11622
597
7128
12791
4037
434
8701
13475
11764
13867
5502
2430
2970
996
10760
11856
11528
7635
2670
7475
1370
7665
930
7794
7619
2782
2246
4169
2301
7986
8798
11734
5694
12888
1161
261
2266
7611
4149
7617
10010
2650
8746
7430
13506
4232
3799
6737
10663
13859
9502
6378
10473
12734
9112
11888
2353
5961
6739
5051
10216
5360
10043
9608
10155
1262
7958
10409
6010
7516
14136
12622
10294
8954
13243
1503
6715
11791
6769
10633
13856
9694
6767
12764
562
10421
4996
6892
10407
1802
12528
12856
200
1457
12299
8387
6633
13456
10767
6120
1630
11485
9315
9369
6421
11976
10892
8352
3522
6407
12404
1192
4873
13240
4290
4072
13219
4120
4718
6409
2880
9367
6294
12297
9881
1086
10715
10769
951
2277
2619
8389
8229
244
4931
5149
9337
765
9778
8543
2919
10739
9813
13734
4807
6216
4821
4330
9923
13216
4375
9002
3453
10737
1930
6663
13459
834
4809
10378
5147
9339
8227
6473
3064
1327
770
2628
6850
5419
11020
1238
1285
12229
5465
5675
12543
3916
11510
6224
4536
5630
5417
12227
5411
2075
7110
13002
1878
3044
12352
2448
3220
2126
3817
8404
4200
12387
718
10028
4566
3177
4450
10959
2304
8299
2388
13310
7408
6384
5435
11395
13785
12389
3616
11874
10957
8297
5206
11245
2468
2928
10982
8622
12954
14176
3348
6957
1444
9784
142
3488
1190
5086
690
6982
3404
7841
1518
8856
8528
7768
13514
3368
7303
11701
5741
2041
6959
9948
7524
385
8764
5868
289
10384
10224
5771
8145
2043
8053
8734
11798
5838
4660
7871
1314
7738
11110
7377
4060
4008
7379
2725
5705
3805
4084
11746
10850
7020
13112
7805
2852
2063
5948
3166
5058
1948
603
781
9868
3249
12798
2597
9741
4733
6512
11055
11143
1311
3903
10940
7884
2796
13833
10803
12746
13450
7896
79
8888
5784
12112
1968
13288
3146
10341
3269
6618
2024
11954
10877
14166
8791
2565
10371
1668
10970
3603
8127
9705
3132
822
4763
1773
54
8129
10305
7951
9838
2545
12701
1648
7350
9771
2897
1574
4308
10879
1439
11352
2573
8976
4637
8031
1028
9411
13204
7212
6305
2739
9417
11387
2774
4403
1745
8485
9630
6879
12395
9675
3585
1765
6877
12874
11389
9419
6371
9465
275
6970
330
117
12245
3023
4639
336
6940
4479
9206
4669
13433
6803
4615
13850
13385
2289
11229
9435
6341
11543
12510
10618
13710
4186
6028
11227
7055
10512
4667
7143
12002
4477
9709
8180
4083
10920
10307
2525
6638
476
1628
10321
2064
11726
10830
12132
6092
2044
2878
12902
10875
9721
2397
3075
10394
235
370
4878
10244
10309
8125
6532
4118
4713
9707
7161
11059
5460
7544
4781
2177
1481
960
9928
6562
9773
8548
3126
9818
1928
11082
6668
11561
3229
10373
12162
6478
11057
8642
118
3403
9439
7082
10668
13190
6373
4986
11225
10478
4665
7057
4794
4619
13787
13054
4475
4430
11161
7232
10048
13206
3041
13753
7059
9603
10562
4617
11280
13941
11883
90
2303
4611
9100
9437
9677
12397
6875
8489
9467
546
6394
5650
13209
7262
6244
6309
787
7953
10532
12247
3043
5576
12249
12304
4635
1278
1852
3063
12523
3297
8452
6920
6307
11385
9415
741
916
10638
9469
6321
1725
12399
9679
6830
8487
11397
5437
13543
4516
10955
7123
8295
3235
1150
5603
13353
1597
1313
11247
2948
4958
6048
679
2166
2428
11249
11304
2146
13387
2968
11523
7996
12385
1796
280
11399
11040
5439
3416
5679
12190
654
214
5415
5469
11070
8793
13632
12225
2668
3785
1565
12054
3024
2574
6590
1897
9576
977
9650
2648
445
1545
12280
8051
12883
14041
5467
2773
5677
2539
2132
10590
7330
13516
5707
2745
1774
766
2316
3281
7821
1739
717
1245
7807
8149
9076
7931
1573
5721
8147
2023
12561
10092
13162
839
7070
7809
3604
3688
5709
7375
2765
3904
13598
3988
7040
12726
13132
8714
5818
11902
3328
11123
6955
5773
7718
941
9460
13519
5928
7290
7873
13540
6719
5272
10236
6765
4408
9132
312
723
7566
8726
5554
7450
7200
10405
13998
6711
2189
2582
10471
833
12714
1046
6717
991
10681
10441
1052
11548
10613
10182
13076
13854
13477
13865
6808
10157
3319
11642
4181
10159
10500
7148
8561
6735
10266
7536
6023
2821
9162
4738
4377
4871
11148
6500
1319
1497
10061
1950
5943
10735
595
6266
5053
2419
9863
13739
7660
5145
12793
13720
14032
8225
9335
8280
6441
8883
13641
1970
6140
12100
4805
6613
3536
13454
13877
3953
13465
4379
10808
10711
8086
3653
3562
1782
6471
11489
9319
9365
12295
10717
6170
1670
6681
10719
9833
13736
6236
8385
4135
4524
1650
10765
11487
9317
9910
1538
4303
9311
13214
6405
3542
4768
11452
4841
858
3490
728
5127
3454
8247
12489
8397
10140
1406
11295
5335
3350
474
13320
3370
7308
6484
12487
802
9943
4350
13339
5863
8399
1005
1101
8304
8249
4951
5129
6061
12452
3601
8523
7763
9054
7733
5311
3901
9190
5910
5317
8058
13932
13336
598
11793
5833
13588
10170
3722
2802
5319
6992
13100
5365
4896
4010
4058
3855
4884
1486
10992
611
12548
4129
12076
7669
7615
2630
569
522
7479
1619
12642
7477
7667
1880
2226
9554
9272
10023
2354
10484
2390
7403
3218
2450
4212
1919
13504
13898
1434
6159
7637
5031
7639
6157
2470
2930
11714
6182
8902
12904
6831
11666
2417
4045
11476
3848
10392
6907
6320
11985
12537
6921
10242
4098
4226
8079
9146
6534
8077
5651
1803
12539
8806
13269
3868
6909
7353
11213
4065
6094
12134
9101
11084
1186
9423
13266
7648
12164
694
11281
8003
4610
9499
8644
12569
4431
11160
12515
1329
1092
12567
5755
6973
4386
7542
6564
9497
3305
11636
5596
7855
2352
13191
6728
8113
10973
7234
4725
10564
8997
13089
8238
10728
11560
6178
7084
1493
2405
13380
8999
9328
13087
5461
3452
4780
2187
4792
7160
13052
12302
3523
3317
8454
9288
10909
2804
3085
2888
9720
3724
7458
8268
302
10831
1533
6392
10907
10320
8181
7264
5256
10921
4073
6242
10534
11302
7291
9461
6355
11137
257
5328
4453
14095
1816
4747
1061
13780
4127
7041
4749
10178
898
3741
11139
13792
1617
13817
3978
3678
7486
1917
5118
9256
3544
13438
6853
13522
12089
7071
11115
12560
7975
3743
11169
601
3396
7930
1583
3763
5720
11167
334
5288
12087
982
7005
3564
1784
3291
13274
7820
10591
7331
1708
1760
12052
5008
10094
7167
13164
12281
8050
13257
4643
2783
1605
11005
9651
22
2560
2508
2584
6591
11569
2271
11515
2251
11567
2296
3775
13838
10853
608
12636
11071
13283
7115
50
12191
7169
11904
11041
586
8712
12666
9596
12476
7139
13392
12985
11537
5497
2233
13417
9755
13630
1437
1905
10355
8895
11539
5499
7137
12213
5423
4358
13134
5658
13576
8985
4840
6105
5589
9310
9917
3602
732
12146
4903
8666
9911
12712
926
1366
6625
1558
9827
8476
2655
9686
7745
5274
6171
798
13401
9829
6680
6470
9134
6546
8213
5552
5845
9919
9965
14030
1772
12895
10710
8138
11806
436
3133
5587
965
121
9935
11644
3151
8168
430
12101
6141
2801
13405
9164
8281
6440
4979
1000
8636
4977
2955
10184
7661
4870
5343
6501
3171
13579
10060
3902
3299
11238
5198
6037
11997
8560
13745
263
10501
5448
4191
821
932
7396
7246
2399
13531
13805
11999
10440
6039
2134
4522
13801
10680
6069
10470
10546
6015
737
6710
11454
2179
2572
3022
4628
7201
6067
2710
2758
11268
7451
3227
10625
3830
791
1737
6482
10039
11078
240
6457
8302
6743
5075
3621
12454
13555
9448
7623
5030
6459
13890
13345
2380
12268
2131
13564
639
9198
10037
9089
12238
485
12997
6994
10067
4857
10649
1890
1854
974
4882
226
1090
9052
10647
3921
10069
4859
10015
9087
12999
1599
12644
5163
9587
5919
9845
8515
6647
8569
7729
4296
5965
13101
9552
10171
9274
5686
2042
5829
555
2062
2853
5827
9191
10994
5911
204
5917
5310
6649
8567
7727
9658
9589
10105
8537
7908
2036
9343
4950
10459
13146
6060
13490
4351
8904
11712
6184
13248
10482
7078
1138
2537
10141
3198
5133
10457
1899
13930
4214
10743
3480
11895
5935
8539
12806
1323
1655
7431
2510
2558
10645
10011
5003
7610
10017
9085
4648
13566
2133
12995
2772
10065
10019
4855
4542
3421
7386
1324
10858
10526
10761
7226
5079
1801
1302
13807
2151
8700
10035
8872
12790
12218
721
13569
9960
5428
2171
4353
9361
6455
1955
5077
11402
13747
5323
4458
11762
5504
345
10455
11897
5937
13993
973
6761
8535
11899
5939
3980
182
4264
5181
13407
12376
10173
11624
1572
3179
10121
5825
8519
9849
5915
3680
5969
7725
8565
5113
10107
4234
3819
3134
6858
6526
266
10109
9585
9847
1050
7780
8517
7792
1758
6645
1317
5967
1710
8511
2321
3276
5880
5283
12126
5692
11732
2022
9114
8233
4975
13222
10723
6173
8118
10978
9939
39
2737
4486
4331
3402
9937
13574
3131
4820
777
14152
2455
9504
4930
13126
12732
9323
9283
9880
6629
7747
2854
6886
2287
9692
2890
12762
14125
8616
7453
4082
5847
9967
6894
12897
13893
5585
6109
4291
8989
12899
8987
6107
817
9915
5849
1018
9969
8263
11376
10292
8952
6420
12624
6627
7749
9825
6121
3042
4100
6065
6292
6019
10420
3247
10627
3850
2599
3870
10629
11790
10886
7358
11218
6017
3267
6011
8354
10894
3062
1853
12402
13347
1410
5361
9004
470
5960
14112
5050
13557
7643
9428
8008
3036
13583
11995
6035
2302
2899
6723
376
613
6978
3355
11119
6222
11165
7979
7021
4039
12085
7007
1271
4074
5168
10851
13004
11111
920
13758
7009
7870
3524
9653
13279
4661
2803
5770
11117
7977
3723
3896
4167
3596
11872
5740
11700
10796
7903
6359
13276
9348
7840
10984
5138
12354
94
3200
422
10748
3478
6357
3797
8402
11135
607
7073
4745
6382
4147
9759
6748
12989
8897
10357
7135
11073
12616
10382
7522
956
8762
2378
12952
8624
12263
9193
4451
3187
6796
9782
12987
9443
7628
11535
5495
4201
10359
8899
13370
1355
6984
9757
2231
11565
7111
11519
1888
11009
1804
1201
5410
2085
258
12233
13114
7117
5631
7119
13231
10222
374
7165
11511
11021
8732
4246
942
9126
11007
4396
6851
11517
979
12565
13770
12519
5757
7882
5443
2816
9495
4176
1537
5193
11233
5782
7857
12114
13415
6340
12511
216
2279
7859
2617
6514
2234
6941
12517
5759
8075
11989
6971
13593
6370
1453
3575
11616
2917
2760
11952
2708
8376
11263
4025
9631
3828
2784
13264
6905
11987
9410
1507
12535
13255
4623
2583
8030
9770
13548
1448
3764
1584
12872
1560
12700
7351
2605
10905
5653
13358
1783
3563
210
650
7950
3652
4908
11354
3543
8133
10971
1514
7214
8790
249
1152
10370
8218
3744
1146
13815
10340
837
13085
10514
7296
4729
10941
8163
3541
12004
5348
284
3952
4727
8995
9740
2905
11004
11941
5901
1325
13200
7372
4690
11514
12851
8083
1287
10095
1993
13915
13119
774
13165
296
11340
5300
13117
4306
6233
4105
9836
7114
525
13111
1559
3152
12984
6987
9754
11905
12796
8627
8420
6952
9866
5946
3298
6263
5056
6616
3506
13694
7898
11370
8886
13135
8629
6989
11971
12748
8894
10354
10616
1826
13073
12382
1230
4117
10989
2877
9208
12357
2398
6354
2280
1098
1627
10987
12359
861
7533
2676
6026
8292
10952
291
10263
7563
8723
2976
10233
7974
637
11114
134
13009
1927
2759
8978
7004
2994
13007
13021
12222
2178
5412
14132
7406
3687
4568
10026
12009
1040
7235
1473
10565
4724
10519
38
4662
10517
4472
12007
3886
5208
500
12021
7085
81
11222
10511
592
7211
12073
9412
11382
3714
1695
4632
11357
7217
8455
3327
3513
7219
7265
11359
10535
16
6872
6700
4538
3987
13607
8122
11984
7736
795
6535
8761
2427
988
10872
12905
10700
11796
2967
5836
1598
4893
9300
2832
315
2495
12370
12135
6095
2947
12971
11748
4040
9901
8645
6517
5088
12941
2866
963
12514
11851
3199
10
11085
892
1898
14015
12119
2647
12165
13294
6511
12340
7854
12117
5866
2667
9946
2061
3096
8526
5754
8858
7766
6565
12111
13291
2846
6519
2196
8340
2351
9275
13615
7518
5573
4239
8941
3869
13282
2491
12645
404
5964
7956
9844
531
8514
7612
12526
12858
10104
4237
3849
4998
2600
9230
2371
4099
10995
8905
6185
11627
5509
6376
4983
11420
9390
14131
14007
9991
2900
969
12761
938
4267
13393
5521
4215
3011
4269
8971
9606
5934
11894
10218
11629
5507
2333
8370
10790
11886
1354
13793
3631
5074
12455
6218
1397
9776
6790
2121
10376
5332
11292
3433
442
3451
11978
660
3692
11723
5362
890
6995
3391
10014
259
14162
1515
4716
3931
2889
13523
3471
9009
3756
3934
12978
9332
1132
12723
3979
4802
1691
11126
5776
10732
9021
14172
819
8222
5142
7876
9007
6402
8357
10897
1281
11455
10762
643
8382
1991
9073
6014
1709
4260
3679
3217
9362
10624
12292
3820
3012
3180
10899
8359
3634
7988
8796
12627
248
5230
6624
12420
8984
6104
13907
6899
11761
232
10402
9964
6897
8748
5844
9573
12894
1126
2102
6762
4581
5275
2509
7744
12629
12886
9135
7126
4057
3205
9507
4513
6732
9165
9119
2252
11645
9934
8851
9521
5606
4600
11858
11526
7993
9111
5991
9117
5390
9509
10185
1511
6064
8056
10712
9041
11459
272
3835
3492
12710
11743
8355
10895
1031
11457
4038
13830
1600
4898
9312
11482
1900
247
10091
3479
4372
7690
3434
13500
5083
176
9005
8853
13638
11994
6034
7306
2011
9071
2379
9571
10152
12501
11649
9169
4974
9115
10187
4563
757
2334
324
14005
10189
9505
3881
12440
9167
1308
11647
8591
1216
3121
5203
6895
9250
5584
13430
12546
12470
12078
5277
9400
12680
9137
14001
13592
12625
9139
1889
60
9824
13990
6712
5279
4533
9541
13617
9914
10454
6806
4217
9203
2400
7632
514
2278
382
11470
11546
13078
5505
6189
4211
8909
11680
13901
8320
8907
145
11625
6187
7538
14090
8831
10268
1007
6152
8534
7146
4219
8921
5571
2691
4265
1353
8564
2709
7724
5914
3829
2991
4235
8973
5541
11501
12649
7568
8728
5824
9279
10238
4406
10997
850
13905
11440
5400
10999
2180
2012
9277
2331
7101
9584
7472
12647
6644
43
5250
7662
5312
6999
609
9084
11101
1012
1490
9160
10644
3633
3951
571
8088
3971
3431
13591
4766
3102
12994
6238
4854
4155
6997
1241
10064
8392
10034
3300
6268
11146
12459
3671
8242
5122
4736
6454
11710
10806
12743
3651
3933
4
12457
6091
3556
7893
12482
3367
8459
7267
964
14101
2993
12242
10537
7983
948
12392
9672
12041
6001
10904
9462
2152
410
3487
2559
8482
10539
11355
8743
7215
6302
9578
3347
8457
7269
4956
6046
13160
10569
7052
10515
2202
7239
12005
13582
4007
3255
4518
7087
13084
11191
8994
9432
12071
7089
7237
13938
11853
7998
10567
4612
12115
13299
12169
12728
7191
1877
5490
11089
3706
12564
8649
6567
9494
416
2826
12973
8647
11591
6569
6515
11052
1535
13223
5926
1676
7716
11087
2627
12167
5816
565
9078
6097
12137
2467
2927
1759
12909
6539
8074
10302
1976
1359
12534
37
3178
2387
9702
13917
12921
6537
2447
12139
6099
4015
12320
12907
1994
13296
13892
12831
6904
3818
13690
6213
8546
7134
8470
9816
8680
13137
13601
11909
638
9926
681
5494
11534
6985
11921
14017
13139
6476
11907
11320
9490
13992
8625
11831
13699
7260
6666
7802
13115
1376
13169
11728
10560
6636
10099
13696
1158
5702
2695
174
3376
2221
11564
11973
8501
12591
975
4876
10097
8440
7164
6281
13605
8142
13167
799
5578
12160
1967
13005
10281
11164
1247
1120
12084
7513
2476
5462
10001
6560
10636
3713
5672
13071
1947
12853
14038
7600
1832
4993
2598
3514
1647
2898
10985
11242
222
10476
5432
11392
253
13041
1866
4988
10666
1846
10213
11134
4744
7581
2096
3061
8710
12355
10046
1667
13493
4302
962
439
2957
1729
9832
9075
11453
14165
893
11747
11749
7376
262
14121
9030
2033
2720
2051
6612
8882
12118
12725
390
5089
2856
8857
8859
5087
6518
2657
13974
12780
685
12792
2071
6956
9862
5942
3338
13823
5052
12008
5207
544
14066
11643
13957
10518
12610
9163
6022
935
4569
12431
418
3225
8296
10956
13423
5221
4515
4567
10183
10612
12386
17
3912
2438
13983
5191
7995
5209
5344
8351
4904
3612
3034
9530
13648
3079
14161
4537
70
12226
8950
5416
8214
9133
2122
5273
2529
4539
5890
14069
9575
7218
1251
11358
13762
7790
10988
2581
9209
9344
4666
4476
636
4985
8840
6183
11226
8903
7402
9221
1166
10022
13969
10744
4213
12358
5134
9207
3031
13008
1512
2769
13966
13362
4182
5164
4281
8979
1139
5575
14057
12643
11610
6876
9890
9273
11431
229
8870
10993
9416
11386
1735
8977
4636
5530
14083
2749
630
1638
2792
2535
6993
13118
11725
1549
3142
4560
4000
8126
3911
7732
1569
3789
561
3162
11780
10876
14074
5832
11792
5862
7897
9942
811
3136
8522
7762
12453
14175
6744
3611
12747
297
6988
12749
1781
3274
7624
1296
3239
1938
7899
8628
3307
1070
8453
14135
7616
4174
12522
6898
8747
2640
7989
4139
12075
2814
2236
12030
12628
7987
10533
8749
7952
7263
303
10563
9602
2262
10974
7233
141
8114
11857
4067
1095
2293
178
1011
9118
11882
13674
1467
4047
9508
2415
6372
7083
11859
2940
2242
2786
8004
12163
9424
10372
11083
5336
11296
3393
1586
9008
3766
13657
8643
13724
12979
3315
6563
12977
6974
13683
3746
13371
3282
12870
9772
3087
9800
1328
12840
2407
11950
12903
1237
11351
6533
4712
1133
13948
2185
1813
8358
10898
6093
12133
13230
3732
575
11214
7354
4895
5366
14150
11122
5772
6219
6265
4076
10736
11840
5800
8226
12950
11903
5146
7872
12351
13771
7700
14048
6211
13324
13669
1915
3894
13133
5424
23
9336
12214
3526
6217
4806
9366
4644
1027
14110
13163
10093
8431
12296
800
13666
985
5101
8085
2518
3594
8610
11979
1615
6406
10854
164
11977
3461
10766
11870
4125
8386
6235
1386
494
10406
6854
4238
3859
4997
1907
899
12857
6766
10235
1014
8725
7565
7519
12882
8792
7517
2361
8780
1718
12859
7511
4999
10211
3777
11522
5508
13075
10217
1806
4454
7122
1488
10219
10265
6736
13030
11628
7535
4268
589
5602
1607
3795
3532
1814
11975
13326
13922
3998
8089
4145
1640
6237
6998
13113
12234
11486
9316
1277
11331
8052
6239
4165
10716
11820
13482
3961
8087
11930
1527
12458
3661
1013
11074
7302
3546
6215
13193
11291
6269
1786
3566
6267
1940
9194
13181
12264
13655
8623
6983
4376
3394
13664
9444
13329
580
1352
13079
10267
6188
2586
8908
7537
10983
7904
4790
2087
450
10156
4218
12353
13381
7539
7074
10215
13077
2294
10269
7569
8729
3185
7515
9278
423
10239
796
6716
13882
13003
12050
945
12648
4173
14149
9654
8191
4995
12855
12542
1346
10237
10998
7567
8727
2813
9168
1260
4027
13781
12003
8164
7281
13050
6156
7142
219
1134
11648
2222
10513
6802
8661
2440
7636
11855
11542
10188
3577
2915
10600
13679
2615
12079
7985
13676
7476
14109
6260
5654
7666
7213
8134
8745
11353
10581
9138
535
12077
4402
5278
11458
1155
246
4762
6581
2907
4897
177
12291
978
8201
4899
5316
11264
12181
2718
13726
4624
3593
8451
10260
10802
5444
13729
12975
7560
2806
14022
3726
3893
6600
12113
11234
5194
1106
12486
12331
2607
8396
12820
3340
11142
13631
8246
12930
5126
1401
4732
6513
183
8486
9241
5579
8975
4233
3809
5114
2729
1957
6306
298
13622
1720
14031
5577
3033
12246
8930
6690
13400
8331
5284
2311
12396
9676
8820
9550
9466
5503
1856
8291
5324
4989
9436
4616
3051
9205
85
4952
6042
7056
3071
4263
13964
772
12451
1657
4987
1305
12201
11623
13955
9271
10174
11056
5922
7712
4091
14076
5812
11908
13138
7895
4354
13530
12745
1516
9050
2520
9706
2079
311
10690
13800
13168
2034
11729
269
10098
5004
13772
11727
880
14079
12661
3122
1210
10306
670
3411
9003
3273
8648
5085
8101
6472
12729
12168
7644
6662
11088
1581
2031
6724
8542
2312
9812
13891
36
2285
12727
13979
6568
9922
11661
8855
6538
4872
4700
612
8146
30
9079
13372
13976
417
521
2457
1769
12908
3589
7806
12138
6098
1749
6632
18
9077
5706
2735
8353
1291
10893
11745
5466
5550
7454
10632
2142
5676
2549
9284
354
9577
3357
8458
6893
1792
2638
10538
9579
11451
14064
7268
2162
4535
2569
5241
11201
14055
12623
8264
9181
6174
5271
10724
3265
4565
4519
857
13491
8234
1019
9113
10568
2136
295
379
894
7238
10042
7997
13931
5205
751
4511
7999
2938
11246
3412
9324
10472
2781
11396
5436
3245
9503
4517
10662
7088
587
2570
11568
2261
8802
6661
7501
5009
114
13479
11724
11662
11472
5007
10396
7168
10013
5021
10246
4222
4138
13831
9142
13505
7440
2550
5073
6745
13501
4382
7680
7546
7470
13718
11632
5592
4357
7138
10081
443
13476
4359
2111
10201
8260
10451
7625
5498
11538
13876
5329
4984
1982
6201
10177
9345
4796
6451
13056
6150
8581
11893
5933
10745
841
3021
5135
5810
983
4748
10179
7710
11138
5327
5287
12088
14000
12690
6396
4851
11168
256
8513
5252
9843
13737
1750
5963
6246
13431
5119
5165
5574
5117
3554
12306
10103
3590
10661
1770
944
13879
3753
8600
5111
968
5289
1682
13991
939
13682
3382
9327
13088
8239
4941
3701
13900
11690
4514
3215
10729
6179
9810
9933
13215
3442
4340
1471
3462
11306
10150
3922
7994
5345
218
1135
6177
10727
8998
8237
14091
9329
233
9289
6623
3436
13455
10908
8267
7459
3622
4905
13464
6103
12056
8983
12893
9574
7482
13337
4370
5843
9252
9963
8269
4971
7457
8215
2519
7743
9287
1267
2080
2112
2336
8078
1719
12632
6013
9074
1093
3810
10623
1197
3858
13855
6908
2730
4055
3207
1154
13590
13864
3002
12538
9498
2482
12568
2342
6727
7649
12724
8716
12662
6081
190
9592
12472
2362
6729
7647
13318
642
1450
2193
460
11113
9682
700
7973
10234
6542
7564
2843
5556
5828
8724
9657
6855
5918
11802
8568
3093
7728
299
6648
1728
7003
9659
9588
12142
8662
2052
2863
12716
1322
8472
1099
1519
7077
4107
8632
3374
13074
4455
1304
7909
6353
3339
10458
11260
7831
8538
7320
7907
10264
11181
5731
7921
2841
7079
7534
9753
1336
9447
12983
2474
7392
6264
7181
9197
5670
13207
7242
2439
10038
11079
5480
4761
12267
227
11077
12215
12269
5425
9199
3516
13786
9449
11581
10353
8893
815
1925
6458
8084
11513
10648
11003
1864
1625
2528
9088
12239
364
14082
4645
8160
13789
3883
2094
10068
7113
11600
5640
268
4858
4115
4526
6234
12237
13691
13363
10542
12998
1844
3078
10855
2875
725
6930
12513
11050
5449
3985
8005
11239
5199
13386
13982
6820
6331
13600
9425
8690
1697
12600
9480
6486
5197
11237
6038
11998
7853
9670
13538
13422
5447
989
2973
3325
8071
8306
6975
5753
4627
8041
2673
11983
9056
4420
13763
19
2748
9640
6068
11267
933
11215
2768
13389
6291
11269
3685
4894
7355
1823
12581
4629
4886
10291
3704
1321
1568
3788
12074
2665
2824
5659
8137
3503
5588
593
12260
1639
9918
5657
8139
13492
4292
1548
2645
1430
870
9556
9828
13517
1674
5682
2945
10486
9731
2497
4978
1974
3238
13822
1939
4723
12802
8115
8169
10975
10930
3161
1996
8167
7050
14092
13142
378
895
11716
10820
7591
2965
10331
341
2425
437
2093
11217
6018
7357
4546
4470
1843
8073
11211
7382
4680
13201
10522
4625
3052
100
1863
481
12533
377
3860
10628
3808
6903
7359
2728
11219
4005
3257
6840
3884
438
11265
13384
9429
5195
11235
4501
8009
6870
3485
5445
12974
9493
3345
3716
12563
11406
6977
13205
7222
6979
1841
4440
906
8021
3365
2473
8007
1176
9620
8876
734
9427
1358
8119
10979
5751
2385
8165
2212
9938
13308
12372
755
13083
7851
4017
2445
934
419
2925
8111
3373
2465
8993
11766
10870
949
8117
11854
10977
5655
7796
6108
8988
6628
2864
10903
2625
12122
11736
5696
10840
7984
4710
1875
7748
2078
2844
8135
12898
13373
551
5848
8744
3094
6522
9968
13848
7905
10351
4459
10950
13122
7030
14141
12736
267
7075
4743
125
7971
11133
1973
10214
4457
5938
13708
11898
7370
9751
2697
4482
8518
9848
13515
5968
7340
1748
13773
6859
7514
11372
12083
10296
8956
1673
11163
7941
972
228
6882
3703
9696
12766
2823
8612
9655
223
3504
4994
6857
10108
252
12854
1768
3588
13784
10882
12235
4649
1303
1665
1824
11974
10857
2568
11563
2211
12406
830
2674
1645
4140
2548
10859
13623
6296
4647
2639
7163
10018
12217
11075
5427
5620
2939
7133
6214
2974
5078
12211
1945
13448
1965
9445
13290
1159
11533
6351
5493
9195
6950
12219
2996
11030
2161
5429
12265
3553
5583
605
13469
3662
8211
4909
1309
7455
3754
8217
3790
1570
9285
3936
1550
4534
6226
9823
13735
8265
8219
4921
3999
3642
9913
4320
4907
4831
714
154
3240
9981
4728
3942
5347
3837
8406
6175
4564
10725
9380
4973
8235
6386
1094
179
6431
9325
14023
10780
3636
11876
6130
10792
1153
5204
5349
3111
1057
6610
3422
13466
3962
12956
10431
5160
6780
1441
7645
6792
9786
10610
12518
2982
5084
13866
5758
8854
2322
2021
6725
12612
11993
273
6033
10386
7858
7526
8766
7761
10226
14181
8736
6063
2750
4242
9122
13507
5861
4392
11988
2682
13869
11744
217
2770
10033
620
14171
9758
2194
7420
6749
5041
7627
12988
6747
7629
7886
10358
8898
14115
12744
6453
943
5786
1531
4355
7894
11956
9083
8372
13474
5005
11518
10643
13857
11008
1080
2530
3112
3080
13883
9861
984
5071
10063
7118
4853
13238
11612
3872
12993
5115
13483
5169
8974
5913
8563
2719
7723
1416
11118
7978
13335
5823
5285
4591
2002
13923
13874
12876
1015
383
14122
803
606
1730
6643
13457
7008
9583
5167
588
10747
6358
9204
5137
9349
14155
10453
10130
4157
42
5325
5380
13217
10175
9347
5139
7292
13192
5981
10749
8533
3501
12960
2298
7575
5156
9218
6776
13562
9790
2007
10606
14047
12361
10991
13035
10390
2506
8770
7530
13065
10230
13019
8740
14099
9995
4654
8183
825
11104
4152
13011
1500
1112
5402
10844
4278
7014
3105
13017
10275
11428
12847
5897
11937
7862
12585
6844
13109
3759
11014
11323
5762
11504
6275
3976
166
6230
5624
1259
13121
8495
2015
11939
5899
3994
4316
13107
7104
12849
13670
1818
665
3280
11915
11969
1107
6991
1203
3398
4194
8410
3877
1706
3117
4444
11825
8631
9376
6390
873
13173
282
11880
10776
3676
6126
11283
11692
5732
13693
6606
7832
11967
2513
8757
12915
12969
2327
809
9899
8443
8782
10362
12825
2714
8193
13226
9624
12173
9762
2987
12880
12283
918
12692
6964
9897
7942
6573
8759
1276
12967
11847
6934
12937
13293
6521
12109
11585
10126
6507
2687
12323
9732
12504
5376
10332
581
424
6509
7185
92
13229
12121
12939
2886
12107
538
11849
12065
6332
12019
3647
10509
11185
2199
8653
13658
7416
5188
3866
13281
3846
7890
12011
10934
7273
10521
4096
10507
5790
5218
12428
451
12017
3667
347
11960
3967
3427
7207
9402
10964
13947
7221
11361
10573
8022
1131
3040
8348
1713
1347
372
3947
6362
7344
7209
12035
5995
3832
3495
6208
3900
9354
14130
13794
6085
744
353
3333
10866
11770
12348
4011
10754
520
12653
14058
13272
3491
7772
7800
2869
31
3351
5872
3196
10836
5700
11740
4706
11095
1835
1020
3099
8428
3371
13524
2038
5098
3600
10004
2849
7424
8323
7095
2391
2692
8504
488
4466
4550
158
1075
7508
2451
8937
4676
2471
1465
11495
5535
2931
3889
8939
4241
13970
842
7602
9233
6836
10114
8825
12193
12782
1408
9952
6866
11631
9263
2631
8969
4271
5174
5565
12757
5519
8915
12443
9987
11410
6754
856
9989
10208
4436
1881
8967
5517
12759
2433
9616
4205
5511
13394
8692
793
506
8880
8283
4579
5233
11193
6114
11782
1829
9173
12631
11757
11443
12410
9535
4284
2634
4180
4012
6901
11759
2820
6300
10412
1253
4577
2679
2217
505
879
5616
2979
9511
2934
4503
9517
8847
8585
1209
9109
2756
5989
4324
5987
9107
12495
9565
14070
316
8849
9519
5952
5042
5263
6946
9121
11026
13958
11653
3252
4812
9019
9065
1671
10946
4922
12740
7026
3057
2205
10085
15
184
9017
1933
1651
9011
1556
5354
7366
8093
13647
7336
8361
10901
6004
10300
8960
310
6412
1951
1633
1971
9035
9872
13571
9700
1048
671
12770
3509
1064
11348
709
149
2155
5985
9105
8589
8658
12497
9567
5183
6494
2434
14129
7654
5666
2479
10191
5476
10432
8274
9171
5213
8552
12423
6134
12094
1063
1167
9569
9515
8845
7278
8587
11651
12499
9539
10578
1869
9141
415
13262
5281
6164
8156
4575
11596
5636
4530
1088
631
10672
9904
10462
1849
3038
11755
8343
2099
6702
2835
2492
9537
9037
6672
8198
1525
6462
7444
5560
12178
7194
1692
10702
8448
11461
202
4832
9302
6578
560
12720
13980
9039
1931
12288
10087
12328
3334
9015
1631
9069
4862
10052
3379
4121
11256
1140
10494
1297
7316
9067
1254
2881
6432
10089
11097
11328
5302
2829
3991
3709
12256
1679
543
1820
882
1381
3331
7001
13645
13529
9560
1634
11099
13796
13526
1756
10490
6089
487
13799
391
1934
13178
3278
157
1979
3400
12461
3691
10926
998
7046
4942
6052
10816
14080
11720
11288
6087
2057
6926
5022
5569
11046
8965
2671
8919
4221
5515
2300
9213
10134
4207
6816
8829
8686
12596
9476
8827
6490
13399
6191
8911
2556
9666
4344
4209
2651
5567
2933
12755
8917
8310
9985
8188
11497
5537
2633
2951
9060
71
4416
5904
9184
11001
9636
7099
109
13396
7097
10164
9281
3155
396
784
11423
13094
4102
12651
13581
2431
4273
8935
2971
11499
5539
4890
13184
7187
3007
2255
11658
4772
13572
6571
11589
12105
4800
7152
3202
13060
6146
4424
11845
900
12935
5806
8098
8651
11587
13224
11274
12171
7189
6505
7706
9094
11091
11552
6101
12141
12686
12829
6400
10312
9895
5644
14100
6250
3993
12919
1026
2367
13730
12965
6541
11343
8755
12917
12310
2347
2105
332
1387
6914
8596
12827
6824
3559
12911
9712
2487
348
865
1425
10541
11448
7271
8174
10914
3927
11198
5238
65
3467
12037
5997
10824
9178
24
2818
13680
3447
12039
10400
5999
6312
7205
3015
8461
3387
10250
537
4178
7436
3826
4508
7676
2117
2706
7466
5454
7550
163
1221
11189
10505
493
12069
7091
12015
12067
14045
1032
5268
3627
11187
4602
8256
10571
11152
7241
7324
10584
1204
3221
2376
1714
7503
3695
8328
9999
13069
874
10277
13015
359
13067
13945
126
10279
8042
9238
9997
749
7064
1987
692
12448
1687
140
12198
13037
7034
7579
9268
7577
8720
1886
13039
8288
9454
10203
1222
1509
7284
13141
11686
11829
1460
9806
6203
3898
11919
11965
4336
12343
11310
11917
10146
4061
1069
11827
11034
11911
13271
7922
3476
12184
6279
5712
1236
11064
12658
8497
13105
12589
7812
12060
5093
3598
6584
12845
2514
13330
11935
5895
9644
4366
8499
12587
304
12274
13171
2713
8423
6277
12552
2040
10101
11060
5459
2167
707
147
1596
12064
8103
13445
276
11184
9001
13091
13537
4938
7843
3352
1797
5482
10935
2305
5743
829
2147
435
5457
1160
10919
3098
10965
8179
9046
9710
2039
10686
4968
2848
12312
10829
2074
3417
3045
172
7345
3065
10911
12034
5994
1371
931
10827
2868
10310
10917
1896
8177
1723
6911
2724
12824
13599
3888
3804
4085
9625
8490
6827
2317
2523
12914
6310
6917
12541
1118
5649
6919
6965
5647
3073
8926
8081
12250
11203
6686
13701
6829
12400
9680
8816
9470
13518
9546
1255
6078
11277
12505
13189
13705
9440
9097
6935
4427
4620
11584
767
8013
224
9501
13152
7060
4429
12571
2452
13596
13187
9099
3405
13845
13390
7184
11279
4493
5546
2743
11069
5470
6552
11015
12277
12189
7171
6274
11505
5680
13301
6587
5018
2544
366
7592
6845
12584
1575
2678
9647
950
12152
8494
2025
9649
1828
6658
6589
11571
7105
2564
13284
2291
12187
101
5625
7498
480
2763
11067
12279
2396
13790
11824
3127
4445
10198
11037
2176
10448
8702
11914
4195
6343
11541
5501
245
1177
2978
1073
11250
12203
13305
907
2741
11400
11039
5440
10078
7141
9457
8578
786
9743
3233
7287
86
9482
11312
7574
4751
7039
13208
7252
7963
11141
1541
13034
8462
6198
8672
7037
1952
7289
6448
10343
9459
3584
3271
1764
3560
10658
3508
10589
4696
11105
7329
1563
912
1524
1480
8432
3783
13064
8150
9994
1652
4655
7067
5108
12091
7069
7810
108
13273
7015
10552
10274
11171
7933
4848
1543
550
2775
5710
7327
3296
10587
10845
3251
1744
9064
3801
512
12432
12001
6041
8068
621
4151
10497
384
2299
2902
10499
4786
5355
13589
10160
4171
10084
1191
1402
3955
10423
6328
6288
7449
3655
349
1424
864
6720
848
12578
12046
2602
7199
6005
13586
4133
7197
5853
13338
8038
9242
12462
7753
9034
748
7447
12672
9392
6071
12702
3572
9921
9534
13235
4823
13899
1680
6115
9831
1417
6169
4913
9907
11490
1819
9320
10288
9909
2830
2227
3710
11816
6167
10720
3758
4285
5591
11926
8203
4022
6499
3191
8584
4325
8277
6423
7659
12097
6137
7588
10328
12099
6139
7657
2
1536
13292
13896
1980
4981
8279
3399
9728
7682
12494
4380
1079
9973
9564
13317
6497
6651
9591
274
2082
7094
4583
10167
1042
13097
8505
9189
5909
13099
875
5320
5907
358
13996
9187
5831
10115
10169
11494
5534
2921
9152
7731
8571
10256
5921
1205
11702
8914
5175
2621
13717
5564
7828
7556
5973
6755
8541
13999
7918
11178
5728
8824
6596
10139
4347
13692
12490
4204
4349
10137
8400
1056
12816
13880
3380
12926
8250
5130
10461
8312
1506
6084
13480
322
11578
13046
6160
153
713
6461
9355
13563
2480
7640
2198
5033
10755
11462
10041
7178
3537
10596
11672
4758
1310
4861
10071
5392
11432
13001
2100
55
7480
1850
5063
6256
5242
7670
13738
9853
10005
1870
10651
7425
9091
11094
3853
10135
13315
1502
13994
11300
5340
7968
6759
8573
11901
5941
9748
5514
8964
5179
12754
6443
5177
10348
9984
6757
12866
6193
4345
9796
6782
1902
5905
9185
8509
12836
1602
10117
11946
5103
10111
3510
13858
3558
10653
764
808
196
1266
5971
8521
9851
8934
2421
10119
3772
10165
13237
7938
5370
4843
13095
8507
10007
2819
4134
7620
5013
7427
2680
234
9222
10021
4179
1082
2276
3321
7493
12026
8332
7429
1830
1196
13458
10009
6653
10443
9359
6348
10757
10193
2191
8362
10782
13218
357
461
10073
11412
9382
961
10759
5081
2980
191
9357
12208
6009
10410
7195
3082
6770
3890
402
10631
3854
7445
3287
6021
8776
5222
12412
1921
6007
11208
4592
3737
5357
8018
539
940
6073
1483
5382
1621
9014
13026
6740
3455
4498
13870
13584
4131
5359
2402
10495
7655
11836
5796
4036
8108
1423
10740
863
12946
8230
5150
13470
5984
992
4329
7696
9104
6495
9514
2355
8844
5748
9941
4327
8275
13715
1151
4933
7848
9340
3302
3899
12095
6135
4810
113
13573
3599
4252
9370
13508
4963
2850
2247
6119
13894
7751
6165
444
12300
4574
4287
888
12901
3100
8606
9971
5851
4042
11754
6410
4062
215
655
6111
8991
4289
11866
6117
2267
10770
8390
6631
2870
9905
11573
8901
10361
4199
13286
790
11964
13847
12606
2596
3167
4449
1429
869
10960
8300
1038
3147
4447
107
7173
12390
11035
4753
9761
594
2797
2478
4197
5038
12991
2200
13707
6849
13104
2045
3074
1848
5068
7107
9858
9526
11509
12185
3039
5627
7121
8946
12230
11065
2098
5420
11019
2723
2896
12275
11017
11507
5629
3803
5886
11521
1868
13289
7109
2524
12844
6585
6847
9645
11934
5894
7786
2065
11011
4659
7017
4588
13014
326
7325
11109
10585
10847
1724
990
3231
7011
10849
4682
159
7380
1074
11107
489
7981
9026
2073
11121
4657
7065
7019
11332
5292
7913
11173
5723
11362
7035
13535
7823
5978
6361
9455
340
7285
13447
4187
12776
8412
14102
6960
3378
7347
1678
2575
3917
9292
4918
1544
12362
10825
10915
701
4556
4828
8175
1743
10969
8130
1763
10967
3583
8208
10283
3784
10880
11776
1564
2828
10692
7204
3025
7349
3760
3708
14142
10504
6428
12014
3176
7583
10323
10937
3816
2127
5455
4731
9978
10939
3234
820
1741
3279
3617
1978
363
9723
12332
8063
2541
12104
4670
13307
1228
4480
6939
5761
1100
13185
12509
8836
11230
7861
1337
3905
6504
11275
10428
12507
6323
9095
2952
12521
6937
11844
4425
686
12934
475
12573
6967
9894
5645
2652
1065
148
708
12964
2563
11606
6283
9629
6880
3605
9886
6692
13594
2764
132
2744
7758
8866
11390
9420
9627
6825
1775
4640
5858
5526
2543
8754
8033
1464
6915
13263
11991
6969
10181
9264
6197
1942
7038
1837
12194
5486
913
6753
8579
12444
5975
6447
13322
13926
5173
7288
6449
5930
1636
7720
9458
8577
5331
8284
6199
5820
13486
1962
614
1553
4847
8503
13489
1662
4585
5109
5291
8324
87
3261
1754
3570
1790
10659
1936
10588
7328
10657
3550
3138
9042
1409
13929
1999
5121
705
10682
10113
7068
1642
12316
9234
5107
4849
352
6657
5065
9855
5019
14179
8922
12654
6682
11068
328
845
12188
8812
9542
7497
13981
5011
7499
13889
1072
2753
12278
2590
9648
7423
10003
6659
6588
5017
2554
4960
509
6050
13156
10449
9353
10077
367
13247
471
10199
4361
13886
10197
11038
10079
1341
10753
4021
5035
10447
6003
12156
2622
5648
2436
5542
13863
3519
6556
6828
10640
7755
6918
7596
1872
5855
1049
2442
14169
1521
11654
2215
6079
10480
2701
319
6731
13188
13672
2382
10670
14081
7651
9098
6077
11278
10425
720
8706
8094
10050
2922
5353
4428
2462
8466
8550
9820
4937
8676
9331
3342
6425
9930
3482
5458
4323
2157
4504
13722
3193
9975
14029
4939
6480
8241
11316
9486
3362
688
10731
6181
5264
7256
6670
13463
4915
4969
9174
8271
10556
10828
813
6640
6113
706
146
5234
11194
10918
8178
3336
4825
11444
277
14026
8205
878
4002
4880
4283
13580
4692
2207
3055
8436
9291
1316
3730
1208
7461
2810
2858
4967
11579
2339
6345
4193
4782
9451
1258
13626
13174
12271
4757
4443
3107
1716
2374
9201
7177
7179
11284
3841
12436
11081
762
4759
12205
789
11577
13818
4093
6843
13437
283
9246
13731
12466
3843
12550
11503
11324
9396
12676
198
11013
1115
12241
13355
5623
3863
1469
1808
1860
12042
7103
13545
13629
13364
2005
1884
4653
13258
2883
13779
8060
14072
11812
9188
651
211
5908
3528
11103
11922
169
1084
8184
9661
12706
3875
10843
13837
980
4078
13098
7935
13681
3115
10168
7013
7919
11179
7965
5729
3439
10138
7081
3474
7686
9745
836
7829
1043
1147
13418
2017
7911
10345
7827
2516
4348
13776
7917
7310
5727
11177
3748
6168
10287
10574
9156
3673
10252
8141
10963
1703
5661
4770
10289
9908
2685
7343
1588
3768
13379
9727
13972
13376
7658
373
2985
8105
7589
12812
10329
6498
11150
12922
8654
4740
14139
10810
11706
7552
5745
7274
10933
2325
8171
3973
12098
6138
10327
7587
7845
6592
8278
9729
8069
6810
957
8015
6933
919
2238
465
11550
11466
12503
195
6327
3497
994
10592
12324
11676
3945
8316
3425
4495
3965
11241
5201
13270
6329
13042
10498
7150
8067
5451
4161
12579
8444
13764
7198
4631
93
8037
2503
12174
11271
6289
7448
9623
3665
13755
3824
2788
8194
2704
4410
12284
5396
11436
3645
2140
6287
13331
6574
11205
1403
8039
6252
12577
5246
6963
2716
4328
5453
2107
14105
2345
5747
2485
12862
10325
7585
8109
9780
7847
9792
6786
7849
9725
10380
8107
2365
10981
3473
5749
8121
1404
10913
8173
1422
862
1529
10823
13835
993
6118
3005
2257
2884
13374
3728
12832
10285
162
11942
2860
2808
4052
4720
492
4288
600
7361
12022
3625
3864
8336
6285
11221
13547
6008
11207
14062
12575
13769
7960
13357
1883
5643
4094
6913
12530
2115
51
13383
13671
8035
11344
11209
3844
9226
6823
13435
3017
3445
805
4497
333
13183
6380
11416
9386
6981
3212
1035
3385
8065
8019
9610
8017
13766
5358
4423
9431
9093
6325
2373
3465
11273
8366
8011
11890
3925
1436
10786
4499
11063
8800
8772
12183
5226
12416
1068
13783
1044
129
10861
13369
2588
1685
13624
9643
7428
13757
356
10008
6583
2504
5094
3823
8424
4651
2703
12273
12890
7130
14140
13022
5431
12221
1225
1985
12207
13962
9358
13366
1187
6349
6204
1083
11575
5610
6347
4596
3697
11530
10758
12344
12209
4755
5386
11033
625
7175
10347
6758
9749
7825
3974
5178
3939
7033
7915
197
5725
7969
11175
4461
11130
5780
7967
5792
11832
3996
12942
7283
9747
7880
7692
13280
10204
10349
14145
9453
3211
7504
1704
1788
3568
10583
1330
7323
11862
7937
8508
13774
3639
7063
4256
10118
693
7939
3548
3140
6861
3674
8602
1421
1181
203
10620
12508
6075
241
10427
2837
6938
278
911
2942
2240
2962
13245
10493
2422
4111
12602
2636
10429
6030
7443
2936
9628
2790
2754
7757
5882
2662
7193
105
5857
7782
2553
5859
2642
9522
6968
2999
7759
8942
687
2138
8207
4686
4829
10968
9022
14180
3750
6163
4919
8221
5296
11336
4965
4917
1554
4310
9903
7348
3770
9840
1590
1753
4827
4911
8344
8209
3682
13971
5351
6493
1089
5184
3982
13348
9977
12772
12800
6429
8416
7653
9870
13558
5950
5060
6133
12093
12424
6620
5214
11366
4935
8273
8890
3322
6427
14024
9979
10938
10655
927
3530
1367
11108
7740
4658
1622
11772
885
13484
368
11800
5105
5840
10696
4589
9183
5903
13093
4845
264
11424
2872
9296
12366
10163
7018
4587
13924
10848
4274
5171
4112
4080
4552
13873
13808
13662
5141
3194
1701
10751
5979
8575
431
14170
327
10133
120
9214
12336
5870
4343
6195
1922
9950
7770
13748
8530
5977
6445
14071
9351
7410
10195
3157
4448
542
10030
88
4198
7631
5037
10445
2501
13408
1478
5039
6751
8832
10075
1505
11508
8862
999
11018
3719
6848
914
399
5522
5069
5015
13473
9859
6655
1858
5067
106
753
1810
9857
7108
2055
11602
13570
13884
9882
6696
5628
7495
8583
4505
5189
13424
5211
3856
1405
5217
12427
12018
10508
12620
6424
2338
5152
5219
6772
1006
6800
12429
3657
4571
13984
5265
5187
9563
10602
9974
12493
3
11445
4824
9533
5406
8347
9175
1809
1078
4914
5235
11195
3957
4541
3720
7208
4250
9130
14120
8349
8204
4400
346
570
4079
14160
12968
4034
4312
13494
11751
13908
9898
2612
513
8758
5854
7866
3529
9033
1526
7754
5766
2225
10772
6122
10800
11696
5736
9063
2091
44
6602
8861
11655
12108
7836
1034
5091
8095
12938
13973
11848
13824
3438
2912
849
6508
10424
9372
10083
1391
9766
1202
12696
1462
9854
5064
7946
12655
3182
1589
13108
3769
872
1045
128
11938
5898
14073
3749
12848
8786
323
10366
1443
152
712
11093
5372
10336
6083
7901
7300
11968
12751
14008
3581
5034
167
4031
13871
10122
9736
1224
12445
5974
13471
5563
2611
8913
4136
9219
9265
12195
13635
8823
6336
8285
1113
1217
9217
2239
4203
9211
7412
2274
3000
4277
4142
6366
13018
11427
3792
11620
4584
3535
7093
8325
1458
9235
8380
11429
14084
9406
4162
2789
8026
8981
61
4279
2911
11493
5533
9018
3293
1661
680
10862
13723
3067
12325
8014
11583
3262
1546
3242
1566
279
3786
395
3940
12981
12380
4494
7183
3047
3415
1517
1119
13684
4702
1795
3139
12175
3814
14035
8195
1998
12823
2145
3640
8445
1377
12913
11347
2307
6530
3174
11349
11204
6575
7776
2165
13462
12285
1961
5876
254
3236
12130
10832
10575
8751
1246
13608
13862
4578
828
7606
3407
6832
2173
14151
75
7991
2732
12033
5993
317
4462
806
4672
7390
10530
11758
11861
7230
4432
9108
2766
5988
2393
8655
9612
11183
8696
8104
12063
1504
12786
4087
9956
6862
7844
2746
13673
2282
1252
173
2315
7275
8848
5744
9518
12861
3518
2594
8185
5001
7509
816
635
9993
10416
14111
13063
750
10890
11786
10273
7934
7521
884
3125
369
2461
7507
8938
507
411
8968
5518
9744
2027
10207
7964
5956
5046
10221
6942
1171
3076
7573
11022
2526
5612
13033
843
9988
1360
2894
1577
10209
10344
12758
1301
13175
11823
1893
13935
1726
13199
7362
6344
6209
11913
782
12347
4490
2777
12204
12349
89
4816
6207
11285
13323
6221
10942
4926
13130
7022
8427
9876
6890
6273
8620
11325
12583
5097
2859
5099
7332
13196
11981
915
8493
398
11380
6416
8429
1593
3361
7541
2546
8556
5724
8828
10271
11174
7914
2067
5568
7824
2661
8918
14018
501
2047
397
80
7400
2394
10205
5662
13081
7250
5472
10436
2566
4208
2174
11592
5632
13013
10676
10550
7098
10466
3145
2998
7505
8189
2139
6706
2795
2532
8187
2961
5538
11498
742
13472
3165
8731
7571
8152
10241
4836
9306
486
13103
12150
675
156
8670
13872
11329
8480
6241
746
4185
9690
13700
8425
3813
6676
6550
11098
6466
11327
329
844
5893
11933
1732
14037
1428
12843
868
5095
11810
727
8091
10706
3173
1039
11252
11963
13194
11574
11
7312
6205
11287
1766
6088
3586
6436
13179
4754
13177
8640
3294
11289
7174
6271
883
13391
1746
13663
4866
10056
508
12345
6577
12252
12963
9893
1286
8449
4300
12574
12287
13686
4901
8199
13300
1594
5690
3615
12179
6284
12177
35
1229
9038
12289
8197
5306
2125
8447
810
8034
6579
8753
11345
3222
10922
2076
7042
12103
4946
8064
6056
13150
12329
3027
10812
13791
9068
6324
13689
6503
2577
3915
318
10088
1894
12327
12933
3440
11843
13937
12810
133
689
1777
10324
9472
12592
7584
12013
10503
9662
2726
2893
8588
8659
3806
7277
6922
9568
5026
7279
290
11042
8657
12498
9724
2340
6812
3607
8682
1859
3907
9538
10579
362
10577
13918
2593
4412
3718
1062
7203
12081
9632
10284
4051
11918
5802
585
10444
1498
10194
7702
11556
11828
10074
4776
7156
4071
6142
12659
3729
12588
5014
2809
8592
6278
9716
11731
199
1114
3311
12682
7494
10316
5260
14119
6654
4033
12657
8498
8329
5104
9237
1351
11670
1532
9998
1612
11480
13068
6316
14159
1466
10654
3520
4230
9150
7432
2411
168
1085
5581
4275
8933
4122
8810
14089
1127
10278
11425
1223
4844
9239
8327
13782
12199
14086
8287
9215
7578
4606
9269
8963
3091
455
5513
8252
11156
12449
8574
9983
127
12447
7672
4390
7462
6444
12753
1912
5600
11640
9267
6194
12197
13963
13038
4991
644
8289
4573
5239
11199
2589
13986
13382
2182
530
3457
8046
4964
9179
11449
112
9581
1033
13426
11447
3735
8345
11753
9177
12640
5237
11197
1522
14063
5998
12038
11188
12670
9600
12480
12068
5267
8001
5185
4509
2273
13429
9103
5983
4507
13637
8843
788
9513
4521
13989
889
5215
5269
536
12425
3285
3312
13881
4934
8097
11659
10142
11588
1396
9013
1611
13481
6074
2265
7188
12731
2245
3781
11682
1111
995
9802
2412
801
403
13829
3938
8099
11657
13496
4332
13826
3638
7490
12918
4362
9260
13499
2357
3549
661
12828
12556
2000
9081
7926
1911
5716
1789
3569
13618
970
7816
