6624
2264
6875
9255
5562
1711
7318
7768
1292
7936
5947
1984
3946
9081
5720
2578
7813
522
9798
2721
5237
1227
3795
1086
3107
134
3173
4825
4104
4674
835
9574
2508
5613
5116
1379
2431
5430
242
1964
9627
2877
9374
9061
8955
992
7851
3874
3625
6247
8236
9923
2284
5582
740
327
7330
4246
927
9768
4937
7890
1753
7788
1800
2650
9576
7105
2703
5418
8809
5651
5204
2052
8744
4309
1359
9681
6794
4016
4440
1066
2691
6756
6017
5690
8117
1370
10239
9948
4736
4220
9173
726
5288
9107
1550
6476
1603
8431
4968
634
290
5832
8508
1591
5899
4426
1473
6606
5350
5403
9537
3255
6957
3642
8721
2131
7632
5391
3515
8578
7699
12
1148
3081
8180
6295
2208
6080
10281
9540
3920
2744
5523
4988
7737
5746
2809
3747
8703
8650
4842
9639
1819
5268
6641
8691
4377
9511
6376
696
3374
3061
2955
8877
10227
7427
10022
6060
7257
8160
1678
141
6514
8028
6128
7492
6069
303
8169
5995
9641
7194
7583
1558
9144
5095
5280
10314
4969
4804
4228
3385
10279
8500
8453
4960
7156
489
7717
2829
7367
2902
3486
1444
9610
5487
8559
6534
6919
5358
6088
9509
2153
8188
2200
8570
1140
1679
8658
8411
10317
4980
5269
2773
3928
4195
7387
5812
7563
5260
4716
574
3365
1857
8168
6068
7545
2111
7612
3535
7449
3343
1659
7219
253
3121
408
3466
6120
8020
5467
595
1670
8579
3072
8216
7760
90
7310
2559
10210
10155
7597
4917
7769
5571
5728
2570
1249
7522
4665
8004
4036
4147
9385
9935
8046
6037
6146
8137
9507
9580
5493
3144
4643
10241
3885
8902
2275
38
5438
8829
6864
10406
10379
4329
5501
4402
2453
8339
2500
9679
7916
7393
4596
9343
228
478
7833
4685
5217
3843
7898
7780
1808
7401
9072
2579
7338
4554
1731
748
949
8304
9121
6884
5633
5136
2396
5047
8773
1126
2411
9988
2658
10178
5410
2089
1975
2354
1378
9365
5698
3865
1421
4448
815
2845
2146
2037
9535
4184
8533
215
1206
1493
272
9980
3187
10170
488
1438
6275
7165
6548
8598
5064
5371
1501
8446
2718
6496
7143
9193
9894
4741
7321
1728
10395
2863
1571
9138
4952
6454
8224
9866
9201
8897
9482
10225
3049
676
3394
477
316
1633
6847
1410
4397
9588
7185
5084
6396
8822
1114
6354
8189
5975
7472
6089
4164
5421
3356
4322
2420
1698
334
3167
2883
4
9110
617
10218
6636
9864
3455
8671
5808
5252
409
3539
2730
7602
9896
7924
5731
7529
1487
5444
3193
4694
7232
8718
3775
7299
2446
3201
6153
6200
1313
501
4363
9909
8100
2088
8053
3138
8863
10335
4656
5679
3931
8335
9187
7941
1272
5558
4345
10146
6895
2533
4008
7752
8845
2598
7879
435
8011
479
1351
6111
4383
9618
6774
2068
3110
6999
6932
5659
4434
8883
229
7657
1467
1390
2120
8730
2671
5670
4231
7859
8241
972
3894
734
7344
4724
4308
1812
9394
9049
9625
2897
9167
8420
7870
9356
5857
10144
3856
10099
2822
5473
9505
8710
9266
9812
7507
9937
8031
21
6131
4041
8986
3130
9633
2080
8108
2295
6208
6912
4414
2682
981
6785
10157
9548
7577
4000
3953
5603
5550
9442
2551
8623
10101
1261
51
4211
839
2767
407
714
5591
7789
1899
3764
1832
2590
8793
4506
2376
280
1333
9911
6526
8966
6743
5323
3118
2060
2662
5678
8801
7619
9286
1995
7212
8738
2069
5141
2128
1398
9940
2787
1281
4300
4253
806
9027
7373
4576
3784
1746
1523
3911
8315
1055
961
6765
9092
2513
7878
8428
5819
7042
7025
2623
8551
1134
5124
5362
7481
8590
1613
6540
9974
10184
1430
8767
423
1562
6264
7174
3266
2710
4989
5075
7509
5711
3705
8682
10233
5984
1947
9130
2986
1007
9760
1720
6616
6052
7461
8152
1651
10186
1418
9976
3027
654
4905
8787
4024
1690
2428
2017
8513
3092
5382
9903
6704
371
8662
5964
4175
9118
2966
5289
2793
108
1582
6284
9523
2738
2247
5753
5800
3286
622
2801
9790
1307
10316
5169
4492
5515
8944
6994
5642
1038
2041
5028
156
4295
4080
1101
258
5160
4427
10259
6607
1093
6956
9399
2211
9332
126
8268
792
7078
1764
3832
3899
8755
7842
7119
6220
1953
7988
2000
4737
9748
3221
14
727
9106
6477
940
9244
5180
6831
7294
4699
4069
8391
6908
4632
3995
4128
4376
2605
6377
10289
697
4060
8403
8350
8876
1010
7426
7256
1911
7968
9014
871
10272
5920
10077
2253
8288
2300
2921
2475
1784
5747
7736
1240
3523
3746
2755
663
3613
5117
3430
6581
245
3332
3399
7440
1087
5795
3106
8204
9221
6104
5946
7937
4788
4890
132
3947
9998
5236
2944
3720
9560
1226
4851
3562
6409
9659
6652
10036
1705
346
4017
1067
3690
6757
6016
8116
3014
3651
7674
7825
8475
3418
683
525
8921
6561
6309
2024
9672
1149
3582
8237
6246
4813
4247
9723
9968
926
10034
4936
3244
9590
4768
2175
2876
5874
9689
5625
8605
439
7448
3438
165
3501
6329
6402
9735
9878
4037
4146
6036
8047
2184
8136
6147
3034
5885
3493
3728
5304
7554
3571
611
8639
9691
6689
2973
4780
4898
8217
7685
4833
8484
823
7596
4916
9155
6719
5339
2164
5865
10349
2322
1192
10403
6572
3698
7643
585
3633
9788
5137
2397
5046
3410
1127
548
3312
10050
7665
1455
5004
4522
8464
6429
6502
1539
9661
3273
4769
10312
7917
9855
4597
5843
5216
4760
8973
4088
10291
2639
2363
5020
1030
3487
6811
4449
5486
1775
2484
4612
4545
5168
118
7070
7157
882
8260
7716
9453
7366
4563
948
749
1931
7059
2345
9034
7980
8269
2008
149
1405
6228
4120
9273
3467
6900
6853
10261
5466
2464
5188
5535
1018
4068
8358
2383
7079
4717
7960
3155
1856
2231
9312
1248
1894
7804
533
8280
6195
7969
3812
2308
183
862
8095
7386
4583
5928
9844
4870
3218
3558
2930
6345
9186
5931
7724
5241
2228
6668
6483
4859
7112
6008
4200
4153
193
9414
9709
374
6363
6820
1181
3048
3679
4657
1486
7434
3444
8635
5011
5775
2447
9166
200
2854
9357
5856
4879
6463
6688
3857
2918
4752
3230
5894
549
6231
9846
1928
4941
29
1325
6308
5335
2195
2896
7656
1466
5053
5100
3670
6383
6549
432
9416
1161
1535
4111
59
6445
3659
7694
8495
4924
10196
4529
7098
4602
934
9048
8252
6422
176
772
8447
10164
6497
2635
7033
460
6732
6799
1342
9218
4275
4472
2402
5189
2329
10370
7355
6974
2147
6184
0
8084
2036
1073
9780
1207
1885
10058
3186
8930
275
1234
3808
10166
5224
212
7952
891
5455
3731
5539
7741
2495
10194
903
850
1843
6637
10075
8064
8371
3975
8918
4354
4089
6164
2
97
3357
8854
7274
3421
6322
1865
3166
9870
8896
645
9471
677
6846
4396
9230
610
6397
3984
9492
1946
9960
2987
9040
7090
1006
7285
9598
6617
8289
1214
4264
93
259
761
3267
5705
3711
8525
6965
7051
10203
9774
9469
366
8382
8993
8766
6943
9210
8938
1795
7905
1044
9001
9886
2104
5152
4461
4284
2246
9462
7013
9990
2615
3287
781
3800
3753
9568
6985
2542
1306
3964
8075
4509
7989
6175
914
504
2967
858
1625
7265
1874
2016
9884
9293
7243
8910
4481
3319
6712
9776
9238
4052
8362
3026
8124
9301
6024
2309
8786
3210
2766
2993
4878
6211
6669
3591
5315
5764
5953
6000
2220
3001
7576
6660
331
3550
3603
2938
6041
8141
1642
3040
1515
8987
4131
702
4619
6828
4208
2525
9267
3473
8323
9737
7506
9319
2910
46
5911
6680
3293
4789
605
3819
7132
7199
6300
6253
350
2786
1920
3301
9740
807
9026
9857
4577
3238
1747
5784
8542
1172
7414
6592
8615
9287
3678
5108
1021
5031
9711
4507
2377
438
10112
6527
8967
878
10371
8865
1854
8055
7961
4365
1315
6155
1918
2230
7384
3773
8281
2928
7806
3195
1896
4121
2466
6901
8398
6838
4072
4702
5464
4629
8843
2535
6893
365
4343
8333
789
7714
9402
7364
7071
9329
7839
8261
7122
3829
2218
3902
8885
4807
9741
1930
10142
7981
3228
7197
4385
9147
9457
9036
5639
1108
5172
4489
2048
5021
1031
6537
2486
6810
9710
411
10205
1447
5484
4557
9892
3579
8307
7163
6273
5006
8466
250
9961
123
1495
5214
564
8535
499
4761
2843
9869
2357
2166
2865
5044
153
9195
7145
8928
6568
1152
6312
6887
3411
3658
9486
164
231
9862
3570
8007
5973
5306
7556
4781
9991
481
6412
264
7594
7183
4914
3559
1635
4858
6649
8486
6588
3329
3402
6867
3500
3453
9484
9779
3036
3147
9228
4144
6034
2885
2186
8134
6432
6499
924
4519
4934
3246
4772
6244
2287
1615
1542
9668
5876
60
9727
3877
1967
2874
7023
9989
9377
300
2625
3016
3691
6722
5342
68
6569
6014
2319
1189
8114
5073
8747
3703
3650
2026
6797
30
8920
3309
6560
9972
7676
10182
9781
5207
4891
5234
2946
1224
5944
6692
3578
8515
1987
3721
9698
157
8642
4903
4850
6627
2267
9959
3508
5755
6332
6399
6580
3431
387
127
7441
2795
8206
6106
9470
4107
9871
4677
4173
9220
293
3104
7082
9444
9739
1910
2293
10073
15
870
9016
1786
5921
7734
2301
2920
9309
3744
554
312
175
7972
1241
3809
859
5475
2238
2747
6517
10268
6830
5181
620
9814
9246
8390
657
7296
8625
3377
8874
7424
5605
7254
4374
3955
4061
6783
8351
1011
1766
2210
1993
879
9104
276
6221
7062
9446
752
2001
3220
517
5325
6745
1335
1938
8795
941
8272
2642
10298
2515
2040
4081
8946
6763
1100
6996
1053
369
8313
5161
4452
1525
9816
7375
6954
4255
6818
4609
10290
7416
1020
5030
1605
10026
6552
4118
9175
1168
3662
2911
6293
5910
6681
3513
9853
4882
9024
3787
6301
4948
4749
1921
5786
3300
3253
6238
5405
1475
2784
10387
6040
10024
10260
8140
3041
4417
4130
1188
9733
3682
8705
5018
7504
5525
5993
717
3211
3767
6210
5766
2764
3590
6001
2221
5248
3000
6661
2953
7109
5938
621
420
10384
3551
4862
7574
3428
7815
4092
47
2014
6319
8378
4480
8911
8126
6026
9478
8784
4027
9300
9253
6873
9572
3024
7748
7949
283
3738
1304
4286
780
5542
898
9690
5615
6287
3801
2244
833
4823
397
3175
1876
3966
9589
6707
916
5967
3793
1755
8764
6729
6802
1339
2399
9211
10309
4469
5192
10399
2332
3623
150
10207
2106
9000
8953
10051
1137
4460
5127
1046
6419
8249
4532
1004
368
4599
769
10352
3986
9041
7091
5987
9660
1944
7177
9455
760
1216
4266
9559
3710
6267
2705
7103
7050
8370
4488
4663
8856
7276
3164
8066
4356
3322
10049
6166
3420
1117
6357
4167
8359
4049
4394
9308
5087
6709
491
8894
3397
9231
2312
6844
2455
890
788
7927
1236
9561
2539
5226
3730
2273
7740
3883
444
4645
4512
5495
7992
851
9383
8379
6976
5067
3845
4683
4468
7835
3184
9008
5149
6186
9345
8086
2034
4187
7395
8931
813
3863
6457
8227
9591
4926
9363
936
1973
7058
8292
8775
3718
43
768
5635
5038
1028
6589
8539
10356
1169
7654
1464
3671
5101
8455
498
7696
3383
1160
4437
9718
4110
5093
7585
246
6777
5854
81
4792
96
9322
9164
7129
5918
7202
2856
2155
3822
737
7347
4727
3231
9397
6230
2894
4940
3308
5896
9725
3897
4201
6821
526
3363
1180
1639
4138
8148
10345
699
4622
7565
6048
345
4193
1484
2775
5447
7436
4697
5010
3446
6672
3598
6218
4871
2931
588
5930
3345
5240
3008
3533
9184
7726
7543
5134
2394
2049
1124
8812
7035
2633
6886
9688
5658
2410
4312
1362
5411
530
180
2356
2167
2698
1420
1883
7858
7914
9068
989
1075
4594
4556
7781
7353
7400
5579
8306
1730
9761
5007
4273
8467
162
10162
9120
3037
9635
1845
3146
905
4034
8044
2187
2493
6144
2438
5453
5500
10169
9979
9503
551
6866
1382
2501
5559
7761
1718
7311
8214
1289
8487
1863
2728
5570
2571
8006
9088
9791
638
5307
7557
3973
10192
2110
3068
9518
6485
9905
9412
6343
3120
2467
6121
653
8021
7489
6072
1671
8172
3464
5773
612
8410
4981
10288
9842
10100
8633
2812
7807
1897
9525
8698
5261
6648
4839
1822
6365
4714
4155
5333
2193
9910
2487
6536
1323
3484
1446
7629
2201
7702
6465
3088
3639
8571
1141
2138
5398
8728
10325
8493
4806
9941
5281
6443
1533
7196
9146
6385
10235
9037
1598
7154
8501
5055
4961
5829
8438
5902
362
694
3376
3605
7609
234
10116
3060
2118
6374
6061
5955
484
7222
1662
8161
7452
5313
6516
261
10223
3069
9247
216
2995
656
3128
7297
8582
5272
1787
5744
8325
3921
5809
8418
3475
2523
2746
8651
9939
627
1513
6640
8690
9017
598
5351
4424
6922
8562
6255
6604
172
8720
2130
5390
315
3295
3080
10114
9533
8947
6997
8181
1682
6081
4972
4221
9648
6474
1551
4734
724
1767
8430
8613
2832
2899
1590
6963
8746
2651
8523
5703
5650
2027
2418
6796
7677
10171
9981
9772
5206
3017
7283
4441
1428
329
2690
2092
5691
4014
1371
1064
6754
135
9927
5877
3876
9060
9494
9789
1966
436
7903
7850
1793
9376
2582
9128
6945
741
8995
7331
3247
1738
414
9623
9069
9466
8234
2286
4244
952
7891
7408
1801
8207
7263
1623
6107
9882
4106
4676
1084
10248
6173
8073
5114
6983
3755
8899
5508
8832
2613
7015
8342
2430
4332
5431
4399
2562
1710
6626
2266
9759
9464
7245
2947
9080
7772
9295
5721
7934
7519
1986
457
9496
2720
3944
1252
5578
2964
1877
9527
3967
6706
917
5793
5966
10211
3284
5738
10382
7599
8678
5801
4287
3615
7532
665
2753
6286
2800
5249
3542
8127
7460
9676
1703
6027
1650
3052
4026
10240
9907
9581
1691
8192
353
6092
7469
8819
5428
4319
7176
10032
3264
10237
1217
685
4267
8473
2711
7823
6266
5710
9208
2984
6614
9131
1578
3987
5986
7328
4949
4748
1721
8603
8550
5623
2107
2173
1136
5126
1047
5378
9674
7480
1508
8591
6541
1431
4815
7862
1095
3786
4574
1280
10354
969
1744
9640
5787
4301
8248
9052
10276
4238
1809
804
3910
9539
960
4293
2819
328
5513
9611
5662
4504
2061
2374
1955
1358
7002
6118
8018
6524
6929
8964
8753
8800
2678
7417
5140
9284
1269
10357
980
8405
4001
7749
7948
5551
3938
2550
2603
716
1260
7882
4210
3766
3993
494
10153
5767
5590
2591
10274
3525
8711
2473
89
2255
9637
7229
9264
7302
8030
441
6130
4040
4416
3131
2081
5682
78
8984
9933
3208
736
7346
4726
4230
4543
9396
1773
8240
227
9925
5897
1288
3896
8421
3854
7871
2365
7039
5822
2857
968
9089
342
3918
9354
8975
8010
9918
1350
1403
6110
7697
4436
3111
2659
2343
6776
4565
1391
5148
7622
2121
8731
2670
7209
8808
5671
2072
3930
2558
9541
7940
10280
10108
2385
7727
5533
988
547
5598
842
6855
7792
9275
4218
1902
1829
1268
4585
8093
9510
6193
2444
7437
5446
4696
3447
3153
3200
9609
6201
4654
8101
10365
4048
10386
2679
463
6138
8038
6909
3495
5883
8659
6634
9111
5292
2808
1579
8670
7926
1237
2731
5227
5730
203
5086
6049
6394
8149
825
1411
4835
674
3396
7683
1658
7468
3354
2975
3089
8857
7277
5420
8067
4357
6167
5379
2421
1116
6356
4166
5718
190
1559
8444
3635
4992
7512
7645
6494
7320
4740
8679
6456
1570
8226
5863
4927
937
10209
5
9153
9200
578
1204
5845
2144
9680
6187
8087
4186
5359
8558
3275
5066
6977
9579
5370
1500
7663
7488
1453
391
2465
7088
10197
5534
5919
115
7978
2299
9311
2232
861
6487
2536
3811
1239
6156
5179
1316
4366
8056
4157
6367
544
8866
4653
4700
4070
3154
7805
1895
3196
8094
1009
4059
8349
2443
6194
99
9400
9353
3900
3853
10167
9819
7120
881
6467
6219
1932
8278
1999
1774
7068
2485
939
758
4544
9599
5170
4079
2648
5057
4386
5159
9035
9700
6387
6812
2344
4458
8886
4611
224
1404
6501
4778
9154
4521
1548
398
2866
2165
6438
160
5864
6493
8443
9196
7037
10035
7146
3689
5005
7664
1454
8465
130
6571
1191
2321
6728
5348
1077
9431
8536
9830
2143
168
1496
3311
6310
1203
1150
3572
6698
4889
8648
3719
9750
57
426
907
2886
10088
2185
6410
1847
5884
3035
10300
6633
9847
6338
5305
7555
10388
6401
3429
3502
319
7439
3353
3400
1636
7684
27
8485
673
9417
6393
9854
3581
6430
1540
313
6613
3015
23
2983
4770
7824
7675
8474
3263
4759
2025
6720
1616
5340
64
6947
3245
53
8997
6318
9736
1158
240
2626
2174
3652
5624
3409
5875
8604
6562
8922
2754
8640
3757
7017
3283
5756
4779
6690
9856
4852
3561
5794
6105
6418
8205
2796
6651
2963
9429
9734
8516
3408
520
3331
7247
10023
6582
9297
6330
2945
9222
1704
2997
9245
1912
7295
7080
3994
872
7959
2922
2604
3956
5957
9420
9821
7970
8279
3607
8626
5606
497
8983
4119
4708
9015
6832
4078
6899
4631
8392
9887
9601
3477
9263
5476
10048
1785
2474
8327
8945
791
5514
7128
3297
7069
9331
2212
3908
6995
8259
4294
7841
9408
2516
3831
4256
3222
750
803
7060
9922
6257
7979
8270
1743
1526
7376
4573
2042
5641
9283
4491
2640
1029
5019
1765
1102
5178
292
8754
1336
468
6523
5326
8963
6746
8796
4450
4503
2373
9777
6591
8541
1171
5032
5099
3669
1022
623
6603
6550
1476
5406
4423
10001
1097
3660
5785
7415
7208
256
5912
8614
3828
4798
7131
4880
9328
1957
3229
10232
4733
3302
9176
723
10037
282
1606
6473
4132
4199
8142
4628
1641
6819
6042
3680
5314
5765
701
6373
9415
9902
10040
693
8407
6212
1514
4869
10313
3592
6678
355
3002
72
2929
2257
2524
9522
9845
237
9428
4860
487
3527
8706
5526
10011
5743
667
4090
4285
3328
3617
5616
4482
2614
454
5113
6984
9813
915
6174
8074
8361
3965
4051
1083
2318
6711
9302
1875
3176
9632
7264
1624
9229
3943
10195
7933
2541
9443
10074
782
5540
7816
849
6025
8125
4518
7998
6800
8381
6753
3985
417
4013
1063
2330
5190
7284
4265
687
1215
2706
5704
5151
4462
6964
8929
8524
9002
4817
4243
4530
10165
8233
143
1756
7904
1794
1045
7052
469
8298
3712
2105
10076
762
5225
1235
5454
8372
2456
6321
3422
3320
8909
4098
8043
6143
2494
4033
147
2310
4646
9885
3497
5496
10340
6165
4355
3974
7951
8065
5548
465
892
8855
7742
2977
3732
1864
3799
7275
7990
9758
4837
4510
827
10080
8213
10308
935
4925
1341
6731
5198
2338
6808
2401
9209
50
4471
9838
3637
9775
7647
5636
2634
5133
2393
8776
1123
4274
6421
511
8251
4601
3277
9039
771
4538
7354
6975
7089
9346
8085
8290
6185
7913
7396
4593
3846
1884
7836
270
5847
2367
8977
2855
2156
399
5895
4112
1162
9708
3668
3483
2194
6558
5334
1324
9320
2909
4790
4888
8456
6679
3820
4567
7153
7200
10009
306
6232
6299
1919
4751
1534
7586
7695
6444
8494
4942
6857
1182
3039
9483
9999
3463
9277
3688
4620
6344
2387
7725
5012
381
3346
3209
4713
318
7566
6670
7435
5999
2776
5932
8634
3445
2219
6659
4868
4587
7111
3549
205
5774
5242
8810
1076
35
2649
8537
2033
1497
3183
1360
4310
2412
4684
4439
5689
1422
10358
1369
4555
2098
8305
10147
9558
6885
9197
9452
7036
7147
1974
2355
10320
7329
9364
9071
739
7402
958
2867
9122
2588
814
1799
7889
3864
1732
1637
9575
6843
8893
447
10130
4393
8348
4338
8901
3163
1380
8005
5429
4401
4664
8838
5502
906
9950
2887
9384
363
3145
1846
2568
3884
6865
10391
2274
5572
1258
5719
7521
7778
2112
7611
1668
7458
1483
3197
7228
626
8159
6059
4194
6157
1317
4367
8057
4156
8588
6366
3122
8867
3071
3364
8170
6070
7544
8412
3919
3534
9183
5278
5811
2537
8649
6486
2810
10119
9867
1820
7195
4387
8568
6386
6928
5349
5094
9145
3384
4805
8887
7700
1463
7653
1688
6079
5056
10331
8179
4219
1445
4978
6535
2893
1549
2838
9163
9897
2901
5853
5900
6466
3476
2745
5477
7450
7503
1660
7220
86
91
8326
3062
6078
8178
8019
6119
8580
1669
7491
2818
295
7573
3957
4979
5270
5956
3606
3375
8627
2954
5607
2996
4841
1828
5259
2763
6515
8692
5994
6642
1337
5327
6747
8797
8560
6920
9977
10187
2199
7631
5392
2132
8722
3641
8569
9673
1680
7708
1139
3082
9722
4257
4970
10121
5279
6256
2783
1527
3254
7377
9023
196
8499
5908
3296
8432
4959
3514
1592
5831
2517
6294
2830
2051
1965
5652
9936
8954
9375
4318
2627
1368
3624
5409
3875
8818
10098
1617
2285
2090
2692
6946
8763
8996
9062
62
7104
5205
991
8745
7852
10156
6795
5581
7779
1943
2580
950
1003
221
6874
394
2265
6625
3023
173
9254
8783
8830
8517
10068
1985
1388
9934
2013
7246
4330
2432
9296
2499
8340
7759
5561
3794
7309
541
2560
565
1291
2797
4675
4105
834
4824
1712
2243
7770
9082
10273
2569
3756
1250
1303
2722
5757
7016
10154
5298
8661
9651
9109
4025
4904
1581
5943
384
5233
3540
2729
1223
2802
9865
7530
7817
3103
9536
6705
3050
1652
8151
7462
4174
5965
6051
1409
3177
3091
666
10060
10224
3616
6090
5617
8190
6285
5381
2419
4998
2873
105
7518
7024
5125
1561
1135
5712
4816
6243
8681
923
4933
1757
9895
10226
686
2707
6265
8552
7175
5361
5074
3704
6013
10090
10113
9534
8113
5985
7482
1956
9177
9493
1282
7860
10145
1607
9103
9050
8419
5828
962
3912
7869
7041
1994
9624
9091
1477
514
568
9801
5407
352
3109
10202
10251
3785
7000
1096
6953
2661
5660
1054
2119
8314
1389
8802
8729
186
6764
2078
536
7628
5142
7211
5669
9463
2256
609
982
2552
3526
3743
8707
9626
5527
7733
7880
1908
7798
4212
1262
2294
1831
5592
4415
848
4373
6784
7423
7300
7253
9577
557
8406
8873
74
4042
6132
8099
6199
8032
3765
2681
285
715
6911
5680
971
8242
9058
430
4232
6775
4299
7587
7868
1811
4435
8457
2821
7363
4566
5820
7713
5668
5483
9506
3895
6112
7008
1352
8012
7345
2059
4725
735
6931
9395
202
2366
7620
8976
2157
2070
2672
5445
2777
7942
1271
3999
4695
3932
7383
7751
5549
4586
3774
451
840
7567
7790
7888
1853
1900
2589
8334
2386
4344
8709
7308
6894
8844
3347
7231
628
9504
6856
9799
5463
5688
3129
3202
9276
10249
2079
3395
4836
826
9958
7184
7593
4913
5290
343
5085
8672
7538
10360
4165
6355
5974
1115
3548
5732
5799
7601
2976
5251
6033
267
8133
4143
4647
3496
3058
10138
5497
3454
7471
1689
210
8821
2457
8198
6098
7925
4321
5422
9347
9550
2844
4185
7397
5213
2709
3847
7510
4990
5846
7837
1572
6274
9649
4742
7322
9202
3276
9129
7164
1719
5065
4951
3636
10185
7646
9975
5637
5043
8777
462
8589
6539
1502
5372
1429
8225
6455
10072
5560
1873
836
2561
4826
10277
1290
1085
3796
3963
913
5797
3754
7771
5569
5115
7528
7014
2757
1251
4283
5722
507
8123
1707
10089
6023
6876
584
138
9256
8831
7244
9634
4408
9294
5432
8908
4331
5499
7935
8341
3945
87
9551
7827
990
7106
1213
4263
8477
7332
7399
5580
742
2581
7892
1802
951
1065
1729
9078
4015
9119
3983
6755
5627
9636
2050
2103
3626
10059
8607
2652
2409
1043
8956
302
2177
5692
6944
2091
4442
8994
8235
1372
4245
1419
3256
5783
4222
4971
523
4425
1552
9526
6605
6254
4297
6296
2908
5517
3294
5830
3516
10234
2831
5352
6475
9906
9677
8561
6921
725
4735
7630
3640
8757
6082
8182
1681
10183
9973
7413
3922
3604
695
2956
5818
8409
5271
8652
2607
10236
6375
5954
3997
243
5763
5996
4840
2994
9524
5745
2477
8324
2109
8162
7451
1661
3474
7221
6062
310
7618
3119
3078
9904
471
8581
7490
5282
1777
10128
388
9893
4547
3485
5893
4962
10383
8502
5838
8429
6464
2900
2853
1589
5901
3386
9800
1407
7693
10115
112
6384
2347
10250
5096
8719
7155
2202
7701
5054
5389
2129
3079
3648
10361
7638
1142
8572
4982
9863
6484
7723
7546
5537
5810
3536
2811
5262
377
3465
6639
4848
1821
8689
8097
7610
6197
4196
3059
41
3443
509
7433
8022
3366
6122
3157
7498
3070
4154
8171
1672
6364
4715
6071
1844
7312
9650
5887
401
7762
3886
1298
1709
4035
904
6145
9386
5568
8045
2572
9549
9079
9465
619
7520
2276
1233
2719
5223
185
8215
535
7687
7273
10061
4666
8853
8900
34
2429
2502
1381
8063
83
4353
4400
6163
1125
2395
5135
7034
9059
998
7849
10143
5867
816
379
9070
7782
3866
1976
9495
9157
9366
5588
4923
933
8811
5649
4686
5412
4595
1361
1074
286
4311
7915
6183
2058
8083
2689
6973
10091
7667
1457
252
5368
9675
8549
2637
3634
8445
6495
389
7644
7479
2163
10129
1205
1887
5844
1568
2145
2846
5709
7511
4991
3274
9949
7166
296
7357
4277
8688
8463
6276
4950
5003
1649
7459
3494
3033
6635
6058
8158
2183
2497
1412
5388
7470
8820
3456
2422
5457
4320
3098
9658
7186
6395
508
4834
675
8668
8483
824
5291
8
9112
10330
2974
3355
1867
7553
7600
3977
1588
2732
5976
2799
195
5303
5250
6896
8846
8336
6347
2384
121
4346
7230
8102
6129
8029
6918
6202
4039
2688
2463
6854
10321
273
9274
3776
4584
1270
979
2445
5777
7803
1893
7750
8637
10275
2549
151
4209
841
1838
1259
4655
604
1901
7791
5589
3112
9808
5337
2197
2483
2668
1327
6930
10258
7218
8799
8732
7621
2122
1392
3855
2364
2071
5672
378
9355
8974
10390
5139
970
1279
321
10120
6447
8497
9033
1810
1537
9098
959
3909
7872
4564
8422
7048
2820
5821
7238
8712
8404
7301
6786
422
3132
3199
5317
2680
9573
7293
6910
5681
9243
2082
4002
3929
3524
1783
7939
7758
9926
2527
2254
5552
1278
9265
2296
9467
7881
2592
9013
1830
1517
8985
1349
6109
6938
8009
4575
1094
1745
7001
75
2660
805
2062
5661
1056
6993
8316
2669
7210
6766
8943
4229
1818
4302
8239
7861
1954
2375
4505
9051
8965
6525
978
9497
1996
1763
2828
7040
9924
8617
9285
9090
2023
5707
3265
10117
6967
3706
5076
8527
684
5360
7673
644
2985
6542
7287
3013
6615
8592
5369
10318
1499
1432
5873
1560
7907
1797
7026
2712
9852
3243
7319
4739
4958
1569
8680
1722
4814
9199
9132
3051
2965
8203
8150
7267
6103
6050
1627
6177
8077
10131
4176
9732
3090
2617
4328
3285
6091
616
6987
8191
1692
664
8828
5419
3614
5380
7478
9951
8660
4906
2943
5258
1580
8669
7608
3541
104
7531
5729
5802
5640
4490
594
2641
8756
9773
10204
4082
10039
6809
9105
4618
5162
4451
1334
5324
6744
8794
888
790
4296
49
2514
9330
6297
575
5516
7840
3517
3830
9622
3257
1524
1929
466
2002
751
7374
6955
7061
3783
6222
942
8271
4254
18
4413
404
9883
5182
4630
7735
2476
3745
10206
1012
5474
8352
4062
3996
713
5997
7081
3763
8875
3818
2302
868
2957
8624
2229
5922
5604
7255
7425
2606
7971
1242
4375
9318
3954
1225
5235
6408
7442
3330
8514
5945
3432
3499
6331
4023
1706
10027
6877
65
9257
10222
9485
305
5754
3569
4892
6283
8641
2756
3722
6691
10081
2794
837
3560
4827
5963
218
3797
6650
6703
3105
5796
6721
5341
2328
1198
3692
6578
4935
925
1614
6245
5626
3318
3627
8606
9438
1133
5123
8957
2624
9532
2176
2875
538
3580
6431
5983
4528
1541
8115
206
6508
6015
4771
7173
7826
6263
7107
8476
3338
4667
1113
6579
6400
6353
9413
4163
3401
5083
4915
7595
1634
9219
7686
3393
7923
4782
2277
337
9843
4849
5886
255
6658
3887
474
6411
4145
32
3568
8135
2884
6035
9387
449
5063
7666
6570
1456
1190
2320
1494
613
3649
4687
5215
4183
8919
3310
8534
6559
3412
6311
1151
6453
6500
8223
10079
5866
817
4520
532
3867
3588
1977
182
9156
9367
2864
9194
5045
7144
4762
356
7715
5171
2039
7365
360
4498
1032
5648
5022
10341
1099
3387
10000
4433
8884
1406
4384
56
6773
2346
4610
5097
7072
3838
9401
2209
7848
3901
114
9338
7121
8262
880
798
9393
1776
733
4723
7343
3219
4546
10163
3893
26
7982
5485
8864
6829
3367
6902
4638
3156
1855
4122
6154
8389
1314
4071
4701
4364
8054
8096
6196
9815
4197
9608
7385
4693
9502
10041
3194
5443
1909
635
869
10353
5465
7962
9445
2534
9310
2919
10193
10010
7547
5536
860
9828
3537
3810
8282
6209
6671
4872
7564
3589
3777
2999
5776
2932
10018
1485
2774
7110
8636
9820
9421
8139
708
6039
9699
6822
4129
4202
4621
1648
10025
6897
8847
9487
3344
9600
9185
6346
8337
4347
10375
9321
7138
4791
5909
448
3821
1465
7655
7201
8454
6446
8496
3232
4750
4803
213
3299
9143
146
1536
7193
7584
5855
8548
1178
9165
5029
5102
3672
1019
6598
2154
340
10008
2895
5336
2196
6533
1326
1443
6420
8250
8303
7167
4553
4600
9454
7356
9749
4276
770
6277
10299
8291
3844
3185
1886
7834
2035
9344
3709
759
2847
7049
7394
1340
6730
8388
2353
2400
4470
2636
192
5158
8774
8932
8999
6883
5634
4459
7950
8003
3165
1866
2548
779
3976
5977
852
7991
7187
4395
4511
9456
8895
6845
2454
433
9829
3457
6320
5456
3321
4479
6863
4644
5494
3143
9299
6718
2311
9232
2496
8368
4058
1754
4531
778
8765
4608
7092
9042
6428
8258
2283
3873
1796
7906
9373
7027
1963
8380
2408
6801
324
4478
7286
1005
2331
6738
5191
9212
1348
1945
100
5706
6793
9831
8743
6966
3707
5077
8526
9430
5203
5150
2704
889
7814
2015
3729
2540
3802
7958
1983
7739
5541
10152
8785
9751
4907
9447
6623
10301
3025
2263
4091
8369
558
2616
1305
6986
6328
8912
2245
3419
5614
8360
4673
4050
4103
3174
7266
1626
6710
102
6176
8076
9932
9817
4177
2297
3212
1516
6662
2222
8704
6002
7118
5524
5929
7505
4861
3552
5239
2526
2743
9726
3042
1640
5316
1179
6513
2765
3681
700
219
3373
5009
7575
6787
6682
1997
425
129
10033
2912
7130
4881
8616
9724
9419
1604
1922
6229
6302
4939
4758
9174
6590
8540
1170
159
1057
539
8317
6767
6551
9701
9025
4109
1159
2785
1474
5404
3661
4031
3140
8041
6141
4108
4678
6869
9249
415
2504
10045
5506
6860
6323
9811
3507
9410
8211
902
4819
2268
6628
829
3789
7764
1842
7314
1385
5576
8000
3577
7953
1988
9757
9441
10102
9840
10334
10307
2574
5208
5414
1072
3619
2391
6880
6798
5131
1121
2416
8949
8748
1343
6733
361
9912
9837
4473
2350
2403
1426
9378
4315
7911
209
4591
1365
1968
7099
8815
3878
7032
7406
4603
4550
637
8300
2288
8253
6423
7784
1736
9126
10337
773
6530
3481
6382
6817
9479
10003
39
9784
1440
8574
1144
9707
10394
5905
2204
5052
9876
3249
1937
4753
4800
80
235
485
7190
9140
5284
10160
6289
6462
7151
6
8504
357
3509
7705
4964
2116
2815
9874
3378
6362
3126
10397
1825
4152
3461
1674
658
9786
429
6124
8024
6518
2237
2949
2748
8416
336
6482
10013
10190
4984
7113
552
314
6075
4711
8175
5989
5264
4421
3379
1448
6601
5089
5354
6538
4975
8726
1173
8543
6593
8184
2835
2136
5396
2047
6084
3086
1107
9770
8565
6925
9148
6252
7198
9996
3227
1554
4731
721
6471
4224
4808
207
1685
10038
2217
9964
3292
8436
7133
1596
3370
4189
6371
6064
8164
3472
3066
691
8322
5275
6510
1643
3359
6837
9481
9880
703
8397
5952
1665
7455
7225
2927
9966
8654
5741
7539
3602
2740
3924
3529
8585
1917
9994
2992
10085
6646
586
8696
9427
877
1081
6713
223
4100
4053
4670
8363
9227
3148
2565
1255
6868
4659
5434
5111
6587
2436
9292
7775
7242
42
4857
3879
2260
6620
1716
9379
4335
5724
7931
8345
9086
3941
1980
8008
2269
9746
8835
7012
2543
2726
3752
262
577
3657
8740
4679
5656
6888
6790
6567
2654
8927
9809
5153
5200
4011
2696
1374
955
1061
6751
8383
2358
4444
8992
2585
5694
6942
111
543
3870
9066
9439
1960
9744
7856
9370
467
8231
3859
1804
7894
4241
809
2095
8308
2280
1969
744
9359
7334
4558
7170
2714
2839
767
3717
3261
7057
5716
6260
7159
9134
3583
1724
4812
9642
8228
6458
2981
6611
5980
6269
8556
4188
9433
682
9007
10019
4467
1130
5120
7486
1434
9705
5068
8594
6544
3563
7179
3055
6700
6653
2961
5960
5804
442
7928
3281
152
787
5969
8195
6280
2806
6095
1656
7466
3398
4020
5088
9307
4168
6358
1118
3545
3612
662
7535
1694
122
3449
4487
3333
986
3769
7305
9596
5554
614
2252
3007
3522
4004
2556
1266
710
3760
4216
9564
2594
6217
10305
5685
5596
3597
9755
6889
4698
10402
5448
9261
8839
10339
8329
8402
8714
4339
2084
8036
6047
6136
8147
8981
4410
4046
9888
4137
4633
10242
3134
10047
7885
3898
3780
7005
9566
1286
3307
5665
1952
109
801
4571
9398
4304
7348
1741
4728
738
9333
10030
9594
3916
966
5917
793
646
3833
7843
2064
6778
2371
4501
9055
8961
6521
4438
7865
1092
4493
8806
9281
5643
136
5146
1027
9835
5037
9778
9313
3936
5937
7946
9823
5247
863
3813
10198
4582
2289
3768
718
9603
2382
5440
4690
2441
6779
5017
9272
10056
3206
7795
1905
6852
1187
4418
845
6204
8104
4651
730
4236
7340
4720
9390
8246
6237
4947
3788
3890
10168
1989
2075
9351
8424
883
7874
3851
4562
7625
8016
6116
10054
1356
4430
1167
4117
4613
208
6770
3114
8972
495
5674
453
5825
2362
2676
1394
8309
2124
9682
1049
6759
8734
8441
6268
6491
7019
5842
7178
7326
4746
5988
4523
8220
6450
6503
1576
9206
3272
2141
7642
5128
1138
4995
3632
10315
7515
5069
3699
1201
4180
3313
341
5060
1193
2323
6573
1506
5376
9114
5968
4899
822
6708
4832
6631
2734
10087
6288
9425
10282
593
897
7920
8676
9848
3737
2972
7747
5736
428
606
1414
671
5080
5295
4028
3390
3492
4169
6391
8377
9512
2424
3351
10021
5426
6403
6350
3427
1110
4160
9418
4289
8264
5175
7711
5509
2823
7361
7074
1768
9491
1936
9890
7984
973
1813
9030
5024
3905
1034
6998
8749
8948
7125
287
9405
10174
2480
9803
6816
9984
5481
4382
393
6933
174
10253
10095
8882
555
9018
4705
4075
7964
3989
1851
2236
8284
9860
9461
8417
1273
10332
2599
400
2532
643
7800
7753
7381
1890
1788
9986
7298
3127
10176
2460
4362
8052
6152
9248
482
5461
1312
4124
232
6904
8862
3192
2469
2117
7233
10065
5577
9957
3576
4784
3405
148
5253
5300
2749
2948
7550
7603
2882
9653
376
119
5789
7591
8480
4911
8823
7473
4323
5507
10137
269
3506
3030
4141
1699
6031
8131
1632
6108
6415
8208
2180
7407
2862
10140
95
4953
5000
1737
3248
8460
9127
6315
4764
1155
7142
7819
412
8469
5211
5878
9192
10111
630
9712
2160
1427
3018
3414
5619
8532
8599
7678
10392
2417
2028
5041
2169
1492
5941
7558
1583
6335
9087
5308
2940
3724
4894
5752
2727
9946
5231
1221
8488
8663
5879
4856
1717
2792
44
3434
8645
8512
6695
3093
7444
6586
2437
570
5383
470
311
2188
8200
8153
6100
6053
10109
3101
7679
10336
9226
3038
5859
8468
8683
6241
5008
3240
9149
6725
5345
921
4931
5870
596
1563
2871
9067
7857
9944
1545
3010
2697
2168
6011
603
4775
8111
1612
7659
1449
3694
6435
3656
265
2622
5657
2020
6566
7670
8926
5363
2216
9764
1760
9459
8437
9093
2512
7043
2645
9555
1597
9038
9796
364
1769
10396
4539
3226
944
4252
6224
9101
7372
4455
2004
1522
8727
4084
5397
2137
2046
10180
8940
9970
3087
7213
6990
1106
8792
8275
10319
518
6742
1399
5322
1332
10400
5164
755
7065
6951
2663
2488
2339
9489
9794
1916
1833
6647
31
8697
9010
876
9766
7808
1780
1898
1244
3952
2926
5602
7731
5924
5529
8622
3741
2304
506
6836
9472
3149
9240
6913
5184
8396
9578
2683
7085
2468
238
7290
8354
7975
6189
4371
4064
1014
5472
8089
3067
8871
7251
7421
10135
8037
6046
8146
6137
4047
4136
9570
3044
7493
3448
10404
4865
10359
7438
9669
6339
7501
4843
1267
2761
3685
4217
5760
6216
5597
9955
3214
3596
987
7728
5769
7571
3006
3554
5522
6004
8702
6664
9692
8629
2557
2224
4885
8807
3643
7633
10188
7410
9978
5147
1026
5036
1472
1319
5402
5329
2189
7698
3917
967
2858
5916
2914
6684
5833
2781
6439
3665
1287
3306
9172
5898
5780
344
8489
6304
6555
9021
10378
9662
1924
1529
1602
7487
648
9214
6978
4535
8761
8557
2629
10292
2702
445
2053
8088
2100
10097
6188
9006
4466
1040
9044
2335
5195
938
7094
7349
5583
4928
1941
6805
9546
3980
4269
1752
1001
562
1879
10269
1210
766
3716
4260
519
7056
5717
993
5612
2011
6168
4358
8914
5545
8068
7278
8858
4486
5449
8120
1657
7467
6020
10262
10067
3021
163
2489
154
9306
3172
8781
5228
2241
3804
239
1238
1859
16
4280
7812
3969
4095
786
2807
1301
571
5563
1870
9544
3960
124
910
1293
6970
7279
1507
5377
1048
5632
2031
5699
8934
8519
6959
8772
8295
6180
8080
9614
2108
3181
9073
4747
7327
9557
10148
3988
1577
4920
167
930
9207
7392
4268
1218
9342
320
7832
7899
1789
3842
631
2609
8376
8903
8850
7270
6979
4403
4350
8060
9616
5427
6160
58
3426
3161
2452
8891
1619
9234
7259
6841
5492
8069
4515
7995
6169
513
4391
6028
4642
8128
896
8677
10271
4288
3325
1230
5220
3736
7746
5737
7523
28
70
2315
918
3968
1878
854
3207
1186
5309
4204
6824
3073
6675
101
1481
9584
7613
3342
7430
3440
5016
4625
4874
7562
268
5768
1509
3937
9868
9181
10214
7947
5936
2772
2934
2519
5246
7720
5813
492
3674
5104
7651
2152
1461
3825
7418
9586
7205
9671
9325
2677
4795
8017
6117
7690
1357
1166
4116
9161
383
8452
10216
5851
2850
2903
8609
7582
297
9898
4237
10123
8247
6236
583
5890
5788
4946
3234
2891
8049
4359
5186
1309
6149
8394
5683
9241
5468
6834
8859
7291
4370
3189
10244
2472
8356
4066
1016
8870
7250
7303
7420
69
6067
8167
1858
7883
3992
874
4635
1914
9011
5926
1781
7388
9468
3927
2306
7730
2602
1246
2529
8657
540
2924
3740
9562
8752
7845
589
3835
1104
10246
8941
795
4086
8187
6991
2044
9670
6087
9335
5166
4379
5357
8879
5488
5663
9569
6950
7003
7368
1761
7718
4292
220
2214
5645
4495
5512
6226
7863
4227
2006
9498
9053
9100
3224
1557
9592
567
946
4447
3011
3696
10118
6010
5697
8110
1377
3585
6564
8529
8924
2657
8602
5048
2021
5622
2172
7671
3654
1489
6240
2859
747
3241
7337
45
197
920
7897
1807
4930
10125
5871
5218
2870
8472
9189
9644
7139
7822
6093
6584
8193
3436
5437
7446
8201
1702
6101
9224
1629
3100
6655
3053
8138
6038
10385
4148
3565
10366
10270
4896
3335
5940
2941
7533
9646
5727
3543
3726
5230
2752
1220
4918
7598
2879
5792
4854
1609
8118
6505
9516
6018
1452
7662
2161
4525
2619
3416
5040
5417
7787
6575
4938
928
2325
5862
1195
5001
244
10286
9152
6248
8461
10347
3315
7513
2878
4993
4766
5210
8509
3504
2507
3031
4140
6030
358
8130
10133
9514
3108
7682
2181
1228
6405
5238
2577
9657
5301
10344
3574
4786
7551
5749
5948
9953
524
7767
5882
7317
2789
10284
5293
7590
94
8481
4910
4126
3152
2461
6127
9686
6906
446
5460
8027
1677
9571
7258
7428
8878
3815
6192
865
8092
5469
9315
4378
5267
843
7966
1903
7793
1850
3949
3748
10362
7738
4987
8619
2234
8286
339
7801
5599
7380
1891
5532
7623
2207
9807
885
10257
5026
8577
1147
1036
2073
10052
6958
6739
1402
2481
5319
1329
5480
8789
9684
6814
2342
8507
7076
4967
5823
7710
8266
2509
7360
4542
4249
1772
9108
4615
5287
1934
1519
7986
9031
7369
9160
8427
7877
10127
9859
5850
5903
2851
9169
8492
4944
3236
10322
6442
9028
1532
1599
5891
2890
2788
6234
1397
7650
7703
1460
2127
8737
3676
5106
9782
5677
9971
10181
1322
5399
1469
5332
7691
2192
3117
4755
1164
4114
9889
4876
2768
1823
2936
5244
9180
5772
7578
8699
8632
2813
7721
5934
359
5519
13
4206
166
9872
266
6826
6207
8107
8173
6073
211
1184
7115
1480
7508
5014
7431
6342
3441
1308
3734
1862
6325
7744
71
1231
2737
2248
5221
3972
7809
894
10139
450
10104
856
9117
8851
5609
3424
7271
4351
7955
8374
8061
6161
5452
2018
2427
9916
1383
3160
8788
8890
338
6840
3028
1417
4390
9236
2492
3169
7352
1008
10106
2405
4475
4921
1749
1948
931
6735
4272
1345
1882
9553
431
775
8768
6971
6425
8255
4605
505
2030
2632
8813
2699
6181
8081
1363
3180
8936
9914
4313
10278
784
2240
7773
4281
5807
3806
1300
1253
2563
1871
8365
3961
4055
911
6715
6982
3168
1697
2010
2545
8833
2612
4484
10063
2449
8343
8916
556
4333
7262
8121
1622
6021
9304
332
4398
3020
6848
4639
8072
5489
8780
8898
6172
125
2583
10141
1940
9742
9137
9046
8385
3981
7096
953
1000
1727
5155
764
3714
9339
7389
7054
1211
10389
3839
2717
10407
4261
7829
1792
7902
10255
7282
8597
155
6547
10110
10093
2093
274
9805
1437
9216
8760
9004
3188
6962
8522
4464
5629
187
2101
5702
10326
537
2038
8769
1041
2916
8449
6686
375
5858
8612
2833
6595
8545
1175
5914
9168
2780
6306
2898
4973
7579
9891
5781
4307
1926
9490
9962
9020
3304
7135
17
2149
1024
5034
7411
9678
7658
1683
1468
2067
6923
8563
2760
3216
3594
705
7559
5761
1512
2597
9655
1645
6214
6006
2769
5273
9460
9861
4007
7570
6666
2226
9992
5557
2522
9188
3004
3556
5312
3046
3137
2087
6044
8144
8583
4134
10401
8717
10329
120
7223
9969
1488
7500
7453
3339
1663
10179
3871
7854
1961
2055
3
4598
7102
9371
9064
7029
7918
8230
746
4533
7336
4240
2281
7896
1806
995
8741
2656
3622
10355
1069
1128
6791
2398
5138
8952
10266
5654
5201
4446
4010
3697
1060
6750
6803
5696
308
5585
1376
2694
2333
5193
10294
899
4822
1714
832
2261
6621
1839
8218
3792
4897
9825
7930
9542
3940
2724
1981
5543
5726
9084
3727
9448
1080
496
1295
4671
4101
9252
6148
10346
5565
8048
579
10296
4038
6872
2434
4093
5110
3437
9818
9605
5436
10020
7447
10264
9666
5927
2952
3926
2307
10029
5740
1247
4863
9423
8656
2741
6479
7495
5992
9694
6644
8694
4718
3064
3371
6370
8357
690
4067
1017
6066
8166
6511
521
5187
6359
4149
3468
3683
4845
6227
9696
4226
4730
2007
720
3252
6470
1556
947
473
6292
9664
7158
1594
7635
3512
6459
3645
8434
4883
5167
4420
5356
6600
6379
6553
241
560
3663
3488
5835
3084
8724
4087
8186
5394
2134
5049
6086
5748
5949
4986
10342
7615
8287
3599
3532
8414
7542
6673
3075
427
2989
4710
5266
10212
7967
10017
4192
5815
3469
698
6378
2114
8319
4127
3460
9488
3362
6126
6907
8026
9582
3124
1676
4623
6478
4801
6249
5286
728
4738
7191
7987
9141
4793
3289
8506
61
4966
10031
9323
7077
7150
7203
8267
3823
6531
3480
9703
3382
5092
6608
4428
1441
2206
2905
10007
5027
1146
8576
9435
1037
7910
4590
8293
4767
7786
1734
4551
3862
812
8301
9124
7404
4248
10367
9362
8238
1972
4682
2414
9833
6881
2390
5130
110
1120
3417
5416
1424
9612
6939
403
6758
2351
8989
1068
4018
9075
7766
3882
8210
9753
7993
4513
7316
9382
10303
8001
2576
4405
10364
390
5574
3948
3749
8905
2272
624
4787
7009
7938
4030
3141
8040
6140
2313
1088
7525
5504
4662
7
5118
3323
7239
6861
92
2506
9289
380
670
5081
1416
3391
9237
6390
3609
7605
5424
659
5255
3350
3403
9716
6351
1111
2426
3452
4161
10083
6413
857
2968
7182
9116
6630
5734
7921
4325
3288
5972
2736
7475
502
8825
10327
8674
679
2140
9409
1200
1153
6313
9714
4181
8937
133
1504
5061
4955
5374
8440
3268
6490
9839
2842
6618
307
4809
8221
6451
7162
2988
9204
4744
7324
6272
1574
10324
4431
3116
1815
1089
8968
6528
8014
6114
1354
975
6771
2378
655
4508
1396
2674
2825
2126
8736
5173
9288
9771
3677
5107
10172
5676
9982
731
7341
3237
1748
1949
4721
9391
271
4578
6935
808
4234
3891
8244
8426
7876
9403
9350
7123
10189
510
632
3850
3903
7755
8842
6892
4342
1275
9268
5441
8332
4691
8399
2440
9881
9607
4207
9480
6827
6206
8106
323
3204
8988
4703
4073
4650
2249
2937
7235
3772
3934
3519
7944
599
10159
4877
9827
416
9879
2370
4453
4500
8960
6520
2066
7045
2643
2359
5144
9095
8969
9280
9476
6762
8804
434
8312
1052
6307
3781
7063
2665
4306
1927
753
800
4570
10161
1284
9762
8273
1740
2917
3858
561
7215
6687
1992
4559
9358
3914
964
309
2448
2379
649
9260
8716
9769
372
9474
6782
10043
4658
6849
8980
9269
4411
3047
1835
3136
2086
8034
6134
4044
6007
4006
6667
2554
2227
984
4579
10191
5556
9792
3557
7973
5594
572
711
3761
2685
7083
3217
6915
2292
1264
4214
2596
6398
4021
3489
1654
7464
4172
678
8665
10373
1696
3358
9411
9810
6333
10028
8917
1585
819
6638
4902
4829
2960
6701
6055
5961
8155
214
137
236
5385
10015
2804
2969
5806
3280
6693
3095
486
9841
8643
3807
6281
9440
3629
3702
5072
7639
1208
639
8554
1565
1131
2148
5121
79
9437
8596
6546
5343
6723
7484
1436
10005
8685
9217
88
7171
257
5365
5714
6498
40
2716
3260
5839
7022
8448
6261
6433
9942
335
9136
4773
9047
3269
2980
7097
1726
6610
5981
1543
2459
4043
349
8033
6133
9938
7497
3158
10064
4636
10220
2470
5471
4372
1245
5925
7422
7252
8872
10096
6198
2305
8098
10158
9547
3990
4847
1263
4213
5185
5593
7084
1015
10380
4065
3951
8355
7974
983
5538
3742
8621
2553
456
2600
7732
5601
7799
1889
9985
5646
10175
7637
4496
3647
8803
8750
5143
2644
10094
9530
1331
5321
6741
2348
2479
8791
945
1408
6952
9629
6225
2005
10066
4454
4085
796
4290
9336
3913
963
5510
7846
5837
2511
3836
437
4251
8274
1283
1521
4548
754
5165
9029
7064
7371
1778
9102
1611
8112
6012
7483
7668
1458
5344
6724
2159
475
5620
2057
8553
8600
254
2621
9899
2170
625
5587
9620
1544
6242
9158
4774
3586
4932
3695
4999
922
5868
6434
8459
2872
9519
7820
997
5713
8470
8511
3725
6334
4895
3336
260
3102
3029
7688
7463
1700
1653
217
2179
3435
8644
7445
5942
6694
5299
1222
2750
2803
5232
5751
7549
5567
3566
10229
1297
2791
6656
8479
5888
5790
10002
3009
304
7660
1503
6576
1450
5373
1196
2326
2178
8531
1154
4765
6314
2019
1491
8608
7669
3316
5042
5628
6506
1573
5860
9077
10231
7323
4743
3239
4526
2861
9203
9150
9945
8478
3415
5869
7828
145
9191
5212
7141
3404
4785
8907
6406
459
9587
9901
4407
5423
9500
6099
8132
1631
6032
8199
4142
1708
7680
8673
9521
2939
2758
5733
10012
7527
10217
5880
5798
2881
98
4912
7592
6414
1311
550
5462
6151
169
8051
7965
4074
4361
4704
3150
3203
8861
9239
9631
3077
7289
8090
8285
6190
7617
199
3191
2478
1852
4125
9009
9556
6905
3998
9795
7943
1779
9316
2608
3933
5530
5817
7382
2531
866
10103
3816
8265
566
9617
181
8939
8758
5174
7075
531
2673
6989
7985
4381
5482
9913
8013
6113
1353
1400
8881
4616
2340
3904
1035
1759
5025
405
7124
5518
7362
2907
9404
7712
4298
886
9765
1770
8243
4540
4233
9554
3824
8618
3675
5105
7204
9162
8451
2827
9956
9324
4794
5852
977
651
6440
8490
5779
7581
4756
2892
191
1817
1530
592
10136
7652
1462
2151
7409
5330
2190
1320
3235
117
6937
1518
458
7561
5759
4205
6674
6825
2771
8413
1277
10283
5770
9182
2528
7757
7116
9954
8630
4875
4624
20
424
3123
5318
2113
10134
9513
1482
2935
6340
7237
3341
7956
1860
5573
325
9545
4279
7607
3970
5257
9822
546
1869
9235
909
7994
4514
3959
198
7477
3324
9602
8827
6326
6988
3162
2451
4327
2618
5450
5503
9508
6019
2314
6842
8119
8078
8892
6178
1628
4641
7268
2490
4392
855
5491
8256
9921
6426
7350
7403
4606
3979
4270
9123
226
776
4957
1733
9341
8935
7391
7908
1880
1798
4259
1209
3841
8294
7831
25
1346
6736
10177
1423
9987
7288
4476
2406
2630
2032
5631
2099
8528
3182
6968
9683
1039
55
2413
5708
8771
9083
2242
5544
8915
1587
3978
5219
2546
1302
2723
1229
1868
348
7811
9919
8667
9797
1713
8849
3097
2610
5458
2012
5611
3805
6980
7269
6159
4094
4349
440
8059
2433
5387
3022
4056
8366
2498
8157
6716
6057
1620
7260
6170
8782
8070
3171
10243
1942
9628
9215
8687
4278
929
1002
7358
4919
1751
4534
9063
10333
82
1567
9767
7900
1888
7853
1790
5194
2334
9045
8386
6969
7280
2693
7095
6804
9615
8762
5700
5653
8520
2701
6960
8079
6179
5156
2638
5367
8433
4884
9947
7047
7136
1593
8610
9097
2849
9643
1538
9171
2782
5889
1601
8498
6448
9022
6596
2133
5393
9432
8723
1176
8546
333
2915
9538
7217
3083
6685
7689
5401
3664
1471
1328
2667
6305
6554
5338
2198
1925
10150
113
2762
10215
8693
1837
3045
6643
1510
4864
7572
8638
8701
5778
2520
5521
7719
3684
5310
1646
9585
9930
3215
2687
10228
6917
706
3555
6348
10348
7429
6005
7502
10393
3439
2225
66
6665
3063
184
9597
7100
996
7053
2655
763
3713
534
4242
1375
954
9368
5586
277
4549
8232
516
3587
8299
1978
3868
4445
818
5695
2584
2056
3620
4463
4688
6879
8950
9003
76
6752
7895
10046
10
1062
1805
4012
6941
2349
2094
7335
745
8991
288
9388
5566
3567
830
4820
1296
3790
3888
9567
2564
6657
3942
1254
7999
2278
5435
7932
7774
3751
472
7011
783
9473
3139
10199
10044
1082
6870
107
9250
9303
171
5725
4334
8344
6859
8834
4668
4483
3337
7241
9291
5112
3538
2950
3003
8165
5951
7548
6065
3601
5742
5274
2991
279
602
10070
6213
4846
5990
3593
7224
652
3471
7454
1664
6372
8655
4198
8321
3925
692
386
8584
4133
6043
8143
7496
4637
9875
9738
3368
3303
3250
4799
722
4732
6251
301
7189
161
6472
5355
4974
10350
9139
5913
797
3291
9337
6085
2834
6290
8185
7847
5836
3510
629
3837
9858
6602
5098
6924
6529
8564
4422
10328
1555
3388
1439
4225
7636
5647
1684
4497
9785
3646
1023
5033
5933
9995
9317
2814
7540
5816
10084
3530
6481
2739
2958
5243
867
3817
1675
569
1824
9652
4712
480
5998
230
8025
6125
7616
3369
4190
402
5013
4985
6509
3360
1183
8174
3462
4151
6361
6074
3076
5265
6233
9965
3258
4943
8575
1145
3518
5904
251
2906
10086
6298
2205
7152
6461
887
9713
1163
3380
4113
6381
3482
4617
5285
5090
608
8505
4965
5051
7704
7108
4592
5415
3869
7912
1959
9369
7031
6507
103
9076
810
4527
3860
1970
2279
9745
9360
1364
1071
8958
4314
8739
6789
4680
642
8814
3628
3317
1122
5199
410
5132
2392
10201
9802
6577
7785
10057
10252
1197
2327
901
8212
3880
3798
4828
1841
2259
6619
838
9380
893
2505
1979
7743
2270
7526
3733
6142
9258
8042
4099
10311
4669
4032
6878
7765
7315
1384
4660
8373
8906
6407
3423
4406
2575
9115
4178
527
4019
672
6392
3491
582
7476
2735
8826
9877
9706
6327
3450
3503
4326
3352
4831
7180
1415
821
5294
6632
4908
6699
37
5959
3573
7957
2425
7606
2971
650
5256
6279
5970
3631
2142
7641
322
9704
5078
3708
1202
5119
1129
1347
6737
4477
247
9787
2407
6492
7169
7514
7028
8442
4994
2840
6259
5841
8257
6427
10122
7160
4607
9721
140
3271
777
4956
6270
5979
6813
6936
9834
2074
6768
2361
8971
8318
1058
8425
7624
7875
976
3779
9595
1933
4757
3115
1816
503
9352
5824
10306
5675
2125
2826
4561
3852
1395
1998
9756
8735
6890
2381
6788
8840
2442
8330
490
4340
7236
6851
9271
4409
4652
9836
3770
9565
1276
2233
10304
4581
7756
7117
9449
9754
3759
1904
7794
709
844
8105
6205
2298
6522
8962
7004
4502
2372
5664
4429
2666
1091
6769
4305
6597
10055
9282
2043
10293
8547
1177
1103
1050
8310
6760
7216
3223
1951
7339
802
4719
2065
729
9054
9389
10405
1742
10369
3889
7864
4572
1990
9747
2213
7046
7137
9451
9850
9096
5555
7304
4348
10368
9262
563
8338
5439
289
8848
6898
8401
6780
4005
4689
8982
10263
5684
1647
6833
2595
2686
9730
6916
707
8393
2923
2251
3521
8715
3778
2290
10078
2085
396
1913
873
7884
1836
3135
4057
8367
8156
6056
6717
5079
3389
3054
4170
9223
661
3096
5805
3611
3458
278
4159
6094
6349
8194
6583
5386
1109
8666
9719
421
9424
4900
4853
9997
7188
2962
3544
5978
7534
7919
1586
2547
9693
1695
3282
2715
681
3700
5070
3653
5157
6563
5366
8923
4179
33
8387
9135
84
1725
5059
194
373
2848
1566
7020
3262
9967
4811
1435
6278
9426
8219
6449
8686
8595
6612
9663
7168
2982
6545
576
1079
142
3142
9233
9604
10265
9298
4661
4404
7248
189
5575
1386
5109
3407
6862
8904
900
853
9824
3881
6417
1840
9381
8002
5505
7524
7929
7018
3758
3939
2271
1070
11
8816
4681
10053
1366
8933
4316
1157
10295
6317
6882
8998
1059
1735
4009
9125
6749
6948
7405
9606
2352
553
2415
395
7030
8229
9826
8302
811
1425
4239
4552
3861
1971
590
9361
9074
4419
3381
294
6599
6380
6532
1442
10372
5091
5177
9717
7706
73
3673
5103
5050
9665
4802
719
4729
3233
6258
9142
7192
6469
2904
9407
3907
9851
9450
7127
3298
5906
6460
8328
587
178
4191
6369
7614
528
689
3478
8415
6823
3361
3074
4203
4150
6360
9731
4707
4077
8176
6076
10132
9695
5814
3608
2933
7541
5958
5739
6480
3531
2816
2115
9952
1826
3125
4873
2998
347
3479
4457
9434
6926
9729
8566
6388
5058
1595
2647
222
7634
139
1686
3644
8435
3251
1923
757
6250
6303
7067
4976
106
8277
263
3085
6683
6468
5834
3290
2913
6291
8725
7149
3511
2836
2135
5395
3470
3372
7226
7456
1666
542
8320
3459
3043
6645
7494
8695
6512
8586
6368
9436
4158
6663
6488
2951
3065
2223
77
5950
6003
5276
2742
9849
7977
3600
3553
2990
5991
4709
3213
7087
4844
4672
4102
1715
4029
6139
8039
6871
9251
8836
9477
2725
8913
7240
4336
9290
8346
9085
6337
1294
8209
2566
831
4821
1848
5564
3791
908
6622
2262
7776
2435
9563
8647
3803
3750
1256
7010
6697
1982
6792
3621
8742
7855
1119
5202
2054
2389
5129
636
9065
8951
1078
6727
5347
2096
10208
9213
6940
8990
4589
994
3872
7909
7038
10376
9372
7101
1962
5655
9720
2586
6437
956
7093
2695
5584
9593
1547
2282
9043
4777
5848
8439
10343
6489
7172
9667
6262
10398
351
7021
8555
1564
4810
4537
9728
3278
5982
7485
8684
9963
680
2139
5364
5715
5071
3701
7648
5122
1199
618
1132
3638
6807
10200
3693
2337
5197
9715
330
4901
7465
1655
5962
9697
828
6629
8664
6702
4838
4893
2978
3546
3723
6282
5547
7536
9993
1584
607
10351
4022
669
3056
3498
4171
85
8154
6389
6054
4097
660
3610
6096
8196
2805
5384
3094
7443
3349
3433
2250
2303
4588
5923
4867
1243
3520
2291
7886
1834
3762
712
6135
8035
4045
10062
2555
10338
10267
7306
985
8400
2439
8353
6781
2388
4063
1013
2684
5595
4412
6914
5183
4215
9278
3687
1265
5686
4649
6858
9743
2003
1950
6223
10069
7866
3782
943
443
9056
7044
1991
4568
9349
9094
5145
8805
4887
3849
2664
10092
6557
367
5163
10297
1285
7006
1090
3667
5666
7214
1051
965
8978
3915
8311
2368
6761
4083
3771
7754
515
3528
4580
1274
2258
8283
846
10071
6677
7796
3205
1906
188
7963
6891
8408
2380
8841
9259
7234
3935
4692
8331
5442
7945
4341
6850
6903
4123
8979
9270
9475
4627
9392
7342
799
4722
1814
732
461
974
1355
3892
6115
10310
4569
8015
177
7983
1739
1958
9552
2824
9327
2675
7073
4797
9
3827
4560
9458
5826
7207
284
8263
2369
4499
4432
1098
8959
36
6934
6519
647
4235
6772
8245
2360
9279
8970
7626
2076
5023
1033
8297
4763
3259
2841
7516
5840
4996
6452
7161
8222
5375
4954
10016
1505
3270
2979
201
6609
6271
4818
3630
591
7640
4182
9783
688
10004
3413
5062
9205
7325
4745
385
1575
7181
4830
7997
4517
820
529
52
10014
2959
179
5296
7922
5425
7604
5254
4783
2970
3279
5971
5082
9873
22
452
2317
3490
3392
4324
5735
7474
3451
4162
1112
6352
3618
10006
8675
3327
8824
668
7873
2518
9406
8423
884
3906
7126
5907
7378
1771
4541
1528
9032
6815
9099
4258
8733
9832
5176
1393
7707
2123
9917
5673
641
9613
4380
3113
4614
1401
2482
1935
8880
8798
6949
6748
5328
2341
1338
9752
10151
10302
1827
10107
413
248
5608
131
8628
864
3814
580
7729
5531
1892
7802
3739
9314
3958
2530
2817
1310
6203
6150
8050
8103
4360
2462
3151
10245
8860
4706
4076
8177
9931
6077
8091
6191
4369
3190
8869
5478
2235
7249
7419
144
5758
5939
3505
7552
1219
5302
2733
10126
5229
5881
2798
2880
6416
8482
9113
10213
6404
10377
2423
1387
392
3406
3575
8518
1630
3099
3032
2182
7681
1413
9583
6239
5861
2860
9645
6504
8462
9151
4929
4524
919
5002
559
2869
9190
10124
7140
10374
6574
8109
1194
9702
2324
6009
1451
7661
2162
597
1618
8817
8530
3314
483
1367
1490
233
2628
4317
1156
6316
7777
9528
6585
2942
19
2751
8646
9422
10285
1257
5750
5803
6696
10323
9225
601
2567
6654
48
2888
2790
3564
4909
7589
5791
8837
8510
3334
1693
9515
9908
4337
6336
8347
4139
8129
6102
1701
8202
6029
4855
1638
3242
10238
9920
2587
6436
291
2868
957
1723
1546
9133
4776
3584
7148
8925
6565
5872
9198
7821
3655
2713
5209
8471
6543
6726
5346
1610
2097
3012
8593
1433
5621
2022
8601
2620
1498
5039
8538
2171
7672
545
7844
4291
1105
3834
1762
5511
7709
794
2510
9334
7359
2045
2837
4250
4303
756
4977
7066
326
10149
1520
8276
7370
9685
2646
8751
419
5644
6992
2215
1687
4494
8942
1330
5320
6740
8888
8790
5479
4456
6927
8567
2063
4388
9929
3225
8395
3991
298
7086
2593
6835
9012
1849
4003
2538
3950
9543
1782
5277
8620
7976
225
2601
7379
5600
5553
3133
4634
875
5459
8868
7292
1915
8587
2083
9638
8058
4368
1318
9242
6158
2471
8713
5470
3198
7227
1667
7457
2925
5311
704
3595
3686
9630
5687
6215
1644
1
3348
1479
9529
7307
6063
8163
3005
5762
7887
8145
6045
7568
4135
1511
9179
3923
4866
8700
8653
370
2521
2778
5520
1459
7649
8183
2158
6594
6083
7412
5915
8544
1174
5353
5400
6556
1470
7007
10219
204
3666
5667
3305
7134
9159
9647
5035
1025
8458
4886
5849
8611
4223
5782
9170
9943
7867
1600
7588
1553
2889
9057
6806
5693
4443
464
7281
573
5196
2336
8384
9915
1373
2029
8778
3715
5701
2102
765
5154
8521
2653
7055
6961
2700
5638
1042
281
3179
10381
743
418
4536
10230
7333
9928
1803
7893
1750
9763
3982
7838
9005
3848
4465
10363
67
7901
1791
7398
4262
9348
1212
785
4096
2611
6097
5610
8197
2458
6981
9501
5433
10042
9900
299
600
3159
10247
5498
3057
158
8889
6839
6022
8122
1621
4648
7261
6171
4389
4054
8364
8071
3170
6714
2544
9520
10105
4485
3547
9793
5546
7537
5723
7810
170
4282
1872
9305
128
9619
406
912
3962
6972
4474
2404
1344
6734
8759
9687
10254
2631
5630
9983
9499
5413
9804
10173
2708
8082
8770
6182
774
7351
7783
1758
1939
9621
8254
4271
6424
455
493
4604
932
999
4922
9340
8296
7390
1881
3840
7517
7830
4997
6324
2009
3735
7272
10256
7745
8852
54
9806
63
5618
633
2450
2503
3326
5451
6162
500
8062
895
4352
3178
3019
4640
249
2316
2491
8779
5490
7818
2573
1861
24
3425
2239
8375
7954
3971
5222
1299
1232
7996
4516
382
7313
7763
116
5297
9517
6123
476
8023
317
10221
4626
581
1673
5245
3442
6341
7432
5935
3340
7499
2759
10287
847
5263
7560
6676
10082
1907
7797
1185
2770
4983
5528
7114
7569
8708
5771
5015
7722
8631
9654
7627
2203
2150
2077
9531
512
354
1143
8573
4945
2191
7692
5331
1321
5408
6235
1478
4963
9326
4796
8450
8503
3826
2852
9656
7206
5827
6441
2779
640
5283
8491
1608
7580
9019
9178
5892
4115
615
1165
1531
4754
