11360
7266
11925
10302
11771
6766
1385
9802
5494
9487
914
11128
3421
2168
3865
6118
135
9224
6982
3658
2054
1218
8724
7432
6248
8636
10574
203
5748
8909
12480
6019
7011
8937
8685
8139
10401
3593
3854
9539
2513
8993
10056
4095
4607
3537
4660
4358
4574
2223
1769
6173
4130
11720
8258
7758
8543
1876
1909
10607
3255
10660
3943
1455
9076
12117
2755
9045
1308
238
12371
11494
12062
5360
5128
908
9385
7205
9315
9461
3147
9701
8815
4473
9336
6430
3264
1212
11890
2764
57
8489
8038
5866
2533
10928
3035
2597
10324
6644
1247
4519
5280
7182
9402
1578
2180
8453
4780
3086
10517
1859
8801
9715
6848
9301
8110
7211
1234
6219
8378
6096
2570
3346
7907
3375
3504
9193
3778
4278
9137
7939
5587
11029
2401
1881
3930
1042
8702
8530
1495
7506
10462
1092
1545
3477
5973
2132
9624
7874
232
4143
7344
5029
738
5561
6569
788
4928
7005
7084
2947
6443
10236
12222
775
12082
9736
10780
11870
2675
11280
2646
2336
1079
12159
10285
10415
7678
9828
9785
11414
10249
11851
11284
9749
10784
1696
4247
6455
395
584
12486
402
3747
10018
12518
4918
11452
11427
9188
5141
7408
5325
12133
5538
7080
8347
7363
2906
4164
2639
6877
1591
447
857
5956
7890
8842
10625
6464
3230
115
8087
2730
11708
5657
1161
7340
5622
5610
3920
10119
1763
12048
10196
4117
4714
1900
368
4155
12098
7596
1604
6663
7647
3892
1654
2601
1661
3339
8061
9270
1339
2203
12203
4625
1479
8770
6708
7946
2307
7975
1703
10714
6729
5721
218
2978
6221
7229
3079
6904
666
9233
4784
7891
5414
5284
8733
1889
6322
6357
9297
1168
6640
1756
4062
8797
169
1627
11141
970
11325
3448
2520
10918
11638
5452
5427
8445
864
8476
12177
9670
11991
7618
9841
6526
9510
3113
564
11941
10218
2318
5066
2615
3588
9349
3964
10591
8564
11602
5777
10495
8988
4941
6277
4456
9697
9438
9089
9633
6156
3699
4896
9053
9996
2743
4590
5471
3955
194
3243
359
8555
11576
1319
11532
1840
8649
10896
2120
10590
11471
3178
10073
12243
8146
8175
10370
12293
9575
9546
6821
5829
8299
6304
11066
7799
5804
2392
12280
717
4399
2832
4591
10333
2438
10941
1021
153
10397
2524
5723
472
6223
1520
1837
3780
5519
9332
4280
7047
8063
2018
2568
175
2984
3105
7565
6661
5669
6850
8108
2117
10165
2603
8380
6817
7317
9207
7387
5994
8009
9072
11143
5278
3434
1567
4778
1110
2273
7837
498
101
9231
8040
7893
7554
10930
806
2072
342
8731
10154
543
7361
6369
593
7680
9830
7485
4029
5544
10778
0
10027
1816
5143
11278
10052
8632
7436
4930
2136
9174
1992
1418
78
1175
276
12152
11519
6986
428
2849
8528
6762
9806
12089
871
1265
7262
12229
10306
1849
3928
1610
6687
6935
2376
2642
4658
6823
4865
126
1280
11473
10071
2493
1540
633
328
9965
11671
9732
4494
6250
937
11905
5750
10232
3184
3607
5095
4537
10943
3660
5917
10331
4593
9609
4854
9007
6120
6194
8209
11553
2229
48
11130
12420
9954
11358
8839
7502
10466
8706
6428
11095
10537
2044
11835
4943
1007
2141
1372
10593
10854
5130
8974
11820
703
3111
3342
9843
3574
5358
1821
6092
10658
9406
7186
1211
2200
9051
8260
1438
2741
2405
10865
7760
3241
3082
5473
1897
1995
9631
907
4128
5862
7135
9444
4360
12069
2409
3941
5456
11609
322
4964
11399
4588
8541
8472
9864
351
4066
6171
7179
557
9440
6326
6795
8990
612
31
283
7295
7942
4471
3590
4955
3896
9703
9855
9463
4699
916
9668
7620
9508
10220
10094
2298
12311
5626
1189
7592
11966
10192
10955
8846
8875
10699
5952
1893
3423
885
130
5927
2457
11539
2412
8991
12013
10368
1028
89
11456
10588
3180
2012
10964
5399
10403
3591
2902
2280
724
7013
5734
6234
5164
2478
2709
454
2836
5563
7338
4141
5608
4325
12338
3918
6065
4747
3228
6979
5971
2728
1686
11062
5247
577
2885
8225
7888
7725
3714
5117
5155
1019
5895
1301
4920
9542
7410
9190
1351
6054
1364
1833
8142
7078
5540
7684
11808
715
10020
2113
280
6441
10892
7449
2209
11986
1409
9992
11117
11155
3450
2500
10920
1693
8451
3625
6638
12408
2531
4892
1727
3409
6152
1732
8044
6127
10429
2980
11164
846
4452
11738
8384
8314
1432
9191
4427
7814
5062
11247
9268
1150
6557
10747
1294
6710
6522
8768
8803
4284
4414
9303
3784
6834
7213
11502
7358
6374
1766
2856
7130
28
12020
7666
2242
579
6505
9169
6943
7967
5707
6034
5560
2353
87
1562
11561
1820
4205
5135
146
6006
348
7473
2140
8916
10823
5186
8000
513
9923
8431
3766
11625
4266
12165
11135
8012
1864
6865
6132
7550
8582
2551
10150
8366
11186
5674
3982
6658
1873
4823
10294
2291
5502
9794
4432
8611
4011
985
6593
5878
6854
421
6537
7095
7981
6407
1492
681
3129
406
6930
8244
1730
2435
8898
7744
751
5436
4506
559
4344
9567
9460
2572
8969
7143
8167
3569
11317
11387
5361
10817
5485
1055
1287
11581
9103
3520
10661
10850
4687
4935
4084
4005
4762
9886
8605
8694
5262
11047
9068
1402
9600
4986
8114
1452
8200
42
9835
6206
134
4661
4850
9612
10687
10935
12185
1357
8025
8212
11262
5047
3644
10123
10762
3028
1665
300
1012
7523
10986
3492
6265
7519
6511
4182
5765
2264
5932
9950
708
2471
4211
6482
3848
965
11436
9394
6254
1331
8181
7278
9581
5754
661
10480
2315
6778
2929
4817
11485
5317
5387
11361
10484
6892
11449
435
3663
2919
3708
4638
8329
11410
296
10227
10252
11078
9727
1705
9752
98
573
2319
8671
11786
4229
3729
5614
8883
3166
10351
3904
4834
5213
868
10106
10979
7062
873
4557
3640
1138
4710
4522
11938
550
1832
11338
8859
9934
1172
834
1177
9126
8308
9371
11213
10834
7808
2302
1574
7763
10557
6747
10710
3305
10522
4979
8263
7247
81
2805
7629
5525
4408
5338
9879
4080
7164
6023
442
3877
4363
2159
492
505
7740
2360
195
8240
9031
1436
5449
827
2439
12008
10638
6920
8772
1313
4340
1131
5410
9272
5078
7117
7155
2178
12386
9651
2811
9327
9352
6292
3465
22
3311
8503
3381
1583
5792
8468
12031
12256
9514
11766
3821
11295
2700
51
10795
11179
331
3454
1744
5690
2966
5013
3041
8751
10134
9913
3282
3412
6391
9251
8060
7399
2782
7534
2667
11813
7857
9672
7822
11641
3400
10032
5179
3526
11691
6050
8926
11013
5847
6964
10271
6588
12101
1471
9771
2484
8652
11560
8627
7456
2681
12413
9425
3367
2873
10372
2712
12154
1416
5691
6699
150
2397
6390
6320
6955
12366
5820
1975
4795
1877
114
2170
5295
4485
6021
7029
3195
4569
4361
9598
8198
5344
8515
4436
7761
5506
11604
9070
8261
9373
11211
1634
3518
10848
8867
12147
8362
12197
9653
8586
12210
6136
9905
940
3986
1597
9458
7717
167
990
1647
11182
10644
4262
9689
6185
3762
9097
8535
1880
6928
2779
8016
5084
3935
5005
3687
636
3279
9033
8900
686
8673
1813
6002
7280
12055
5182
10478
2295
6780
11534
8912
2133
12483
4644
4047
12488
375
3850
3661
11084
11005
10049
4387
4317
10569
8424
388
12078
9948
3817
719
252
10389
11344
10319
9819
8287
8417
3030
7787
221
1023
11506
8881
4848
7662
5211
2827
12140
2852
10353
12273
2683
7998
6435
10273
2995
9773
11011
2659
449
6486
7869
6574
1767
5558
12492
11432
2506
4186
8719
1214
3496
10982
2431
5936
596
7128
910
8216
12250
5205
4135
5693
12307
9616
12300
10766
5985
6104
8099
5637
1924
7360
2871
11266
12325
6077
3823
4982
174
12499
5880
3359
2241
6202
11205
2311
5266
2813
11725
11971
9882
3313
8501
4766
7494
3383
2576
2545
11596
6607
6337
6660
11546
9911
7548
3043
8753
10148
9253
12237
6393
2475
526
5011
4502
5432
9289
357
9419
8789
1773
9245
12126
9276
4821
3217
8745
3055
8776
2894
8058
2198
2553
11666
8497
5688
11883
1576
9921
8433
2589
2479
2698
2121
7983
3064
11713
7604
7695
6591
5599
10204
8470
460
4013
9157
7959
9115
1841
9122
12341
5884
12391
10526
59
8613
12218
6941
5949
9024
2417
6388
6318
2452
241
5818
10177
3162
7577
11791
4179
4526
1896
11741
10102
7066
4295
12084
9756
10821
10256
3795
12224
6590
6479
7471
8395
1423
6896
3398
6048
768
4729
2149
5229
11686
1723
11340
3017
1201
6513
10121
1525
1072
10345
10376
7521
6625
4708
3638
11863
9499
4663
2716
2408
897
2299
1049
844
10877
1106
1099
11363
1836
10004
10085
11408
63
8183
11080
7452
9583
7427
8656
924
2116
3557
4640
3522
1148
3710
745
11916
10036
795
802
12421
480
4904
4213
3834
9559
6784
8957
620
7414
8159
8922
7284
2786
5363
3286
11527
3416
904
4877
6918
9676
9645
7826
6149
5408
7141
4338
1227
7325
1901
5080
1716
3979
2735
10640
3235
1208
7738
9977
8579
8238
2962
10904
1817
11229
6714
10729
12064
5340
4410
1141
4078
1306
732
5796
10447
10708
2137
9356
6296
11828
4449
1254
1261
1443
9101
8310
837
2038
7810
10663
1036
11426
3378
3110
9513
9718
6876
7570
6845
1699
10170
8346
2907
8375
1748
7491
12163
6499
8504
45
2939
3746
3775
1621
4246
11623
4275
7533
1666
3489
3038
10133
9914
4199
860
5656
8035
7597
4116
10197
10925
325
1930
5957
1164
5922
3453
5014
12216
8086
2190
9149
7947
6963
4925
644
7008
694
11582
10288
10418
5579
7675
6571
9825
7646
7490
362
9788
1908
2105
948
11014
12314
2678
998
226
5426
1511
2061
1759
8477
407
6940
11668
7109
6101
2874
8796
9296
6356
12128
10459
9970
1701
710
534
4457
11826
6245
6276
4422
5745
12430
5776
3139
3664
5067
11242
11081
1641
6552
10742
4098
1014
10483
6527
4870
4641
8688
12183
1359
8599
11125
9997
11112
11341
1863
8421
9933
3999
862
11979
1858
3903
5100
5214
4833
3655
178
8884
9696
5613
4897
1874
1166
6157
3868
6115
6122
5125
3549
5112
7208
9388
75
5341
9318
1289
11562
8818
9547
4364
11918
8949
6024
8147
7163
11100
10833
11214
8264
382
604
10897
2404
7764
1761
9479
7140
4355
10396
201
2056
4742
3258
1414
11067
5242
2758
2350
5081
9048
11688
8255
11617
10870
7755
10641
7144
1415
4343
1965
9435
1867
6767
7743
1268
10901
8558
7267
8243
12076
9486
6682
3958
8113
2618
4059
9860
8936
5719
7615
6711
11799
11692
3536
4606
10022
10215
11642
1922
11749
11957
10057
4083
6800
10498
8985
9104
8637
7300
3585
12102
4960
8693
5469
6812
8880
3299
7312
9202
7382
2799
9077
12349
1113
12399
2362
10606
7832
11469
7524
10124
12464
3643
10960
809
12032
5753
9393
6253
1888
548
10001
2085
9337
7042
8178
6289
7281
6419
7411
9578
6781
5789
4901
3831
3146
3175
230
2422
10628
12415
2890
6944
9021
8230
1435
10516
3087
7730
6373
11309
10809
4158
5867
11548
4330
11598
2596
6070
7474
6458
10532
10015
11847
11897
10824
5586
11910
9136
2343
189
5160
6033
5900
4915
3347
7906
7405
9185
5328
6097
7639
5535
3630
3602
4532
2891
8079
2102
5912
4824
5673
9002
8448
9924
11160
3445
12453
11328
3476
7507
10915
12458
2647
10201
11815
1533
8339
6853
4628
6594
7601
6705
3061
4809
3739
6889
5881
2946
9793
2975
4239
5309
11840
10293
7978
9737
11674
10237
12388
669
3641
132
3870
10069
5098
6327
9292
6352
4067
3209
4664
8792
11355
973
12053
12006
5457
5422
1691
6514
527
2019
4868
8690
7642
3897
2463
2046
7283
7413
6783
1714
4100
4903
3833
4214
9899
4655
10003
11972
11364
4999
10549
9584
6759
5751
390
8184
9391
6251
7259
9968
597
344
5926
10868
8847
10903
10655
3260
7741
8082
2760
9050
11936
8241
5652
5627
320
5364
10999
1923
11569
4549
4112
4125
4341
7138
11854
2290
11788
8691
571
4242
10664
6425
4081
3742
11098
1599
11457
6713
11422
1649
5355
1848
8342
9390
7210
9320
8111
1344
24
1484
6872
8820
5275
11723
5246
3009
4775
4746
12368
8434
1689
6679
5671
2837
2488
2554
10392
3040
2893
1735
1814
4014
8614
9791
5883
10291
9720
7568
309
336
2206
3063
7984
8105
2134
10168
138
5116
10203
2565
2051
5199
1673
7603
3380
6851
3108
5859
1125
235
9692
991
1870
941
6126
7379
6371
7849
687
9023
11589
821
11116
637
3925
6938
8525
12275
2442
11199
10775
6556
11994
10746
12323
2680
11275
11246
11944
2323
282
10290
10420
6031
7039
7488
11768
9790
1381
2260
103
12258
7010
414
1324
5772
4426
6272
683
12374
1490
1305
5330
7046
7075
423
10739
5158
3142
11239
5898
6573
987
2684
2
6460
9774
6961
5969
10274
7335
5605
7709
5694
4328
3915
7836
6068
2283
6103
4160
253
7316
7386
9206
11930
8228
7885
1782
6816
7728
10602
10630
3225
2725
2888
1458
7437
511
7980
2220
7493
3384
3314
11885
2814
8932
2248
3824
1560
10026
9265
9511
4602
4630
3532
8765
94
11330
10307
2470
1388
11774
9807
8450
6686
458
5239
4309
9482
3809
4739
3451
340
11158
7
9254
6394
3628
1677
8409
7531
6635
6987
1682
8754
3044
1526
10131
11715
4958
2942
6798
10500
316
663
118
7298
10831
9374
9665
9505
6169
1229
7161
2268
2386
5343
967
2620
9858
4469
4585
3960
12109
10643
8707
9034
1498
10467
8560
2330
5083
3472
1548
5916
11742
9654
11649
4536
3606
11699
11792
5059
269
9006
2226
10585
11865
4643
1074
11083
1450
8180
10365
9580
7902
10481
1400
10536
12392
8674
12342
9132
5582
770
11059
478
1057
618
10958
10354
3901
4831
2592
6619
5611
7187
753
9407
922
8423
1575
9931
8878
215
10512
12039
1927
11343
2025
1273
465
8520
3963
10851
8608
12081
9726
12221
9065
10226
4008
8563
4938
4490
3571
5379
9838
3114
3200
74
8971
522
3244
1680
1546
2744
6190
9054
1496
8540
3940
5010
10679
8895
1871
10172
5039
9
36
4109
9441
11968
5488
3167
7572
9910
4556
11794
1802
10107
11744
9634
10074
2050
4679
3845
3876
814
11010
11039
11488
3181
9152
7929
4491
9127
11923
7275
12344
7246
1118
10556
6775
6746
12394
830
7199
6191
3025
10334
3212
4851
10938
2523
8028
7116
876
8492
1134
5803
11379
6303
6268
9951
1180
2294
5768
11259
740
5541
6549
10759
790
5138
4208
485
4163
12061
625
7364
12372
10783
1044
10442
1430
11283
9171
11413
1094
6440
11736
1785
9326
3000
929
5210
1866
4140
121
4872
12406
7856
4713
5990
7355
2666
1456
6508
2224
9972
152
11988
2967
6463
2474
10872
44
11210
1942
1249
2261
11806
8626
7457
1159
7422
10713
7098
20
3552
3527
6664
9529
5846
5875
2981
8952
8129
855
8927
4759
3431
11138
5259
1386
832
11679
11772
5991
6999
3012
5283
8734
5413
12336
2550
10151
1528
9234
4783
3366
6903
6655
7551
324
6868
1136
2053
267
4382
1612
4312
8454
716
3812
7966
16
8282
8412
8041
9250
1337
7782
12205
2534
8750
1020
1477
3060
12434
7667
6643
10323
2822
2857
8465
7811
6007
9120
8311
3503
9194
8381
1629
11161
5187
3468
11531
8917
11298
6831
5839
3781
10798
4042
4619
4411
5706
4281
7700
591
541
7343
8367
4144
7873
9623
9428
7712
943
12319
5161
12135
993
11187
4798
10619
4267
2158
3767
5298
9092
639
2367
5974
10269
6958
3682
689
2057
1955
9769
6051
8400
7059
370
11657
11942
6406
3711
6536
11992
6444
4300
3800
7083
11601
1522
12060
6585
7681
8862
12245
8166
10350
9566
6630
12295
6602
6332
8723
818
10816
9223
667
823
11316
12330
11386
5493
8669
10509
2427
529
141
1122
4507
5437
1317
11335
302
1127
971
6072
10961
3853
4635
3705
4987
3594
7919
1805
2188
3329
701
6207
8994
4686
6231
7239
10573
1370
3889
6739
5731
10090
2204
1005
11046
11075
11974
9887
8544
2740
4961
3240
10635
10987
2481
9369
599
3944
6174
7158
10686
4573
9861
9650
5632
5046
7330
5075
3308
935
4474
2808
8305
2763
5316
40
11730
5386
11852
7805
4816
3263
631
1542
10091
446
2629
307
11493
1282
5528
5335
4405
11437
1206
555
8496
2489
11636
6510
5564
8777
12379
902
3216
5988
9277
234
5163
7125
7112
7341
4138
6349
5208
7871
9621
3099
2043
9156
2998
7683
10552
6742
10527
7242
6438
7995
6089
1463
1241
7081
7659
5555
430
2869
3713
6053
3872
4210
5140
6870
7576
7545
12096
6641
5649
10145
10176
12046
10321
8043
7067
2548
4552
4527
1926
11706
8829
11140
1721
6897
782
1146
8359
7214
6833
7100
9304
3783
4413
8804
4283
500
10222
1086
10257
11163
1393
9722
9757
842
11779
1569
11672
4259
7813
8313
3501
3759
8383
11208
9455
9863
956
12456
3362
10377
2717
1204
12151
4571
5490
9908
4379
2060
652
6925
5008
3938
345
7779
900
3016
6188
1266
11833
8538
8279
4963
9464
9704
11644
9595
10037
11694
8195
3556
1221
4488
4039
5109
9840
10093
8956
25
3198
5842
11491
2218
2761
3515
10876
3261
10845
2434
12104
4940
4010
7426
8657
8518
8622
8610
1503
2250
1553
1111
11578
1931
3424
6270
11903
5770
2314
2082
5491
9945
2447
11109
9976
4876
4845
3287
8721
3417
10940
807
3679
1719
9221
8030
2787
2662
7852
9677
7827
7014
9322
9357
6297
889
10446
10475
2265
246
5797
10571
762
11555
11490
6233
1144
12034
5733
187
11877
1193
11008
10404
1066
3851
10963
840
11405
978
5507
4437
2269
8866
3183
4493
10439
10088
12497
6824
674
12471
6532
6402
11474
3159
9953
9096
5801
6809
4889
7309
6301
214
9219
3686
8017
6137
8587
9989
10944
2521
250
6193
12015
10348
7716
4853
6628
3987
4594
3635
4705
5702
5530
4075
4046
8973
1834
11564
3573
9844
10889
4944
8561
3961
10853
10594
3310
10705
2114
2810
6915
11507
9648
7786
12287
4335
5405
7328
8286
12027
8416
7160
2826
9443
7735
11859
3816
8235
11630
4386
4316
5474
576
2738
12170
3238
7962
2983
6487
7698
2047
12444
8064
1945
2604
2695
11300
2148
10800
6224
12357
3470
10711
2959
5724
12495
4812
1407
181
5312
5382
9118
10682
9617
9019
8055
8217
5042
11267
3619
10153
9248
5281
5411
5636
10767
7553
1668
8748
7894
4781
5909
3058
6901
1894
5993
3497
4187
95
5937
5685
7589
3433
10189
11144
198
11584
4682
4767
4298
10781
3798
11042
5267
11281
9173
11411
4161
12312
3395
6076
6045
8398
5144
5543
12504
6385
6315
409
6960
6461
7469
2485
5815
4800
12267
5300
4711
6336
556
9430
11999
9562
6606
12190
2577
2039
11949
8162
11757
11312
11382
10812
5766
2274
11825
6266
10637
11104
10985
2461
3429
711
9980
10693
8026
7118
4132
5202
1360
10936
4880
332
1015
5982
3674
5077
10558
8901
6748
10450
658
52
7248
6432
8307
7019
6011
2992
7807
11486
1615
9531
5393
962
3878
10409
8131
1326
4407
5337
21
11435
7173
2542
4558
1768
4374
483
1290
1052
120
1505
5486
623
7774
2041
11393
8274
5435
4505
748
144
11337
3020
2349
2144
927
3560
3707
4637
5104
4034
4985
1898
9709
2095
9469
4693
609
9836
8960
6205
2192
4936
4006
10880
11202
12149
10228
11077
11990
8606
9728
12199
9885
7430
8365
10180
2017
3403
7580
6866
8481
9902
1915
2118
5644
3368
11185
4265
6182
3765
4511
8532
2387
5002
3932
11136
1838
8824
4482
6211
8354
7219
9309
3192
1972
5848
8809
338
678
109
136
7096
418
8512
8628
4254
12215
3754
12239
1635
11021
982
10423
6587
7931
2494
2036
8500
463
2092
2321
6973
6506
6344
2668
7858
3220
3094
11611
7665
6561
5569
5021
2703
2855
7443
1298
8467
1348
9160
6005
6084
9328
5185
303
12309
8915
11970
82
376
4206
7654
5136
2864
11002
41
9741
11951
10241
10082
12416
2281
7455
6080
6538
3525
1466
5149
6408
5877
2631
4023
6363
8925
2013
12363
847
6956
1421
11728
5296
7464
4796
10111
1544
10342
2843
1284
6622
11513
6610
1151
6657
6340
9426
3331
2609
5663
11763
5708
10796
469
8069
12328
11296
5513
3466
1685
12253
7221
6229
1739
5729
6721
2954
3614
7899
1929
5904
3071
9642
11816
1158
7357
5640
7322
9014
2732
7584
140
259
10184
3232
7968
11149
8003
294
2965
854
11841
4050
9849
5526
10884
11891
7692
3847
10599
4818
318
12075
5318
5388
9341
9112
116
9125
2806
487
7277
4949
11529
3306
6777
437
1263
1441
9081
8290
5048
8420
9242
7790
3027
1038
8742
3052
12383
10688
3691
7156
2830
2221
4390
2345
4320
5479
3820
734
1524
12058
1614
4292
3792
11048
10434
9067
11783
8641
4688
8870
8392
1741
3154
11479
5821
6829
6804
4884
7791
263
7304
8833
9214
8291
9100
3690
8897
804
11318
11388
8203
2112
4599
10818
3165
9603
4391
9568
7720
1108
9984
10105
10949
8168
11206
11580
7223
2514
4002
6723
4932
4765
8602
8630
5511
5265
1658
3397
9524
6047
8124
9832
3333
5850
5661
6669
8001
6994
6387
6317
2465
5817
4754
12232
5254
11543
12174
125
3370
11593
2575
2546
8739
10178
3073
5482
7578
9239
2633
4021
6485
399
6361
228
7369
2697
11254
6544
10754
6436
9330
12276
1588
2032
11482
2996
9743
9158
10243
9615
10932
5206
4136
8057
8022
8215
2670
11265
2841
5986
10113
7860
10765
3218
11511
12302
3495
6262
4185
5762
8498
5935
5687
5823
4077
2207
4674
2154
11006
10079
3880
5132
4202
8643
10560
6750
12005
11034
10448
10707
1775
7250
7924
6917
11505
5407
4337
1333
8201
2191
7120
7194
9601
4393
10339
4878
176
7737
9978
8237
391
7793
6502
11374
8831
8293
2225
11407
553
10230
11935
4435
5505
1375
9730
7428
8516
2289
10878
9343
3196
8958
4486
7092
5374
3558
3119
275
12192
8536
6186
12142
3018
10674
12511
570
3249
11132
2325
3936
5006
2749
9059
8015
6862
6135
9906
8585
9639
242
3693
9083
1650
4560
1600
4104
5034
3985
4707
3637
3236
9364
11522
444
2736
3949
494
2329
4388
4318
8549
9947
3818
11391
4847
10690
3285
3415
2828
2785
12114
8288
5050
7326
8418
7171
1230
6179
7788
9675
9646
7825
6295
9355
3462
10477
2285
5795
4820
727
1311
5320
5390
4479
2253
4691
12188
2624
11292
1031
10792
4048
1256
9422
7718
9570
9457
1399
6626
10346
10375
1075
8170
1449
2020
11320
2715
11390
10820
11866
6927
11683
3688
6952
771
10691
10504
4792
1728
8664
5292
9098
1101
10035
3324
9597
11913
8999
8197
3599
5391
9533
8133
7914
180
6013
10086
3517
797
10847
4690
8868
2222
8655
8903
7234
11050
3884
6734
6563
7547
10147
5023
2701
7065
1489
6608
6338
4149
1473
4525
2227
10264
5979
6971
9764
1869
10614
2341
6895
8396
6078
6540
7054
6410
1755
2205
10255
3796
4296
9755
11628
12168
7441
6449
11886
2469
8459
1695
4513
222
7970
510
8746
3056
8775
251
9246
12123
5638
9275
1559
11663
7127
7152
3401
1581
8483
2539
856
9116
11023
10421
7933
10525
3302
9199
7997
183
2802
5710
5522
11716
1160
5557
6213
5834
7696
4614
5092
7374
9298
6358
4173
200
7844
8798
791
741
11920
1812
6130
11194
11120
5943
11735
9161
1429
3447
1095
7505
10917
5428
1045
2676
11250
2645
6560
10750
7034
12405
6707
9786
12087
4862
2256
7648
10286
12227
10416
6473
1412
2977
7006
9962
516
11690
9735
4430
10235
4750
11805
8439
5250
8088
2583
1250
10862
3004
3085
2559
2251
4118
7132
5865
5658
12477
474
6674
3036
12491
4248
8619
3748
11092
10017
7953
4019
8348
5194
5120
5854
5593
6878
9716
3121
4917
3345
11428
3376
9187
7407
12335
7989
5537
6095
8573
5930
9075
2756
9046
145
3973
3256
11524
2382
6143
8961
10398
4544
12112
5369
10994
3561
12067
10669
729
4443
9335
11670
1258
3102
1033
7562
8816
10723
3177
9386
12130
7206
10162
9316
11223
2348
3866
9493
4669
3204
2033
9698
10064
9437
6765
12475
6519
7511
7265
5223
6932
4723
8153
9894
7482
9553
4219
8686
7617
4096
1103
10217
10055
2921
5778
10544
6754
9589
8987
6278
8635
8189
1962
7254
11369
3587
4994
248
799
2911
5127
10043
5152
3148
5892
11441
11537
9576
12296
9545
8321
8145
8176
12246
1715
10540
11054
3721
2049
4221
10895
8679
10359
700
6614
4357
2016
1140
4322
6062
722
12429
10971
10608
8851
9813
11065
2882
10313
1004
11838
10383
836
8257
8222
7757
10563
1369
1026
1792
7722
11651
9379
4455
6247
4971
10496
5747
1200
5065
4608
3538
9871
6525
7621
8938
4563
11550
11607
896
2616
11600
7023
6164
3956
3273
9488
5441
2138
9039
9995
11127
2773
11152
12144
11573
231
4464
11908
12194
9683
2037
8556
934
1935
918
4540
3622
3610
5054
3657
12422
5920
1818
4895
9659
6155
9010
614
6117
630
1656
6792
3389
3319
7292
7945
2819
7976
4927
4952
2948
7677
9827
9852
1795
3353
4626
12206
10030
3829
1844
8783
4304
5234
11326
3478
9413
4734
3804
12234
11171
9283
1630
869
295
6690
8446
8475
540
7391
6399
9259
8404
590
8759
3049
2021
1173
12172
5326
12136
7050
2446
10734
5171
7908
11234
7863
6847
2653
8377
397
2905
9138
9779
5588
10279
5964
2689
1586
196
452
3777
6456
4277
7840
8093
2598
7704
4156
7595
6691
371
8037
5699
10927
10195
10952
6820
1303
8872
10518
7320
5955
7390
1353
9210
12304
8713
10626
9712
10587
4369
4561
7021
1235
6029
8944
12119
274
3544
10367
9873
3372
7623
8269
4973
439
11096
2354
7769
489
11219
7136
10400
3032
11770
1952
38
9474
257
12260
1322
9405
7185
9681
5443
10866
3271
2771
5928
3723
7002
9966
4223
12370
10454
5780
776
6280
9667
9507
2672
8323
2366
2288
10041
1537
2254
1080
10282
3134
3669
2913
10412
11443
1277
4866
9782
4587
3994
10561
11556
8705
3
9811
8594
10465
8853
10311
10381
9700
10973
5096
5219
8889
7435
4428
11635
2252
9144
8682
7861
7486
7650
11019
2651
2426
11248
5173
9267
6558
10748
32
4092
1468
5574
8767
12157
2040
352
2490
10305
1213
11790
5430
9805
8711
950
1607
6936
11118
1884
6693
3862
6128
909
2879
6637
431
1342
9300
8091
6360
6985
7104
646
8800
321
1482
12390
3106
11430
756
7077
467
8350
5118
7202
9382
12045
10166
9312
3351
6880
7566
8812
12095
1517
1060
12484
2934
6494
4250
8509
11871
3750
11705
7337
501
5660
5607
124
3917
2263
7393
3484
4194
4120
9919
5019
7887
8781
4748
3227
1570
3252
9411
2727
5248
11173
9281
8090
2752
9042
4829
3626
8074
11156
18
3927
11983
6688
3952
8527
8552
2581
1663
3480
9929
882
12179
1059
3123
10777
10028
11277
2612
5591
6599
8334
7951
755
1186
2950
3734
4804
10492
6884
5304
4234
9163
2886
5277
5941
6949
4777
1593
6818
12281
7726
665
10520
7318
12021
8226
9208
7388
582
2835
404
2468
969
7838
6066
11304
2600
4326
10804
4171
2075
10829
1346
9140
7479
6471
5590
1296
1878
5896
8107
7634
5156
7048
1854
8172
2567
9572
7910
102
1904
5221
4721
341
8845
8876
3294
10622
7513
10610
10657
2794
1713
7529
5625
11464
10129
2328
10956
9491
11963
4127
4152
2270
826
880
6427
6452
2923
10538
11455
12016
5357
1130
5322
12351
6284
1328
8151
6414
1184
5784
3150
9551
12261
685
3563
9008
2059
425
3608
8963
4538
6325
7149
6141
4065
5918
989
11357
11322
5455
3971
1706
8442
9490
562
8571
11751
9856
607
8940
10721
5714
3895
11221
2483
3540
4622
4610
107
4657
4054
7972
11928
7296
5464
6796
4956
9109
4441
3354
9592
1743
8192
5845
5876
2201
3512
6491
10842
7499
2464
4770
8625
11803
5270
2271
2931
850
6656
142
9427
4191
9452
2151
3365
8403
2580
12333
3481
301
11188
8368
1088
2034
1391
11777
6922
4733
3803
9284
9414
6957
1154
4303
8784
2515
5233
784
12506
4797
4268
3768
5297
1890
5963
11733
9325
9141
5188
3467
1427
10472
8918
12377
6008
11233
6490
6579
5571
10733
2456
34
11297
2654
12446
10797
1736
7864
3500
4190
5940
1899
8714
9942
4842
9620
7668
1404
12111
1461
6109
2858
7101
1243
1454
8220
8094
2665
11270
76
7356
7855
10770
7703
12403
278
11053
2119
10451
10555
6776
6745
3307
7276
7245
11926
7992
2807
1139
5527
1747
1839
128
5552
326
1752
11089
11438
10044
3131
3846
3875
835
4649
10384
2491
10314
11349
1068
8591
2182
9814
46
852
11879
3991
8429
10564
10988
764
11510
2146
6613
3026
7122
7115
7157
1156
1494
6208
5349
3541
6163
654
7024
12018
4988
8941
4564
9066
10225
4440
5510
9725
9888
517
2324
958
6140
1847
7542
1501
9471
8590
10142
225
5053
1551
1564
4555
3990
5089
4508
5438
2774
3274
8896
10649
9684
4463
1223
515
8020
4543
3290
10685
10937
3420
151
8052
2790
6144
8027
5045
5076
10993
1910
9680
7830
10636
6267
10909
8574
2284
5767
11558
5682
122
3974
396
4051
628
11857
11224
1195
2692
10724
1216
6719
5336
5711
4406
11575
9360
4444
6300
932
1585
5800
4815
83
11487
7806
12289
5461
891
5315
5385
12029
8306
9128
912
2791
6382
6312
1843
3291
5812
4724
672
11336
330
5224
1320
9494
3203
9565
12171
2358
10380
10108
8165
11315
2720
11385
12454
976
10063
10815
5487
3168
11461
7253
14
1367
6753
10543
4685
2125
4007
4937
8660
8607
1928
11045
10009
11076
1655
4993
1002
3839
4909
5781
9554
6789
3392
10040
9893
8154
4636
7419
6411
3706
7289
6281
6042
50
289
9837
698
11193
1572
2502
11137
9029
5944
2377
6867
7843
4174
10801
11301
7373
7070
503
4530
4702
3632
11402
10260
7458
9760
80
6474
1378
6586
12010
11997
11759
11652
11947
7033
6900
12269
8928
7097
7631
6535
3528
6405
1480
6912
8780
5402
4332
9280
1340
8071
433
2899
12359
2238
6673
7732
2584
8232
2968
2519
3003
575
12468
6507
12463
7965
5705
7609
5594
4072
5853
8331
10209
5193
538
588
3069
5137
4207
11940
5301
4231
1860
5889
6881
8466
3731
4801
10702
10530
7954
10061
845
1539
3649
1116
1279
11463
4875
4846
11508
9647
335
3201
7352
7327
2737
1149
11906
3237
812
10990
2511
9946
2793
9975
7514
3293
182
466
9891
5783
1724
11440
757
6413
6283
10445
10476
2275
4991
11872
1857
7251
9399
6259
2924
5759
6751
1061
10541
524
12516
6926
8018
951
8249
11836
5440
4510
7749
3015
10991
10347
3564
9456
647
1883
6627
3988
6652
4349
6138
1271
8588
4541
2306
8964
8699
5463
10875
10846
905
3516
11954
10087
2156
5508
4438
4089
9890
7425
12248
8196
3555
4990
12298
9596
5713
1209
4053
5872
209
236
8119
8955
6210
2181
4270
3001
3770
11703
1519
244
2495
8892
8370
12043
10146
10175
373
5679
6671
12093
7575
7546
2578
220
11190
8073
4768
4297
12080
3797
5268
777
9062
5303
4233
10299
6883
3733
4803
9799
8397
11677
67
3124
1081
5851
6859
8333
5191
12138
1907
11268
12436
9247
2005
10768
3022
3215
8747
3057
10803
9618
7670
7841
6379
11303
7371
7126
2860
8218
8495
5938
2202
9164
11191
1632
3498
11633
4188
11844
7633
11894
12208
5556
6488
7031
1236
7697
6039
3842
2403
1609
9155
6010
9117
7996
2161
7272
5190
6772
8920
6075
6046
3702
3530
4632
3396
6898
5573
11231
10731
5174
606
8930
12317
11207
9143
5961
10258
6969
11072
7460
9758
7068
2547
6694
7701
6605
6335
4528
1508
1850
7103
12262
315
5816
163
11659
11752
6386
11830
6316
1252
11332
216
10528
2933
6437
8302
2997
11985
1410
7802
6493
1618
12352
4402
5332
9519
2002
2696
1047
2499
1903
1097
12500
10632
3459
4731
3801
11174
2970
4301
5231
5686
4137
5207
743
8056
793
10139
8778
4193
5987
7539
5635
9278
8401
3483
7394
5072
8462
1295
2344
12220
4974
9130
1345
10839
9358
6298
10706
5798
8943
7169
6161
2065
4076
4045
379
1868
7624
9874
3543
1853
11007
4385
4315
8236
12022
240
3815
159
12282
4461
7736
2410
5444
8285
8415
4336
5406
7785
11614
9678
6916
7828
9473
3288
3418
2825
2788
5051
4487
8324
3197
11965
10489
11444
10038
3133
2914
8658
8517
4224
3724
11406
1638
11051
6582
8865
10453
2279
2718
10974
353
3170
9907
3636
4706
5619
6611
7715
4839
10378
3909
10110
9939
1887
1985
3993
6187
8537
9095
1678
2337
5007
3937
3685
8854
8593
11567
750
10859
9338
2160
10883
1054
8102
5371
3579
5126
377
8177
2562
8979
9577
9078
5272
9410
2240
7190
4772
2355
10671
12284
773
7756
8256
12024
11868
9449
4101
224
5031
11612
1077
10395
4356
3153
10772
11272
2416
10058
2617
12186
4671
4499
1982
7921
10433
3189
1636
11031
5746
5775
10497
6246
11823
8638
6275
9604
4859
9695
6199
1232
7191
3656
8204
6116
964
9983
9213
8834
12425
11371
7303
11126
4883
6803
3922
3957
8710
8522
6768
8557
10470
660
7268
9959
10751
7676
9826
7645
6541
5549
11251
2433
6364
2648
11587
4024
4627
4652
11718
35
7977
7440
9738
9179
10238
1764
1825
4926
11514
12264
2844
1506
9295
6355
6990
412
8795
11352
11327
10310
7508
1383
5425
9810
8447
2143
7463
11888
11754
12166
5514
11626
4245
6422
4276
2953
1169
6457
3745
3776
5664
11425
3348
5352
5327
6098
8345
865
8376
1325
8121
12354
2989
6875
1616
6846
9521
984
10183
5251
7583
1671
4751
3439
3088
157
10627
10652
6991
12213
5999
8004
8085
7559
5655
5903
1704
680
10159
3613
2313
420
12427
9013
10926
4115
4122
4157
8036
5868
12255
4582
8478
8823
10916
819
3446
3475
3404
2048
8049
1123
5643
11765
2147
8389
3753
8319
7007
2945
7819
2976
4253
779
12278
10424
11169
7948
9662
4289
6706
4419
4611
9502
3789
5831
6839
8353
2677
207
10287
1083
10417
9787
7598
2840
3093
10198
2518
6343
2704
5169
2595
3037
1846
202
10611
9761
10515
5958
10261
6974
9717
10582
53
2908
7051
1238
6059
11892
5536
7406
2863
9186
3719
10362
2139
11842
3377
7905
7653
4916
436
6083
10016
486
7444
9135
1819
12365
5585
7689
7332
1602
5630
5602
3912
1652
3673
2258
12479
11103
2507
7882
11785
10501
8850
8661
12433
10694
2372
10605
3222
3257
12438
2722
11068
2757
9047
11460
759
7911
9548
12037
8148
10969
7072
5394
7207
9387
9317
3145
3176
3321
8817
2320
5739
6731
1063
3881
11640
15
10898
7231
6239
11874
551
8273
4969
2440
11394
2014
5460
7773
9485
2359
393
12073
953
9361
2172
9998
4898
4373
6158
3867
7174
12472
9436
649
6330
6632
4070
1851
9869
4458
8986
11647
11952
11697
11710
3586
12385
8935
8687
3900
5103
4033
2621
69
10099
5068
9262
10216
12050
4694
3535
4605
4097
1465
12107
7616
6528
12100
8762
9763
3926
946
11122
11115
1009
10263
996
11157
2351
10308
12141
10613
7510
364
1374
8526
12191
9808
3627
642
26
5024
6988
11818
3652
692
705
6564
3091
9629
7879
6341
7349
6112
6125
11654
7089
6081
7438
6242
9740
4425
148
1376
346
10240
5742
2861
11276
12326
11245
2650
10776
7651
6555
10745
287
1513
7053
10329
1623
5641
6649
5870
4352
8484
4327
635
6067
2293
4776
4745
8821
5276
11726
5245
2887
8252
1711
4514
8227
7752
1886
939
245
7727
3090
5122
2153
5115
888
8106
5157
5897
893
4613
11545
3350
2566
11595
1694
5833
6214
8351
6100
7934
1192
1197
11024
12418
3751
3509
4251
545
12466
384
602
595
4371
8032
4579
4126
10922
2255
10957
8877
9363
5925
8271
11933
9080
7188
9408
10656
7771
12301
1
5356
11619
6842
11499
877
5101
4031
8372
2623
568
3269
2769
3772
1181
9340
4272
6426
6770
8708
12003
10468
7270
12231
12056
11356
11101
1643
5499
8663
10503
1891
9229
2150
1709
3671
100
8729
334
532
6797
1188
7297
8640
6014
6733
4922
3883
4957
7233
8904
10579
2473
7672
3323
9822
884
11977
9857
7913
8134
4656
3859
9534
10060
2396
12448
8644
10535
11097
10012
12443
1861
7923
11685
10431
2300
298
96
10900
11033
12347
4673
2171
12410
10586
12397
5824
4912
11458
1397
3151
9550
9182
7402
10366
1447
8150
5532
925
11070
11740
9211
1434
8294
6309
11373
7301
10867
8848
7794
4881
6801
5809
2529
621
9981
1292
7137
481
5628
4394
11915
7193
2278
5070
9506
9666
6702
6530
4867
10881
3898
12340
5373
281
8569
2972
519
9967
4460
9344
3969
4535
5097
3605
12503
6328
3694
1879
4068
12508
5915
1017
4900
4103
5033
1362
6160
1906
9005
9084
10673
11810
4586
11797
10000
713
11959
11747
3442
10912
5458
8123
11665
9523
7487
7612
8766
10025
12125
3334
9266
10212
1557
1100
6724
2951
10719
7224
1856
8982
7950
508
3582
796
9011
6909
5901
4789
3074
6636
5419
5289
9432
3611
2480
6993
5253
10181
1531
4753
131
6685
7581
6937
461
8480
2157
726
11419
10244
1750
11289
2058
9744
10789
1771
30
7045
7076
1255
1030
1487
3107
4169
2634
10753
7567
6543
3172
11253
10167
2910
6815
7886
7461
6469
7315
5960
7385
9205
314
2726
2332
11521
3226
7835
11849
350
3916
5606
11899
4719
7336
7600
2838
10114
10200
2498
1911
8352
8327
4484
9663
936
3194
3120
9503
11447
9708
9468
5345
12131
5376
2917
5121
4252
8514
4227
3752
632
3727
10229
11853
9729
10977
9904
366
4559
4351
1734
147
5642
5036
4106
9640
1198
4583
86
7751
10676
10645
3250
8534
11605
9060
8251
6184
288
2750
5004
5085
3934
8822
8857
894
2011
6749
5741
10559
6241
7249
4977
6082
720
645
12515
7926
7018
695
702
2282
11036
10080
10408
3879
10583
1024
1371
12201
4676
4645
9877
7627
7652
949
11004
11085
1006
2862
999
10363
272
1774
2186
8425
887
11345
3428
11376
1625
11121
12054
972
5447
1316
11535
7119
6111
6342
1958
3092
10340
1191
668
2155
7196
3651
6434
4921
535
9329
11656
1808
2994
7073
7671
11993
6575
473
10756
6546
9821
7370
11256
11943
12324
7883
11102
2723
11177
878
3223
11980
883
4134
3913
2669
5204
450
7859
7333
5603
1182
5568
1187
7397
3672
6105
5984
5102
4032
8371
12241
9308
8126
7218
8808
6670
12291
9526
6841
5849
8763
5177
9263
4271
2006
8629
11204
3771
542
605
7495
1979
592
2504
2544
1476
10921
8740
4372
6697
9240
1336
8031
3369
1830
6633
1413
7772
6996
8272
2450
5256
11724
4756
1740
9244
12442
3054
1772
7898
8744
2540
297
2895
8460
459
10911
4773
9167
3441
12337
11148
5273
7969
2071
1387
11773
8103
2608
10882
3065
7694
5709
6701
7605
11807
4616
11800
10205
5836
8068
2563
11750
279
1302
1352
9200
9114
6228
2193
5728
12509
2971
5885
4882
12085
9766
6802
3923
10266
9212
12225
7302
9025
1457
5980
12350
8523
12407
10616
816
12400
2462
4150
12449
9982
1120
4294
6450
3794
12502
10432
312
10011
73
1991
11737
5531
6539
6409
11273
1431
5148
9181
7401
8394
3152
3127
4911
10773
12373
7056
2322
2066
11353
1245
10506
7462
8666
923
11389
3567
11319
10344
2244
10819
4598
6624
479
9569
8967
619
323
8169
10948
43
10084
10005
11049
6736
3886
11909
917
7236
11922
4689
3600
2443
3171
3326
11478
6785
3835
4905
2179
4653
7916
6828
7285
613
7415
1788
9000
9431
3612
5049
736
6180
786
5902
12065
4123
9644
10689
9012
7324
7582
2734
1040
8550
5478
1497
9366
10182
3234
1090
1547
129
7517
10905
10653
3950
2142
5353
1986
10211
1534
7611
6715
9848
2626
90
4819
10598
5389
1822
5319
4480
3581
11839
4948
8981
521
6423
2952
2927
3096
5570
6375
6346
7192
12266
3219
11756
2587
8521
6504
8499
3921
11372
4672
5597
6035
7368
12313
2363
2866
11271
9183
7403
5533
4913
5134
7656
4204
10771
6086
10013
11032
580
166
7922
9159
7957
10672
213
11134
10913
4771
8826
5271
5947
3443
4177
6864
10179
11570
8738
4102
5032
5646
5675
9238
7579
10295
3756
6477
11624
2973
4256
9795
12164
192
1406
6855
6703
2561
12356
8356
12011
1343
8101
9310
5372
7094
7220
1914
6668
8810
1483
8276
12026
8245
6992
1823
7776
12286
10651
3019
7745
4752
4727
3248
5252
9058
2748
5227
4376
4345
2210
4121
9497
9638
2094
2388
2266
9433
255
5484
8983
2145
4004
4934
4085
6421
7429
8695
8604
10879
1948
3583
9522
9710
560
9470
9557
8122
8959
8115
4036
5106
8157
3559
9834
10213
5351
7613
1674
3118
10934
8024
6147
12118
3645
3676
4879
10338
3430
6264
11590
11106
9979
5764
8577
3977
2342
11351
4651
12184
11252
2423
10078
10410
158
11227
10752
6542
356
10727
3173
4447
1323
7020
415
9395
6255
5755
11484
10449
10485
6830
3156
8998
10361
3598
7052
7027
4567
10581
761
11480
10436
549
8869
11876
5743
1065
6243
5615
7719
4835
3905
10950
808
1827
3653
6113
9986
496
4600
11123
2777
11902
3689
11929
9216
10262
7306
3277
1565
208
1112
9762
4886
6806
10612
9687
9935
9099
10835
1220
4950
105
2173
3304
10600
2804
4478
10886
5524
5123
10047
7165
5832
4049
4612
9501
9661
9850
10317
2370
10387
955
2216
9817
3948
7753
10567
1267
4319
4389
4581
11832
8548
5480
3819
8253
233
2829
651
2126
426
7154
8419
8289
6178
4353
7789
6230
3464
11673
5730
1592
781
2956
4273
9198
3773
8761
9515
403
1085
9261
8070
2486
71
2657
11294
8373
2622
2610
2230
7867
6843
10794
12432
9362
10186
3455
12047
12110
7586
12097
8717
8458
11551
2430
11150
5906
10135
11650
6631
7535
8097
5639
11700
11707
3616
10923
9016
7900
8033
2538
7673
3322
9823
3357
12439
12155
2199
6079
7071
1240
5150
7912
12473
6965
12478
7232
6448
1662
4923
6732
3882
12178
9424
170
2131
3911
11637
6609
5601
1882
7331
4148
6339
6954
5978
9417
2721
9287
8787
3221
8662
4794
10502
7881
7466
12040
5294
464
8510
1274
4249
8618
3749
2936
2122
10247
12512
6496
4018
9747
8349
2637
3104
2985
6879
5871
11429
211
7564
1842
2693
10164
7988
8089
8438
5995
1968
2067
5020
12308
5683
3435
8053
2558
4542
4119
9920
6651
7555
5659
4196
10155
3486
10992
10117
2088
1419
6043
7484
3393
9892
7649
5545
11896
5576
1885
11846
815
1987
11020
3337
6752
10542
6727
7252
7227
2287
4992
9175
9146
1119
2880
7351
6359
9299
3202
8799
56
3077
7106
2214
10062
5813
12238
6383
6313
6934
5429
3841
3670
7032
4218
12476
484
4864
624
3136
6771
5779
9588
6279
11403
12033
7271
9964
8188
4495
11368
9347
547
10456
3185
928
11811
3697
5220
5094
7372
7842
4668
8890
9699
4855
3021
4703
3633
6195
9087
3996
6518
9955
11192
68
12148
8596
11904
12198
8647
2374
10668
12411
11220
11094
8270
9061
1439
11956
10855
7770
10703
12103
5192
2169
8975
8946
5827
4073
5852
4370
11643
2003
6030
3546
11693
3575
8891
8233
1902
7733
11834
8297
11680
3002
7797
10864
5403
4333
10399
7134
6913
6672
4397
9476
12077
9445
5368
4302
5232
9038
9489
6923
4732
3802
10631
4965
8402
5071
7150
9865
9453
2130
9658
11616
12451
10843
6794
5466
7801
9378
6017
7294
8301
3513
9110
4954
8907
803
8193
11563
3539
4609
9854
4401
5716
9593
5331
8939
4056
8137
381
1107
10095
9537
10358
4843
11466
7530
7702
12320
10954
10130
10609
8874
11331
2467
9943
2796
11528
3296
10732
1262
11232
3149
1037
5786
6416
3701
11827
4631
6286
10965
12182
2108
10473
5962
1640
11071
733
12059
5735
1905
8678
2007
6235
2599
5165
6612
1510
1855
1285
5698
4324
8487
10806
7123
2063
6064
12329
11306
10519
2884
2327
4517
8224
408
6950
2074
7724
5154
7636
3715
7909
5894
5553
6217
6055
12490
9778
9139
5589
7685
6581
7480
361
7937
10278
11052
11027
60
2688
7993
11583
10830
11154
3479
161
9930
706
4462
2381
10143
5052
5027
9258
6398
3624
1667
6567
7543
1010
3048
8758
4830
8045
12217
8076
1355
3318
3388
1408
2818
12162
11165
8315
8385
11729
11622
4236
1983
5306
7815
2949
6886
4806
3736
8461
6600
4415
4285
8336
6835
6162
3785
1620
3828
11397
554
9941
921
5495
93
11881
11333
2389
6520
617
3206
12380
7177
477
3864
9225
7102
10066
1831
5218
8725
4670
8888
4841
2163
11370
12343
7256
11924
6756
12393
10575
10546
9590
10471
1401
4996
9142
1464
8190
11073
1451
9896
8684
3855
3703
4633
3668
11711
5572
4220
4094
4697
1309
11793
4575
4546
299
5370
11743
10996
254
3482
5073
9451
4192
10633
1737
3254
10697
9044
2754
1742
6921
5929
11495
4368
5397
6028
1332
8191
9314
7204
9384
8814
4403
5333
9591
8268
2932
277
7768
1394
2228
11780
7803
10670
3265
6492
10841
8303
3511
2765
11218
11861
10325
3034
2707
10141
1527
2560
1826
1070
9472
6676
9918
7541
6645
12513
5018
1746
2246
766
4749
3006
5249
8440
6977
457
127
5856
9714
5196
8942
512
7990
5119
3542
3374
2010
3505
1579
7447
8463
4020
2334
8508
1504
8620
1554
1561
11196
1179
3992
8592
11119
1753
2347
3407
7875
7846
9625
2028
7345
7376
875
6129
1225
7121
2878
2127
7991
7085
7004
4429
1491
6583
10427
10452
7036
2674
12519
11018
11249
10414
10284
3132
10749
5551
6559
9784
11285
2690
11415
979
5966
10785
5517
10828
9780
6454
1380
7478
10280
675
5667
11236
12322
5324
10736
23
291
6041
7049
6412
6282
3391
4165
5782
638
6948
343
688
5811
6819
6465
10624
3292
7389
6381
9209
7319
6311
8007
2792
5700
11462
942
1595
992
1645
7353
7839
4154
7706
4715
5712
10029
3830
2691
6367
4052
6598
5873
4624
1472
4027
7974
5462
3320
10715
3390
1845
2820
4785
6905
11517
6653
4828
5285
149
5415
8406
2847
2184
1794
9260
1338
6400
8051
3050
1478
8760
11860
11324
3806
4736
5236
4306
11629
6689
5681
11722
2208
386
12169
8444
9928
2123
12469
572
1990
2614
6166
4071
8332
9063
1934
10701
104
3965
6882
3732
4802
10494
8565
12271
9380
5302
4232
9108
9660
9607
9009
8207
5056
4539
11937
3609
5401
4331
7148
8072
5919
6911
8837
598
3954
8554
8893
9040
8231
1675
4466
7731
11056
443
8680
11973
493
6773
10539
11401
7273
7632
1999
3843
8174
12462
9574
1185
6305
1318
2070
1217
2385
5805
12052
12
528
3023
4701
3631
6616
12189
881
12007
12000
7528
913
10128
11950
2525
11302
10360
10802
10312
2883
9166
10382
12445
9812
10562
7723
8223
12367
7669
5565
6380
429
2859
6108
1417
6063
12494
7124
1781
4323
5189
37
8919
12412
6009
7001
7994
1470
5554
9781
5893
6040
6578
10281
10411
2413
10042
5153
2671
5837
310
4617
258
2004
7544
3623
3031
11189
10144
8369
155
11719
11812
5680
499
2772
10267
11153
3272
9767
1568
9682
4269
10617
3769
6860
3126
12505
3371
12257
1155
7057
9305
7022
7215
4562
9711
8805
546
10300
11767
7498
1382
9800
851
11889
1959
9454
4350
11645
1809
1684
11695
3566
2316
8966
1776
12447
2751
5439
4509
1437
5088
8250
9041
9412
6924
9282
3251
7750
12105
8782
12387
8667
10507
2213
10648
113
3327
9594
8811
9705
9465
9853
3352
7201
1233
5348
9381
6209
8194
9311
8120
4989
7917
3514
7293
4090
6793
2176
10844
9889
7237
491
8700
441
6737
3887
92
4953
3425
11348
2501
9367
8873
11554
8712
8428
7516
12035
10989
9944
1978
4844
8092
3650
10953
3861
2077
319
7015
9400
6260
10474
5760
2926
774
12507
266
11869
4091
11439
11088
2436
2652
12160
1078
10405
2627
11787
7862
4648
8681
966
3726
9963
11404
4226
6472
11621
12161
585
1203
394
10008
1984
6788
4908
3838
9571
662
6825
10490
8326
7288
7418
1330
8171
17
899
2916
12014
5377
4863
11446
1940
11475
10677
9940
8856
707
5942
4172
1356
270
5620
4840
5093
3910
10945
10976
10109
1011
4704
3634
3169
4107
4595
5037
4677
4074
1603
5592
2611
1653
7170
6718
9876
7626
9845
10840
11093
4945
4976
10491
1718
2272
10704
10595
11037
7927
9129
7952
890
7133
6914
5404
4334
2064
1286
752
7197
11565
2189
1143
2582
1194
2420
7734
10908
8551
8234
10863
3951
2073
1056
5446
5475
839
11377
12181
7608
3103
9520
565
4621
10208
8065
986
11257
10163
2694
11222
2605
10757
7563
1669
6547
10722
3068
2052
6225
4442
5725
205
5888
682
422
7971
10140
7540
133
6142
8054
2898
7396
7895
1789
3460
2969
8572
8441
3972
5684
11321
11145
11176
410
6970
6451
7459
1707
3394
7483
9527
9552
6044
8127
1712
8929
8152
5321
5145
3529
5176
6314
6384
11585
6997
108
306
5814
339
2492
1800
10621
4757
892
12279
4722
6933
866
5257
9028
5222
4151
6696
9492
2338
1196
1170
8698
1921
9064
10437
731
1642
11091
4088
4439
5509
10493
12437
3157
3122
3115
1035
1307
4566
11795
5350
7026
8118
2613
1260
11745
4887
6807
10861
3953
3276
11526
10650
3245
9217
7307
2776
9055
8019
12460
2745
8248
5090
1797
8894
7748
9686
8553
3989
6139
1226
4348
7131
8589
9635
9987
2296
10046
10075
1105
10887
383
4861
4650
9573
8173
11090
3844
801
11917
7274
9398
6258
9961
6774
5758
11687
3648
1071
11618
10335
3024
2219
11509
5091
11862
9816
12090
8430
456
9162
10316
12230
10386
767
11350
12345
2096
10566
12395
2476
1622
5323
6038
7866
6580
6489
7481
7365
2393
2656
12481
1916
285
12435
2957
6453
2922
3617
11269
739
8096
1949
10769
5907
789
4153
9619
6378
9017
8219
7354
6110
7587
6931
1043
5939
10187
1093
12419
172
3499
7512
10623
4189
8716
4769
2196
7973
5269
10298
363
7500
9798
64
2035
11819
10161
1529
1937
11712
2164
3356
6665
7561
6858
3101
4623
5874
8786
9416
12127
9286
11323
11882
186
2101
1248
11667
920
8443
2505
1577
7467
3562
247
8735
6654
5678
9235
12070
476
1512
8962
2579
616
8455
2509
11547
11610
2586
11597
12051
12236
1628
11151
229
3458
5442
2080
6347
2535
3097
8779
10138
9279
7538
3621
2900
3033
10529
8464
4972
9195
6087
7956
5890
11848
9713
5596
12204
11898
3070
190
9872
3373
7610
7622
9518
7657
10210
2867
6061
7069
10972
4321
4176
4529
369
4145
5647
2062
7721
12306
9030
8221
2881
5975
2357
5946
8827
11540
8852
2512
8357
2673
8322
1029
5891
11442
6899
9783
944
5151
12134
2912
10283
10413
994
4257
6476
4222
12423
6445
12272
3757
3722
725
7003
12428
1933
640
6968
10259
690
6584
9759
10951
3863
2719
2378
455
9496
4377
6692
5618
3908
10379
4838
1793
9938
7777
8277
387
11721
5226
2124
2183
4726
11975
11334
8871
5107
3595
4037
3704
12244
8156
4634
9556
8683
12294
173
1018
6790
3840
4910
4093
10039
10488
7290
1363
7420
5172
8995
8659
714
10010
11958
530
11074
8545
12196
8576
11107
10634
12146
11172
2753
2400
9043
10910
3976
3253
3945
6175
6146
7829
9679
1646
3419
3289
7392
5074
1596
3677
2789
829
4951
4475
4446
10838
8304
7291
6299
9359
600
7804
5799
6791
1133
7168
6720
1293
9851
10726
4404
5334
8813
12321
11226
7203
9383
9313
4858
6623
11512
6198
10343
2842
8021
9230
1335
653
12019
8730
1022
1475
10931
4665
11354
5500
6769
5761
389
6515
957
2100
6261
7269
9958
718
670
5717
2453
3860
10059
9536
1969
12292
6362
12426
4057
12242
8136
4654
4215
4022
2237
11365
4498
6016
974
10083
3188
5467
11533
10580
11481
8906
9585
8639
1222
8185
11855
9079
3233
2733
227
10654
3297
8002
2797
2089
1598
11467
4580
9448
5481
1648
5365
11577
7323
9643
4124
1067
10858
8601
5512
9339
11878
4001
4931
3270
6424
10665
11603
2770
11500
763
5662
9831
5354
3578
6417
8978
6287
5787
1315
5274
1626
11131
2335
4774
3089
3438
5998
8435
4516
7558
8743
3053
10158
9243
10330
11307
2555
154
10807
6861
5869
8486
12176
6650
11026
9113
3510
1660
7936
4015
8615
3349
1242
7091
6099
7637
8104
7985
12202
2564
6216
2988
7693
7880
6566
11995
9630
9602
5026
7350
8202
11945
367
8077
8832
193
7509
6501
3924
8524
2371
5131
4201
10774
12132
5548
8393
62
11274
2649
1087
448
401
8337
3793
7090
9178
9739
4293
10239
1920
783
6887
12274
1590
3737
4807
5307
4237
2235
2636
5392
7074
434
6058
2909
12358
3718
4170
11290
2685
11420
2937
6433
1688
10790
9775
2993
12083
9746
7688
6497
12223
10275
10246
1459
7599
5695
1777
5604
7334
12375
10199
4133
3914
5203
5983
10116
787
5168
3487
737
4720
9421
4197
5291
7884
4791
1091
6470
3224
10692
1041
6951
5959
2724
8318
11921
8388
7226
11203
204
7818
6726
1389
1573
11775
3315
10720
3385
9147
3461
2815
7949
11168
2277
4418
4288
10791
6838
3788
3825
11291
9264
3336
8764
5577
504
11714
4692
2460
11392
1246
8479
2243
2339
11884
11758
4790
1314
6910
2076
12268
8048
5290
7172
5420
2543
7107
6634
6395
9255
3045
8755
2109
3076
4459
2801
1584
3301
8513
3970
10422
1499
10457
8570
9375
9346
1549
3193
9504
12063
9664
4483
10098
5069
3137
5521
6529
6183
8533
4968
4584
3997
8597
9035
9999
5003
3933
9655
4899
3402
249
9903
3696
6159
1228
7151
9086
12116
9868
9549
5826
10584
8947
8149
10968
10364
3547
11003
2194
5738
10899
7442
8646
6238
8675
2384
11559
2166
2081
11864
1932
1073
2702
2530
10355
9477
4396
2497
6310
5810
12288
769
7796
11069
6972
12028
8296
10737
11237
2990
5666
10793
6844
8374
11293
8505
5516
5967
3463
65
11201
1633
3774
3508
4274
10328
11987
12209
9915
6648
7560
8034
7707
10160
2541
2303
10924
6000
8006
5015
3440
284
2991
6012
6431
7439
7088
9180
1350
4924
1300
8902
12467
9824
374
7674
4026
19
5550
8132
6366
9532
11015
4307
5237
578
4737
1129
3807
6953
1824
5293
10309
4793
9809
8407
2875
2846
6989
5981
2093
9423
11516
825
7878
9628
7348
4131
5201
12315
12139
1405
523
1710
6244
4500
3190
5744
10578
11001
3665
12012
6167
3858
2406
1913
8709
10469
9960
709
8836
337
11124
4467
2331
11967
5498
9228
8206
3654
12249
5057
5022
5215
12299
6562
8728
9606
1013
8885
4860
6200
1358
6114
10
8980
611
5124
5523
4365
11498
3191
6212
111
6025
4481
3580
915
3268
7932
11057
2768
11022
11215
8265
2803
2029
10860
7765
12465
3303
8511
6617
1288
9901
8482
4578
558
9450
4354
1780
7153
2375
5001
3931
4512
8531
6181
9409
7189
8254
7754
7321
6329
7145
7176
3207
4069
9870
9641
3072
5483
9434
10067
261
1801
11396
3231
1872
4970
1751
5459
2731
1725
2379
848
853
9897
4696
7614
3899
10100
9833
10214
3332
6757
1152
1269
10547
4003
8568
6722
4933
1157
7257
7222
9105
8984
2015
3584
1917
4997
8603
3968
5763
11552
6263
2517
6308
10696
2352
5808
8849
2528
8023
4547
10933
6621
7525
5629
10341
10997
10125
10112
6
39
1541
10081
2310
5740
10242
1114
1281
11483
9742
6240
1424
5396
2632
11459
3174
10970
810
1936
6468
11831
1796
8292
6945
6976
3007
7792
1698
6503
12153
1749
5170
2249
4718
6677
1611
427
4392
2839
317
2706
2508
8642
1048
7446
7690
7475
859
1098
10014
12414
11288
11418
3791
10788
4291
10825
5197
744
3720
5822
4168
1163
794
5857
5133
4914
4203
5534
2174
6060
8391
9184
7404
11814
3692
7377
497
6863
3406
7847
8741
4788
6908
3051
4825
8050
5288
9241
5418
9082
9925
11197
2097
1998
3444
1566
11675
11901
10914
11133
1521
6704
7037
471
6595
7691
4420
4290
1758
7093
1941
6840
3790
2974
10718
11658
11170
8320
1444
9111
1253
8390
9342
7820
10426
4043
8976
54
8945
11696
3545
3576
5129
11646
1994
3502
2364
8677
12106
10856
9721
11953
10221
7783
4359
4551
8283
8413
10322
2823
1089
879
10357
9475
9446
6642
7184
9404
8259
3813
440
4383
4313
2415
7759
490
1183
2045
785
1947
12361
12072
7082
12251
12036
7241
6249
10551
8908
5749
6741
8863
3186
10455
1939
6018
9377
12514
4496
8138
2356
3871
9538
3135
552
11761
9093
9956
8840
3995
10464
9037
8595
8704
11129
3683
9657
7872
1403
9622
9610
7342
1453
8210
6119
7111
1244
3659
6196
162
4856
7713
4929
7434
10572
2177
3317
85
3387
9176
9145
2817
9321
6073
3852
3827
11843
6370
9829
5546
11893
5575
7679
4030
10304
2391
1069
9804
11634
5492
11880
765
6603
11520
6333
7851
1799
12381
2661
2850
9222
7105
6984
5028
9257
6397
6568
8722
1493
3047
1469
8757
5841
6849
11492
5670
2986
6218
8379
655
2687
2935
3779
8621
5520
4279
11781
2424
9777
3262
959
6495
7938
10277
2762
11028
5697
8039
8488
4572
10929
1563
1790
5633
12044
10156
3485
3361
7556
12094
4195
4518
5996
3436
188
514
8010
1224
11704
3078
7573
3410
1670
10173
8046
8075
7961
3449
10919
12212
12167
3338
1617
6836
3786
960
8335
11627
6709
4416
5701
1960
4286
2297
11166
3962
6885
10430
656
4805
3735
7816
2979
12290
8562
6728
4235
5305
8316
7228
12030
8386
746
6302
8493
1582
5802
6980
8437
411
12485
2834
3213
1050
1507
2458
5166
223
10118
2710
11305
2522
2557
12431
10805
9153
10248
7686
7450
4017
9748
8617
11586
10019
4919
7409
3716
9189
6401
7635
6531
5539
7987
6056
2031
2638
8298
7798
8844
2402
6462
10700
3295
2477
9973
2795
5624
11465
4398
4873
10811
5367
11311
11381
8161
1329
9561
4712
1943
11282
11412
1637
11041
212
980
10782
10443
11822
8648
4681
6236
10667
12187
12009
5736
11760
676
1312
1828
3179
12270
11454
5400
416
2175
10966
6415
6285
5828
4162
5785
9866
4782
6902
5282
5412
7180
5041
9088
9439
6324
3698
12360
10681
197
11613
4667
4064
11400
5454
1810
2419
3013
12487
574
6517
4966
5715
7619
10219
11566
3553
3894
10096
8953
4055
378
4217
2026
4700
11939
3589
11367
5311
5381
9348
5465
10873
4811
7423
9587
179
10712
8989
8187
5030
7346
7375
6570
7876
9626
7845
12404
4852
11518
3211
4827
6192
2848
8529
9952
9927
11195
2411
1807
3929
8491
7504
1486
6368
2644
6597
7035
110
256
4028
10779
870
6533
6403
11279
7086
1174
9734
11734
4492
1428
9151
3182
10234
2079
525
8008
4520
11681
6947
7963
2106
5279
3084
3005
4779
5864
11
355
6675
7571
462
8490
6646
9442
12334
1530
10171
10326
11804
7940
507
7477
3506
11030
10852
5518
10827
8972
5195
2569
5703
5855
5668
3344
1556
6094
6220
8109
11911
3572
165
3011
313
10659
730
5992
9074
2395
1783
3432
11746
1259
4129
4576
4545
11796
10683
1034
7552
7527
5043
10152
10127
10995
7421
6429
292
12079
872
886
5313
2766
5383
3266
10871
4813
9334
11525
1176
8951
2982
1190
11496
5359
3551
119
11661
7147
8163
3205
9563
926
4871
10813
8726
9608
11313
1104
11383
8208
9226
12121
10065
482
5496
6764
622
9971
7264
2111
11359
8838
800
2055
1957
3856
9895
4659
5542
1446
8140
1765
10054
9540
2503
1396
6755
10576
12396
10545
4683
6020
2197
7255
12346
8634
268
9107
11043
4995
9172
10441
8910
10369
3712
5830
699
4367
9544
10589
2234
5398
6027
8144
6052
3873
11976
8650
8861
7682
11055
1003
11217
8267
7243
7767
10553
1368
1966
6743
10894
5162
12057
6615
7711
4400
11541
1787
7113
11591
2526
5806
11660
10698
6306
3681
11829
12002
11064
8300
1442
9091
531
7800
3966
9723
567
10223
1953
11162
8312
12145
8382
9350
4454
12195
7812
933
8566
12474
5064
3667
6524
4698
4412
9669
4282
9509
4041
6832
6165
3782
2308
629
2399
601
9994
4465
11398
3811
11932
4589
4381
4311
5055
3700
5217
2821
8887
2042
4553
7781
4894
2086
8042
7178
9090
8281
8411
6154
10428
2444
6730
12219
7944
7230
12235
2317
817
10716
8623
1971
539
9269
589
8769
5843
10092
3340
11017
1121
5235
4305
3805
4735
12501
2510
4962
8474
2877
8405
1422
5286
11727
5631
5416
6639
4786
9862
6906
3363
333
3080
3408
1803
10735
12441
2640
11235
2195
1128
4166
2904
7079
6071
10962
8507
10786
5965
9323
11286
12327
11416
824
10250
5732
7448
12305
1377
6232
9750
2708
995
945
9917
6331
2091
7339
4716
7853
7594
5609
7705
6601
3919
2663
10194
10120
3229
691
2729
6978
1950
641
5954
2437
260
106
139
5017
6466
7889
308
2301
2236
3741
4082
13
4241
8692
7496
4764
1210
5264
5879
6871
9525
12175
3360
8125
8112
8341
10023
587
5147
11421
537
3128
906
8242
9420
6995
1341
8081
9290
7742
1481
2455
8790
4755
6683
2110
5255
1659
4342
4111
2574
12158
5651
6659
1925
6484
2027
7043
8067
2516
11255
2660
11946
2607
7870
2128
6576
10755
7641
11996
6545
6227
1731
9392
6252
1745
5727
5752
11653
2257
84
8791
9614
400
6351
8100
9291
7833
7359
8214
6106
3642
11264
7897
10764
7313
9203
3494
7383
11571
6813
4184
1589
5421
8720
5934
9168
11147
4675
4646
6032
3849
2333
10050
697
11086
9847
10533
1366
4947
7279
6271
2928
5771
6779
11035
10597
1001
7925
11504
6372
7195
1321
3029
671
9691
10320
10390
8426
7518
9820
1384
10570
12004
137
5477
975
11346
11375
931
10292
5504
9792
4434
569
11856
9069
6852
311
627
6827
55
1729
5346
7030
5375
4570
2165
11477
2780
11934
3280
10675
10646
8899
9690
8014
5086
8584
6134
5913
3603
8968
10391
4533
10947
9003
3568
5035
3984
4597
4105
5672
1550
3427
9365
5923
3452
1500
9481
1951
5448
8580
3980
10906
10639
3414
10132
3284
7532
6150
2784
5079
12461
2090
7824
9674
8309
4450
6294
9354
7017
7809
1683
5794
2292
518
4978
6716
9878
5339
4409
7628
9512
4601
3531
12115
10407
2625
11230
33
8931
10730
563
9500
10374
2418
10978
2714
2099
2259
11339
10601
8858
8665
10505
4730
5230
3325
10034
11448
9707
9560
9467
3141
1398
2918
8160
1448
7286
8328
4639
7416
3709
11927
7915
6786
3836
4906
10006
11079
6962
7235
8654
8
4228
6735
1970
3885
3728
1676
4180
117
5612
3902
4832
2591
7064
12402
6123
4524
6698
2407
1460
11113
10265
9026
10511
9765
1946
10615
2472
9932
5950
6553
10743
1919
6894
10482
7901
11243
5178
7055
9307
7217
1488
12376
8807
10254
6480
11639
9754
6589
11732
5581
9131
1426
4423
5243
11178
2340
2590
3471
4743
11776
1390
583
2459
12332
8774
5567
7398
9274
2896
271
10832
2023
8469
10524
5886
2941
11709
11802
2167
7960
509
3066
5600
5113
1558
10206
12049
7162
5835
4615
12099
7606
10568
8547
10984
11105
9949
1008
10318
2451
10388
1373
7520
10603
365
9818
3947
11981
6177
704
1791
4849
3646
3675
6102
5756
11824
9396
6256
4477
2305
10479
2930
72
3143
12068
6572
1514
10048
11434
3570
2276
1624
2103
4375
4346
9459
610
8970
634
9688
7775
12283
7746
12023
8275
8246
164
2778
5921
6929
4504
5434
3278
938
9483
4035
4984
5105
3597
7028
8116
8933
4568
4603
3533
9599
8997
6204
8199
4086
3519
10849
7492
9884
8696
544
354
8364
594
385
1786
4147
11961
7549
5645
5676
11184
10149
199
2022
4264
10642
12214
3764
5082
3473
5977
9418
9288
5241
8825
4741
8788
8355
12353
11620
6856
3130
1411
3358
5342
5111
2943
12088
1967
4255
9796
6447
1865
12228
10296
3755
177
2068
1299
8457
8718
8422
1349
9170
11753
11342
1644
11111
10513
7129
6121
6376
6345
3095
2537
2087
1988
7664
1738
12263
8098
2854
2593
9197
4421
6085
6004
7999
5184
9133
8914
5583
2658
2373
12316
6036
7868
4642
7903
6551
7655
5559
10741
11082
2865
2496
11241
10002
1974
6966
6478
7454
3524
1963
6667
12409
7643
6782
4902
3832
3399
8924
7282
5180
7412
7041
1237
6049
5423
5948
1811
11739
11632
6319
7311
1433
6389
9201
7381
7465
6811
5819
8737
9237
6700
4178
8793
6353
9293
7831
2699
1535
10021
1082
453
9516
11423
6712
1275
5598
6873
12339
8343
7367
1956
778
11676
7958
3743
4243
2955
3615
7536
12092
5653
5905
12042
10136
4113
470
9015
8059
7400
5689
6681
7585
2083
11809
11702
3456
10185
11960
8083
11180
2588
10902
2964
10077
11228
10885
10728
12459
3062
9880
7602
7630
4079
10202
7166
2030
10709
9124
4980
10836
4448
2312
11538
5882
648
9001
1027
10337
6919
5911
4339
5409
6148
3601
11837
10393
4531
2892
3978
952
12074
1605
2380
1806
723
1779
7739
5450
8239
8578
1270
11873
2309
4230
11608
3730
10435
6273
11409
1515
10531
1062
5773
8330
191
10486
3155
3117
11450
758
9558
12452
1961
2920
8158
4885
6805
1115
4728
3247
9215
9022
7305
9057
2747
2107
5228
2008
9936
2432
243
8860
11850
811
10980
4836
3906
11900
5616
11907
9693
3164
3639
4709
9498
9637
10104
9985
2398
11655
11114
11200
2361
12489
372
2851
7108
5025
7380
5212
219
7661
6565
7850
8882
4523
6124
8047
7063
168
8911
9753
5181
9148
10253
12137
11167
8317
4424
8387
11678
7009
6001
7817
930
1587
10419
11244
1760
10289
3662
6893
5578
7040
10744
9789
6554
4417
4287
398
451
6837
626
3787
2679
11181
9273
1631
3039
5167
3488
1938
8773
4198
6680
12173
11544
2135
8485
2556
11594
8361
2187
4744
12482
265
5244
1700
4515
3761
8436
2449
3010
1815
4261
7986
5114
5200
3717
3379
696
5860
4362
9719
6215
6022
6057
1165
2001
4016
7687
6498
7935
1657
1000
11025
11212
12150
8262
2211
2938
7762
12200
11989
8616
861
12207
1365
10523
2783
5366
9478
4550
3283
9912
3413
9673
7823
11000
813
3259
5924
9049
4501
5431
2759
2487
12493
5012
11572
1117
12498
3548
9319
6201
9389
7209
8819
8948
4981
10967
9881
8502
5793
9353
6293
12240
11606
5737
10666
1798
6237
2394
1272
8598
2421
721
10981
4967
6516
3998
2872
10373
3210
9867
4666
1025
3869
2713
10070
6760
10550
11536
1996
10458
6015
7260
11366
8186
12247
5000
12310
9586
8653
12297
8905
156
210
3138
536
11431
4099
11969
586
358
9900
10033
4216
8689
8135
9535
10097
11012
8645
8676
11801
2024
7472
11060
10534
10857
10822
8179
6418
8977
6288
5825
9579
5788
11914
3577
3298
2798
11684
8295
6942
7795
160
206
239
10101
1543
6620
11503
1283
4395
11468
3161
9447
10356
12331
2619
4058
6592
12066
5718
6170
5503
4433
1708
10499
1425
4497
9121
9376
11731
9345
61
5468
3187
305
5060
3695
2185
3604
4534
5914
6133
12401
9656
8583
4857
3983
4822
6197
9085
9004
12113
8559
2231
520
9957
9922
4470
8013
9036
3959
3826
4629
8338
1980
5547
1202
12318
3335
1207
10024
6888
3738
4808
6725
5308
4238
9102
7225
2816
898
7979
5263
2267
9177
4763
903
3316
11530
3386
2573
1251
8410
1264
11664
7142
8078
1039
3046
8756
3075
12124
9256
6396
5240
2445
4310
8449
2961
3810
735
4740
1523
11329
6684
1829
1613
7451
6459
5970
2686
10276
10245
12226
9776
12086
9745
10740
2162
8921
1722
7044
2635
11240
2987
1717
6483
3521
7638
5329
10629
4183
6814
5997
9204
7384
3493
7314
742
1147
5933
792
805
1142
3437
11308
8213
7834
10808
9613
5696
4159
10763
843
7557
1046
7522
7710
838
1109
11263
1096
10157
10122
10115
11579
11216
822
9123
4012
27
2414
12285
5501
4431
7766
8612
11099
8266
12025
1126
608
8950
7982
3550
6026
4366
12470
8011
6307
749
2365
10869
5807
88
286
8432
3981
1053
10998
10394
2527
2552
347
9480
561
4548
8581
7139
6131
4869
3666
1977
1875
963
3140
2078
1770
9898
4998
12017
3967
6758
10548
5774
8567
10460
659
7258
185
9969
6274
8886
3163
9694
9605
2215
5216
8205
10068
11962
5099
10103
3208
11501
8835
4000
8600
1502
1552
7644
12265
3523
820
11016
6365
8923
7489
6481
7038
5580
4212
4025
11362
7453
1297
10717
9582
1124
1347
9150
11755
8182
2212
4787
11515
6907
10761
5287
5417
2104
11261
2876
2845
7110
9294
6354
8211
1334
262
7378
9611
8794
7848
4662
581
1392
5424
5931
6939
11778
4181
6512
3491
11198
983
11287
2940
11417
5261
10787
5515
4761
8506
1690
10662
6500
4244
3744
7569
11424
5665
679
12378
10169
419
5198
8344
6874
4167
5858
3109
11982
3008
2963
6467
2425
5016
8084
8005
1462
6678
9916
5654
5362
2571
3490
12355
4717
4114
4200
9926
3763
445
4263
495
2429
502
4308
5238
2152
780
9032
4738
3808
4
3474
11159
9652
7877
3405
9627
7347
8363
8408
3629
1084
11183
8080
97
9271
4826
8771
1571
12254
7087
1516
10521
2944
10425
6890
4810
3740
79
9372
4240
5310
867
11998
468
6596
11948
11764
8340
1171
4521
4329
7708
12156
1239
7061
6069
2594
10327
11310
2705
2853
10352
10810
7663
6647
8229
2217
7729
10514
12364
1606
432
6946
6975
2889
828
833
7640
1178
10738
5159
11238
1754
273
7904
6891
5899
6003
1132
3507
7445
112
7476
874
1137
8672
9751
5584
10826
9134
8913
5968
10251
5183
5692
123
11557
11470
760
4577
10959
2711
12041
10126
10371
6618
12091
7526
1474
1064
10983
2084
8879
11875
10604
3300
10695
2441
11701
2800
11497
5395
1276
11433
6420
6290
2232
10031
1536
3144
5790
2682
11858
11784
8651
9772
3267
10272
11058
2767
11395
4468
329
977
5497
11631
2369
9484
4503
5433
1219
12384
9671
673
7821
7146
7175
9227
2781
5058
6392
9252
3281
8727
3411
3042
8752
9106
1973
4959
5470
10577
6799
5791
9883
3312
3382
954
9351
6291
7299
2812
1964
5720
290
8934
12424
6168
3857
3822
4983
650
6203
4060
49
4604
3534
9859
4695
7198
4874
5623
10939
11919
3680
8029
8843
11110
3426
11378
9974
293
7261
6269
10907
7515
603
5769
2304
6761
1538
10051
1278
11453
6717
4678
1135
1862
10406
7362
11489
11038
10444
7928
7016
11782
831
11689
8631
2925
5453
7780
2129
533
8280
1440
9071
11955
10678
3014
3565
8732
5489
4108
5038
4380
9232
4063
99
475
12382
8965
6323
9331
10874
8609
10007
438
7424
4939
4009
77
11978
488
4040
3893
5110
3554
5378
9839
9466
6662
9706
6787
4907
3837
1679
7287
7417
8954
4758
3081
264
11139
3242
327
5258
9027
9052
2742
643
11817
6998
8830
693
2482
10174
7574
5650
5861
6869
947
12510
9632
997
4260
3760
1518
12252
1215
11669
11762
8360
6091
7099
3341
3125
3112
8806
9528
911
9306
8128
7216
12129
47
11845
2448
6350
11895
5566
3100
2833
3214
10332
1420
2897
1608
12071
6509
7501
8494
1912
9165
12362
11258
10072
10758
6548
4209
5139
3067
1467
7607
7660
1993
10207
2870
12417
2641
10231
1681
9731
6090
9154
12450
5887
3592
2901
7058
6074
91
1509
5146
2239
5175
8992
7433
7497
10191
1532
6334
6604
6695
7591
9429
6983
10618
4799
9803
5299
10303
143
5951
6959
10268
360
7470
9768
2098
5726
29
4472
6226
11821
7941
3469
981
2960
1895
1997
11299
5838
8066
4618
10799
11549
417
6577
11599
2606
677
7590
8471
8542
10190
11146
11175
11984
919
3942
3620
6172
1619
5910
349
1944
7896
9020
7395
615
5634
6107
3309
4946
9192
4975
2809
4451
1733
304
12348
1199
2262
12398
10596
2628
1687
10890
11615
4044
1692
4647
9875
7625
9846
6521
5529
11087
5061
895
2115
8452
4314
8427
4384
3814
7183
9403
11347
9368
9991
5445
5476
1918
1291
747
7159
8414
6151
8284
1835
380
2532
4891
7784
1051
2824
1327
8141
8325
2346
7918
961
9541
3160
6826
11445
3328
11476
5347
2915
7238
4225
6442
10891
6738
3888
3725
10440
657
8864
1726
10946
10975
11964
1892
4142
7714
11798
4596
712
9990
11748
1304
4890
8668
6810
10508
10647
9094
9220
1354
7310
1361
12211
3684
5087
5972
11061
1639
8703
1016
8855
10463
1395
6666
9530
9702
9462
3355
1445
8130
12120
8358
5844
7943
11588
6967
2454
11717
8624
4258
3758
11209
12122
5648
3364
9236
11887
8736
2549
11769
11662
12259
9415
413
7000
9285
8828
8785
4760
1580
8473
5260
9324
7012
2999
12369
6088
7431
6439
12457
7658
9517
2466
2868
11260
2655
10402
2903
7366
7865
10760
6550
5953
3422
3457
12440
8715
9801
1784
237
10301
10137
58
8095
7537
5989
6981
10193
6348
5209
2664
4139
1672
7593
3098
7854
10837
2000
798
11040
10893
6744
184
10554
7930
506
7244
1720
4680
11912
1555
1102
10045
10076
11009
3874
2326
8143
7167
11568
9543
1076
11063
2390
10315
10385
66
11682
11789
841
10461
9815
8701
10565
2247
11867
11108
11380
10336
2069
5562
772
3678
1145
7200
7114
12389
901
3116
6523
10487
5063
5108
1257
4038
4489
9302
7025
7212
5380
4565
3199
8802
1310
1032
1485
1205
10224
9724
1989
8519
12455
4453
728
5617
3907
4837
6153
9636
5040
4110
4893
4378
9909
4554
2775
9056
9993
2746
3939
5009
11523
3275
10680
3246
1852
9685
9937
7778
1231
7181
6189
9401
8278
8539
9649
10684
4061
6176
6145
6321
7329
1702
3647
5044
7892
1697
171
11574
12143
9370
8546
12193
8575
1601
3975
3946
2739
5451
1651
9073
1664
11142
3239
863
1058
12180
858
8062
3891
2602
11225
2630
10888
10725
6222
4476
4445
1167
9397
6257
754
5722
1162
5757
9333
4814
12038
5384
5314
7263
8247
6763
7747
1594
8841
4888
6808
8670
664
10510
4725
9218
7308
5225
4347
9564
392
405
9495
8164
9988
217
2286
2368
968
11384
11314
1804
10349
5621
6629
10814
8633
4087
4684
12108
8697
7240
1757
6740
3890
1762
10089
11044
10438
3330
9555
11648
8117
3596
11698
8155
5142
1981
8996
10053
70
7920
3158
11451
10270
11931
7468
12303
9770
1379
10620
7503
5976
5945
4175
4146
10942
2428
2245
2831
4592
5677
849
1954
10297
6475
6446
9797
4299
10233
566
3799
9733
6857
12277
1153
6822
2643
1778
6404
8399
7060
6534
11472
2536
11592
12496
684
5863
9018
6377
11542
12517
424
3618
9249
3059
5908
8749
988
2585
8456
7588
12001
5
3083
5472
7964
10188
12233
6037
7699
5595
5704
2383
2009
1976
6093
5840
4620
3343
9842
4942
9196
2958
10592
2233
7955
9119
