4535
4521
4058
4025
4138
4025
1464
2652
2563
1505
4318
1196
2163
1196
3556
3876
3556
3876
3320
3313
2549
3768
1120
4297
2925
2873
2371
4074
1943
4074
4227
4074
3143
2263
3612
2263
4501
2401
4501
2401
3163
2623
2877
3746
2433
3746
2271
3746
1444
3746
2522
3746
2321
3746
1063
3746
1059
3746
1616
3746
2431
3746
1299
3746
1361
3746
2886
3746
2885
3746
2645
3746
3153
3746
4181
3746
1048
3746
4099
3746
2146
3746
2875
3746
2630
3746
4084
3746
2644
3746
1025
3746
2884
3746
1805
3746
1665
3746
1662
3746
4047
3746
1014
3746
2880
3746
1040
3746
4494
2572
2516
1449
3059
1449
2732
3248
4300
3248
4282
3248
656
463
1193
1572
116
36
1835
2449
1950
2449
4221
2449
4223
4141
1773
4141
212
213
4450
4397
206
278
328
278
326
278
3719
3716
2487
3716
3366
3716
3129
1263
2603
1263
3545
1401
1729
1401
1656
2196
1656
2196
2786
4538
2121
4538
348
302
3098
2505
877
792
849
792
756
792
612
574
599
574
274
400
201
400
121
151
1175
1481
3706
4429
2551
4429
946
4429
211
412
2558
1114
1482
1114
1772
2627
2711
1656
3515
4405
2028
2267
1851
2267
2734
4450
1647
4450
1130
2877
1537
4017
1928
4017
3148
1310
3152
1310
2800
3317
4521
2788
3063
2788
4528
2788
3343
2428
2831
3576
4185
2385
1539
2385
2199
2385
3348
3064
2815
3064
4305
3940
4253
1385
695
693
485
693
3322
2310
3149
1894
1897
1894
3369
1428
2995
3260
3283
3260
2726
3260
2399
1267
2084
1267
2980
3192
2975
3192
1559
3192
4217
2931
3208
2931
3862
1870
3863
1870
861
771
322
422
427
422
1572
2481
1578
2481
1858
2481
1669
2481
1852
2481
2052
2481
4121
2481
4203
2481
1508
2481
1632
2481
2576
2481
1652
2481
2110
2481
1598
2481
4095
2481
1540
2481
4140
2481
1512
2481
1814
2481
4158
2481
4207
2481
1878
2481
4097
2481
1265
2481
4072
2481
1573
2481
4148
2481
4083
2481
1588
2481
2233
2481
4110
2481
2226
2481
3136
2481
1194
2481
1492
2114
4066
2114
1545
1620
169
722
613
621
469
621
882
713
2714
4305
3793
4305
3676
4305
2982
4305
4430
4305
3275
4305
3325
3822
3806
2721
2305
2721
3804
2721
3047
4468
3236
1422
3541
3309
3543
3309
3043
3309
2535
1246
3946
1246
2665
3881
1195
2259
1856
2259
3925
4446
2370
4446
3681
4446
3443
2869
3761
2869
4088
1165
4486
1061
2997
1061
2990
1061
2692
1061
1276
1453
2664
3198
4271
3198
3214
3198
1160
2619
1085
4363
104
2963
4061
3222
4061
113
1175
2165
2374
2061
1523
2061
1550
2453
1146
4263
1251
1259
1967
1259
2972
2891
1343
2891
1754
2891
1119
2891
4177
1934
1949
1934
1646
1635
1846
2246
2001
2246
2687
3215
2687
3215
146
4608
2528
3484
3250
3484
2510
3484
4396
3111
2565
2782
2489
2422
1385
4032
1055
4032
3645
4032
2224
4032
1903
4032
2154
4032
1032
4032
1290
4032
1070
4032
2399
4032
3755
4032
4286
4032
4058
4032
2085
4032
2642
4032
1587
4032
4195
4032
1042
4032
4152
4032
1570
4032
1420
4032
1081
4032
1049
4032
1952
4032
4100
4032
2322
4032
1065
4032
2521
4032
3952
4032
4138
4032
1510
4032
1467
4032
4151
4032
4246
1724
2561
1724
2632
3956
3166
3956
3627
3956
4066
3750
91
45
4526
3835
3839
3835
1428
1457
3077
1457
4560
1457
3471
3450
1416
3729
1517
3729
1187
1578
4265
4213
1189
3404
167
77
1567
3657
539
623
2015
4090
3759
4090
2904
4090
580
600
1164
2658
80
85
4211
2578
1419
3242
48
821
2884
1786
2880
1786
1224
2457
2598
2457
4062
2457
4128
2457
1617
2457
1597
2457
3481
3426
3238
3426
4238
3426
4255
3426
3461
3426
3239
3426
332
239
3365
3575
4600
3575
2410
2386
2409
2386
4117
2386
2126
2983
2397
2147
3335
2147
3331
2147
1836
4216
4279
4216
1528
4216
2640
2433
1367
1699
3851
1699
450
449
2706
3641
4193
3641
2064
4030
1071
4030
1086
4030
2624
4030
1060
4030
1041
4030
1628
4030
1026
4030
1945
4030
3619
4030
2329
4030
4276
4030
4075
4030
1586
4030
1421
4030
1408
4030
0
711
3047
1655
3620
4049
3951
4049
4075
1954
1305
1954
547
597
2828
954
2735
3502
3517
3502
3082
2804
1675
2804
3081
2804
3076
2804
4577
4571
3585
4571
977
4571
359
341
243
341
91
68
3327
1433
2515
1433
982
1433
414
448
3669
3789
49
236
1714
3811
3020
3811
1713
3811
601
502
532
502
1346
1386
288
287
3425
3140
3630
3140
3756
3140
2317
3895
1516
3895
1135
3895
2157
1147
2156
1147
4385
1147
3257
1147
4368
4348
1210
4092
555
648
1838
2324
2380
2324
4259
2638
4037
3382
1570
2218
1467
2218
3140
2544
1506
2544
2073
2544
4157
2544
3608
2544
1382
2544
3143
2544
1983
2544
3139
2544
1248
2544
2314
2544
1984
2544
3612
2544
1149
2544
4156
2544
4204
2544
3133
2544
1547
2544
1352
2544
3141
2544
3615
2544
3951
2544
1532
2544
1283
2544
3415
2544
2010
2544
3146
2544
2354
2544
1190
2544
2574
2544
2229
2544
3613
2544
4200
2544
3186
3168
2795
3907
1668
3907
30
671
2650
1091
2955
1091
1330
1506
1181
1195
1553
2069
2395
2069
3085
2437
3687
4366
4571
980
4563
980
3771
980
2973
980
4463
4443
2479
4443
2551
4443
4336
2987
2864
1271
2356
1271
3504
2143
3826
2289
2742
4384
3506
4384
3001
4384
1929
2271
2228
2271
4370
1980
3292
1980
1288
1289
2191
1289
600
515
625
515
588
515
1648
1143
1353
1143
1291
2861
2715
4284
3869
2091
1240
2091
3180
3752
109
55
4304
2195
1709
1069
3477
1069
1072
1069
3203
1069
1677
2506
3563
2506
3065
2506
3195
3430
2271
1437
3153
1437
2958
4266
3196
1218
2649
1218
4360
1218
3199
1218
1977
1218
1568
3953
4197
3953
4397
1544
1364
1544
4439
1544
1622
1544
4303
4248
1288
1324
2355
1324
127
8
1453
1911
4256
1911
4453
2979
3049
3321
4479
2297
4478
2297
214
215
3075
4545
1679
4545
855
850
809
814
896
814
724
814
1956
2077
1272
2077
2586
1703
2307
2429
3340
3541
706
704
490
704
590
576
158
161
1673
4563
2738
4563
3516
4563
4092
1212
3499
3274
1542
3274
1581
2212
3423
2212
4349
1785
1412
1785
362
210
4119
3425
1176
1864
3868
1864
2643
4118
3887
3094
2934
2632
1050
3388
1069
1077
3692
4511
3539
4511
1398
4511
3867
3070
3866
3070
3747
1429
600
571
656
571
129
1602
3162
4094
1297
2326
1297
4479
3290
4478
3290
1449
4489
1580
4489
1378
2914
4422
2914
2125
3873
3527
3873
3920
3508
1771
1166
2677
1166
1722
1166
2722
3942
2722
3942
1033
1707
3604
3743
2771
3820
3914
3820
3701
3820
3318
3820
2776
3820
2473
4337
4380
4337
4016
1245
1982
1245
2395
2073
1946
2073
2376
2073
2819
2139
3074
2139
2518
2139
1358
2951
1153
2293
2289
4452
3289
4452
2290
4452
3715
3713
3234
3216
4275
1293
2554
1293
1758
1293
1829
1293
4240
1293
3273
1139
4321
1139
1120
1139
4417
1139
883
747
4446
2700
3796
2700
3273
2700
3494
2700
2523
2700
3419
1801
3619
1801
2703
4237
1061
1073
1068
1073
4107
2245
2557
1636
4484
1636
187
198
517
636
521
636
2652
4157
4190
4157
2897
4157
4128
2166
512
559
616
559
4607
3581
4132
4106
4236
4106
796
820
868
820
736
820
668
584
731
884
742
884
752
884
924
884
980
1016
1013
1016
184
182
2235
3858
4126
3858
2234
3858
2986
4272
1063
2151
2615
2151
3480
2939
1523
2055
1448
2055
1362
1363
4156
1301
4204
1301
224
361
835
873
222
223
2293
4387
4401
4387
3678
4387
3793
4387
2294
4387
3676
4387
4063
2099
1982
2099
4166
1476
951
3904
1113
1793
1412
1793
2477
2476
2506
1099
3323
1099
4525
1099
4554
1099
3355
3348
172
73
102
58
412
364
209
364
219
364
231
364
3216
2363
2187
2363
2949
2363
4175
2363
3773
2363
3016
2966
1060
2301
1047
2301
4356
4287
3831
3528
3311
3528
4449
3528
3312
3528
3702
3528
2146
1745
2880
1745
3466
2016
3417
3413
2012
3413
3748
3413
2192
3413
4104
3413
4085
3413
2323
3413
1480
3413
2109
3413
4063
3413
2239
3413
4143
3413
2190
3413
4147
3413
1851
3413
2325
3413
4464
4372
3824
4372
4421
4372
1763
1151
1764
1151
1657
1151
3491
1151
2
5
387
377
199
377
1051
1055
1621
1858
2396
1858
4539
4515
1113
1797
2622
1797
3196
1669
2649
1669
3199
1669
3572
4540
3356
4540
2532
4540
3937
4326
3937
4326
2073
3605
4157
3605
1382
3605
2314
3605
1984
3605
4156
3605
3615
3605
1532
3605
1283
3605
3415
3605
2010
3605
2354
3605
3749
3605
2229
3605
1409
1819
1406
1819
99
31
2520
3360
964
1367
45
526
2642
2179
1570
2179
3861
962
4532
3038
552
662
664
662
3641
2410
117
1662
1285
4051
1285
3066
3549
1362
2835
3703
2774
3090
2285
193
194
2989
3472
176
451
81
65
4110
1962
3136
1962
1173
1179
1180
1410
745
893
794
893
894
893
1121
3417
3034
3012
591
555
729
923
1076
2367
259
290
231
290
1003
1691
4543
2790
1459
2790
4270
4226
309
385
1970
1968
1690
4559
3080
4559
2448
4559
701
675
702
675
833
889
815
889
716
889
1549
1550
2940
3645
3210
3645
2935
3645
2801
3557
3132
2526
351
349
409
349
2683
2943
2683
2943
1202
2346
1515
2346
3662
2187
4307
3478
1816
1827
1353
1827
2922
2856
3864
2856
1380
2856
2133
1359
2798
1359
4514
1359
622
510
610
510
171
3098
1677
3691
3018
4456
3018
2621
1789
1105
1789
836
768
1224
2103
2238
2103
3695
3669
3284
3669
3023
4334
2763
4334
2675
1771
2585
1771
4377
2670
2954
1103
3188
1103
1102
1103
3194
4234
2826
2820
2358
2359
2358
2359
416
434
295
434
1511
4208
8
1346
3797
3891
3830
3891
3810
3891
3512
3891
3299
3891
2733
3891
1154
1187
2937
1187
4388
1187
2504
1187
2941
3180
1596
3180
3185
3180
972
3409
3821
3815
2737
2995
4342
2694
4582
968
686
685
482
685
4560
3909
2811
3909
2524
3032
1605
4154
3207
4154
4395
1526
1067
3978
1637
3978
4235
3978
3987
3978
2533
2550
3599
2550
4107
2107
2108
2107
1773
2584
4610
4597
3832
3522
3827
3522
940
3860
2282
3860
2754
1036
1729
1036
1551
1673
3565
3342
4225
3154
2875
1823
1665
1823
36
2
45
2
55
2
48
2
33
2
22
2
49
2
37
2
53
2
39
2
14
2
47
2
56
2
46
2
38
2
180
2
0
2
185
2
177
2
11
2
29
2
50
2
169
2
13
2
54
2
183
2
52
2
19
2
34
2
12
2
187
2
15
2
41
2
1196
1852
3262
2947
4092
4080
2375
4080
1693
940
1403
2183
1751
2183
4587
3553
2467
3553
4434
3304
2773
3304
2314
1940
3615
1940
588
519
462
519
609
519
1182
1183
1177
1183
36
207
2803
4587
949
4587
145
3100
4287
1584
4351
1107
1482
1107
681
568
480
568
1572
2036
1858
2036
2377
1286
4171
1286
4613
3885
1140
4014
4037
4014
2315
4014
4089
4014
4067
4014
4212
2907
2282
3779
2759
3023
898
796
855
796
2867
4065
1375
4065
1376
4065
956
3606
3609
3606
2531
2530
3564
3052
2509
3052
4019
3728
2771
3537
1531
1530
109
110
3208
3444
4137
3444
2680
3444
1713
2742
2757
2742
2368
2286
299
411
4601
2836
1540
1900
4158
1900
2808
1475
456
612
4122
1224
2499
1224
4556
2809
1002
2809
3075
2809
1669
1998
4095
1998
291
346
4538
3831
4121
2602
4110
2602
2728
1759
294
416
439
416
978
1015
1506
2056
2229
2056
3034
3027
19
726
3355
1020
250
251
4258
2903
2197
4077
1945
4077
4348
4294
3825
4294
1615
2371
915
775
471
507
651
507
578
507
4582
1389
2132
1389
4418
4394
3672
4394
183
819
1116
1371
1109
3134
2388
2389
428
426
283
426
2711
1602
3183
2015
4493
1714
923
808
727
808
851
808
2872
2020
2617
2020
3410
1056
1039
1056
1501
3862
2170
3862
1432
998
1368
3533
1687
3533
961
3533
3485
2664
1759
2965
3269
2965
3268
2965
34
737
2153
1746
2146
1746
2453
1832
4445
1832
704
697
700
697
757
758
4244
2475
1473
2475
1509
2475
4509
3282
1315
2224
3444
4082
3568
3708
3570
3708
2767
4479
949
4479
948
4479
1191
1608
822
901
776
927
862
927
1221
1397
1445
3390
2879
3390
1768
1767
99
48
4410
3019
1630
3019
3688
3019
875
892
916
892
748
892
2947
4323
2468
4323
4331
4323
1140
4021
4037
4021
3859
4021
4419
3654
3492
3654
2971
3654
4453
3654
3249
3654
764
845
929
845
105
2817
1300
1838
714
922
833
922
2754
3288
1594
4428
88
96
2832
992
3682
4370
3686
4370
1028
1035
858
897
4598
3374
1742
1131
1466
1131
3228
1131
2679
1131
3789
4270
3801
4270
1756
4270
1755
4270
2733
4270
1984
1992
1532
1992
2433
3999
1015
3999
1035
3999
1027
3999
2221
3999
979
3999
1133
3999
4396
3999
3125
3999
4040
3999
4131
3999
2645
3999
1126
3999
3739
3999
1145
3999
1318
3999
1339
3999
1279
3999
2644
3999
1050
3999
1066
3999
1138
3999
1325
3999
1608
2035
4229
2035
348
274
308
274
4474
2131
3419
1810
4276
1810
1760
2711
3680
2711
3287
2711
3936
2711
3928
2711
3007
2711
1230
4145
459
586
3060
2760
4531
2760
2527
2760
1311
4169
2498
1661
2164
4223
3077
4546
3369
4546
1415
2608
3436
2608
88
4222
3221
361
225
3554
2397
2648
4103
1531
4103
2464
2855
2222
2855
2402
4401
3450
1441
3189
1441
2936
1441
106
2813
4090
2345
2205
2345
4455
1763
3100
1393
1723
2899
807
825
1661
2525
1094
2525
2846
2525
4351
2525
2498
2525
1159
2525
1633
2748
3815
2996
4469
2996
3519
2996
2922
2393
3864
2393
1380
2393
3260
1525
857
877
921
877
144
1345
453
627
628
627
1678
4301
663
543
531
543
2764
3529
4476
3529
150
4613
935
872
4108
2441
602
524
583
524
643
524
3064
3058
4561
3058
4567
3058
3024
2746
1717
2746
4483
2746
1422
1965
4154
1965
50
818
3636
1664
88
69
3895
2533
3413
2533
4016
2533
2860
2533
1418
2533
3896
2533
1849
2533
1504
2533
3424
2533
3238
4206
4238
4206
3239
4206
3476
3224
3240
3224
2128
2282
4292
2282
825
809
834
809
3663
3475
484
687
692
687
77
2832
1472
3389
2878
3389
3716
2134
4544
2134
3053
4494
2573
4494
790
881
7
142
2526
3976
3989
3976
3411
1027
978
1027
2757
3020
3800
2714
821
759
1075
3015
441
436
442
436
333
351
386
351
2028
2027
60
3056
4108
3602
1497
3602
2401
2759
4501
2759
1641
2759
1403
1134
2622
1134
618
607
478
607
4593
3371
1543
1903
4168
1903
2188
1903
114
33
598
512
620
512
1276
1282
2748
3801
3338
3801
3819
3801
4343
3665
3668
3665
4340
3665
510
677
637
677
282
246
3375
965
1484
1809
1349
1809
4429
2998
2281
1533
1743
1742
3934
2444
2985
1023
1029
1023
1022
1023
2712
1023
3216
2900
2187
2900
3640
2900
3927
2900
4175
2900
3773
2900
1528
1836
1528
1836
3302
3286
173
9
1045
1052
1037
1052
3526
3682
1461
2537
3027
1606
3025
1606
4506
1606
3818
1606
3697
1606
1031
3917
468
672
474
672
631
672
587
672
3416
2052
1293
1537
3045
3530
3606
2606
957
2606
3933
3770
4397
3922
4424
3922
2568
1907
1831
1907
3724
3723
854
832
3068
3840
1116
1444
4350
3677
2012
2023
1500
2023
4188
3441
1077
2529
2530
2529
1377
2529
3924
2529
2224
2058
2322
2058
739
878
1389
4569
3584
4569
1689
4569
1108
3393
15
282
1476
1996
1372
1996
263
366
269
366
926
770
2738
3794
2460
3981
215
263
218
263
304
263
128
2422
2763
2137
2763
2138
2763
4545
3345
2809
3345
119
150
4149
4108
3194
4108
1593
4108
3766
3621
4315
1748
3167
1748
2759
3525
1508
1899
1540
1899
3581
996
4268
3856
1052
1058
2692
1058
116
4118
4054
2374
4054
2700
1529
1128
1813
3215
1855
1767
1855
2785
4501
2418
4501
3912
4501
13
535
2738
1019
1460
1019
3253
2661
4409
1760
3404
3397
1197
3397
3744
2221
3745
2221
3601
2221
290
325
307
325
3160
1390
2896
1390
2918
1390
1644
4279
3616
3608
3614
3608
3610
3608
4311
3131
3893
3131
2155
3131
1280
3935
152
4609
2479
3035
2775
3035
2940
1374
4359
1374
3013
2992
485
486
1222
4228
4449
1711
2626
1288
3442
1288
1666
1288
3888
2810
3426
4180
3278
4328
3552
2288
4529
2288
2423
2288
4192
2838
2910
1817
1639
2374
750
928
744
928
3876
3703
3875
3703
4491
4470
2391
2390
2694
1221
1465
1221
2916
1221
1571
1221
742
898
4422
4379
3536
4423
3683
4423
1480
2019
1500
2019
2467
2767
38
731
177
190
4252
1360
4346
1360
4255
1360
3461
1360
1577
1360
2964
1360
1011
3367
3168
2012
2920
2012
454
455
3781
1605
2367
1790
1096
1790
154
160
4433
2691
4355
2691
3298
2691
668
551
2403
1549
2407
1549
2287
1549
832
909
719
909
815
909
2441
2472
1168
2472
4116
2472
2440
2472
1492
2472
2009
2472
2037
2472
4094
2472
2535
2472
4115
2472
2241
2472
3946
2472
3894
2472
3997
2472
2326
2472
2567
2472
3868
2472
13
294
2452
3285
3814
3285
3178
1774
4209
1835
3264
4165
2709
4165
3251
4165
1451
2417
1037
1038
1030
1038
4366
2962
1600
2962
1051
3410
1856
2038
2469
2038
2761
1417
3637
3179
2794
3706
4187
2549
4187
2549
1127
1472
4009
3995
1720
4426
223
401
413
401
3358
2797
4552
2797
412
265
362
265
264
265
4296
2669
1568
2360
1209
2360
3924
2360
1095
2360
1548
2360
1442
2360
3406
2360
4608
1012
2825
2819
1495
2605
1494
2605
3557
4537
1354
4537
3746
4007
2615
4007
2153
4007
3243
939
541
625
2292
4472
1692
4472
2696
2413
1099
3016
835
786
762
786
3820
4415
1064
2858
1071
2858
1086
2858
1060
2858
1041
2858
1017
2858
1026
2858
1078
2858
4276
2858
1034
2858
744
745
2627
1581
3174
1581
2513
1581
455
638
522
638
628
638
1306
4177
2399
2348
1952
2348
3666
3476
3022
2745
1518
2528
3313
3301
1359
3301
1454
3301
3334
3301
1404
1966
2202
1966
2203
1966
1681
3363
2831
3363
3722
3363
4104
3734
2239
3734
3555
4487
4337
1528
1833
1528
227
323
334
323
3854
3853
3855
3853
2129
966
2802
2793
809
810
725
810
721
810
3182
1348
2921
1348
3624
1348
137
3099
3654
4315
525
484
589
622
660
622
1106
4182
4277
4182
3346
2581
3352
2581
2136
2581
2435
3055
4074
1939
2315
1939
4297
3151
818
760
188
24
95
97
3716
1413
4544
1413
3242
1154
3285
1342
3285
1342
1497
4121
3041
3036
347
258
345
258
235
258
539
468
590
468
1281
1522
2492
2100
70
904
4244
1553
2316
1553
1509
1553
1683
4555
4558
4555
385
307
231
307
3056
947
3706
947
2967
2940
1132
2304
4082
4045
4091
4045
3940
3183
4536
4519
2231
1947
3424
1947
1836
1304
1644
1304
2367
2852
1748
2852
4069
2852
1502
2852
4113
2852
1321
2852
1624
2852
1067
2852
1487
2852
4142
2852
1648
2852
1232
2852
2312
2852
1637
2852
1106
2852
1251
2852
4277
2852
1607
2852
1816
2852
1967
2852
2240
2852
1590
2852
4235
2852
1357
2852
1353
2852
1096
2852
1341
2852
2497
2852
1582
2852
4198
2852
1080
2852
1123
2852
3277
2553
149
164
4390
2673
3160
2522
2896
2522
2918
2522
3884
3584
75
4607
1085
1100
2849
1100
1100
3107
1453
3726
3856
3726
3596
3726
1566
3726
3993
3726
2043
3726
1109
2154
2235
4069
4126
4069
2234
4069
97
2823
2868
2342
3641
2409
3155
4203
4297
2180
3070
1478
4523
1478
4528
1478
3522
3920
3925
3920
942
943
3066
3550
773
846
865
846
3693
1557
1608
2032
1623
2032
535
695
699
695
4208
3772
166
1694
4056
1995
1233
1995
2439
3973
2456
3973
3583
1670
1690
1670
1672
1670
1613
1670
1551
1018
4510
2771
3330
2771
426
424
243
424
3866
3359
3566
3842
3417
1820
3438
1820
652
610
473
610
450
414
4213
1856
3923
1856
3090
2827
3850
2827
551
646
661
646
2147
4434
2466
3103
2710
3787
88
22
2010
2018
1190
2018
2793
2789
4519
2789
3561
2789
2976
2677
4347
2677
1706
2677
4381
2677
3822
2557
2767
2557
4505
2557
3537
3526
3534
3526
3318
3526
294
249
3689
3680
1024
1032
3528
2968
994
995
2684
1409
3435
1409
3218
3187
3047
2478
2552
1180
4265
1180
768
769
3352
3346
3352
3346
2672
1943
153
4614
170
240
254
300
254
4272
4125
4393
4125
2956
4125
3220
2911
4262
1382
2934
4004
3627
4004
1862
1861
3286
4243
2745
4243
3270
4243
1535
2980
985
987
2727
3271
1154
4174
2937
4174
2504
4174
2847
3958
4326
2430
3464
2430
3937
2430
3010
3506
2674
3195
2141
1168
1167
1168
85
3091
2772
4466
2772
4466
2082
1430
4165
3437
3072
3069
4567
3069
200
387
1171
2168
1170
2168
2767
4484
3325
4484
3989
3737
2766
3289
2882
4041
1191
3143
1232
1987
2240
1987
3509
4343
2393
2382
2216
2382
170
76
4323
3630
3855
1638
2474
3324
411
410
333
410
3698
4448
3807
3649
2407
3544
2421
3544
4210
3218
318
336
281
336
940
2140
3779
2140
84
983
662
602
477
602
1118
1575
584
497
496
497
3364
4550
3079
4550
710
709
285
241
588
548
541
548
4287
1804
3551
2502
767
782
935
782
856
741
2810
3692
3577
3692
3328
3692
1835
1502
1950
1502
4221
1502
2955
2954
4345
2655
711
710
40
710
1120
1140
4135
3147
4135
3147
3625
1983
1842
1983
1843
1983
4039
3386
3750
2575
3447
3433
2748
2699
3338
2699
3806
2699
3819
2699
4462
2699
39
450
311
450
21
459
3458
3166
4269
1508
3760
1508
3169
1508
981
3718
3585
3718
191
375
402
375
2817
951
83
89
1230
4161
1501
2216
2170
2216
3019
4352
2931
2636
1567
3245
47
298
968
2801
1389
2801
1674
2801
2807
2801
4490
1700
3253
3784
1457
3073
4546
3073
3551
4437
154
2465
3991
2599
3991
1112
3991
2613
3991
100
49
3792
2707
3770
3766
2942
3766
3307
3293
1175
3139
905
934
935
934
2390
1951
2242
1216
1249
4009
2862
4009
3481
4252
3956
3878
3404
3878
2608
3878
2606
3878
2605
3878
2216
3878
1216
3878
1192
3878
3126
3878
1534
3878
3130
3878
1208
3878
3129
3878
2595
3878
3407
3878
3403
3878
1312
3878
1197
3878
1942
3878
2607
3878
2603
3878
1182
3878
1298
3878
1174
3878
1423
3878
1177
3878
1169
3878
3127
3878
1237
3878
2604
3878
1200
3878
2597
3878
4535
4523
3798
4132
2485
4132
3795
4132
4245
2508
3628
3748
581
471
3876
1541
3556
1541
2072
2070
3316
4411
1218
4113
1547
1914
1283
1914
1084
4389
92
37
3826
2290
2389
1321
3409
979
970
979
3021
2162
3024
2162
1604
2162
1953
2864
926
936
937
936
3811
2425
111
30
41
310
1307
3960
2466
3960
4006
3960
2459
3960
4059
3960
2797
2785
1248
2274
3610
2274
3237
3212
1292
2388
2628
1632
1251
2094
1590
2094
1345
1388
2652
4190
2652
4190
659
476
1089
1094
850
804
867
804
740
804
2892
1425
4070
1274
2328
1274
2536
4289
3820
3297
1330
2321
401
315
344
315
2363
1290
1980
1979
448
443
301
443
447
443
3310
1162
942
1162
753
754
2544
2541
4008
2541
3988
2541
3408
2541
3023
2703
3525
2703
2394
2703
3670
2703
4357
2703
4458
2703
2681
3429
992
3077
995
3077
3085
3077
1610
1070
1575
4311
2914
2870
1573
1931
2226
1931
1291
2192
4295
4250
1850
2260
1199
2260
3910
1721
125
144
4169
2620
108
59
1377
3114
1214
4116
4268
4229
249
432
438
432
4348
3481
3871
3481
3870
3481
4007
3985
3600
3985
3835
3914
2913
4149
2913
4149
2943
2064
4081
2064
1612
1576
886
764
216
360
3451
2894
484
683
689
683
945
3310
3698
3310
2638
4130
2888
4130
2639
4130
4162
1317
2365
1317
4134
1317
2676
1317
2715
1317
3200
1317
3637
3428
1106
1788
1096
1788
3938
3625
1241
2317
708
673
4564
4561
4128
3385
1597
3385
1057
1064
1281
2576
2467
4505
2195
2656
2313
2656
2194
2656
3776
2656
4333
1627
1518
1627
2485
1627
3250
1627
2510
1627
1075
3674
4370
4329
184
1516
1877
3635
1877
2514
4350
3524
4350
4431
4350
2867
1192
1375
1192
1376
1192
1411
1260
2083
1260
2740
3267
1312
1313
1298
1313
2752
3505
201
202
4261
3196
1103
4192
3405
4192
18
539
589
474
615
474
2968
3449
3223
1248
2667
1248
1841
1248
497
563
500
563
537
661
66
836
3834
4497
302
313
378
313
2470
3931
2471
3931
3750
3401
2999
3263
4345
3763
2216
1873
1169
1873
3415
2248
2574
2248
3360
3572
3361
3572
1682
1623
1241
1652
2444
2313
2443
2313
2159
2313
2366
2313
2160
2313
4391
2313
934
827
765
827
2541
3962
1979
2242
2693
2242
4290
2242
1844
2242
1569
2242
3638
2242
2832
3578
90
93
209
362
3811
2426
3218
3457
265
339
271
339
4397
1450
1636
1450
1721
1450
4412
1450
4424
1450
3841
2786
1565
2786
1627
1658
4310
1404
4373
1404
4299
1404
3764
3632
3191
3632
475
500
496
500
645
500
1699
4573
4583
4573
1691
2404
2570
2404
1001
2404
3192
4218
111
2570
4556
3720
4556
1311
2450
3460
1426
3738
3899
1740
3899
1112
3899
4011
3899
1489
3899
3313
3661
3789
3661
1756
3661
1755
3661
1757
3661
3926
3661
3811
3805
1391
1242
2432
1242
2657
2635
2710
3246
3219
2934
3486
2934
1616
1309
1662
1309
1606
2724
1464
4268
4316
4268
3181
3422
2906
1782
1081
1782
4103
2111
2569
2111
1481
2484
2619
2484
1476
2484
1410
2484
1397
2484
1581
2484
1407
2484
3144
2484
1848
2484
1769
2484
1307
2484
1944
2484
1369
2484
2466
2484
1202
2484
1411
2484
1515
2484
2327
2484
1178
2484
1171
2484
3423
2484
4179
2484
1850
2484
1452
2484
3420
2484
2083
2484
1199
2484
4059
2484
1372
2484
1225
2484
1490
2484
1956
2484
2610
2484
1272
2484
1170
2484
4612
4598
3532
3690
4141
2215
2167
2215
3245
3453
4289
3453
2822
3061
4189
1198
1395
1198
734
735
2931
3165
125
3801
3797
1409
1891
1365
1891
2987
4246
3004
4246
2165
1869
4068
1869
2977
4346
2986
3259
3553
4463
2452
1619
4188
2198
2774
4368
4404
4368
1110
1111
3462
1111
2915
1111
1348
1215
4163
1215
982
4588
3848
4588
1130
1484
776
777
774
777
4082
4057
2430
4057
1625
4057
2750
2309
1968
3874
1646
3874
4241
3874
1969
3874
1664
1176
1863
1176
139
162
2440
2008
2241
2008
3437
1355
3611
1355
2357
1355
3797
3788
3299
3788
2733
3788
718
719
1637
3113
4226
3744
3301
4302
1249
2592
4457
3825
4440
3825
1930
2451
2227
2451
1929
2451
2890
2063
2661
2893
4218
4076
3440
4076
3439
4076
3087
3719
3059
3048
851
837
879
837
1051
1399
2816
3714
3881
2399
2201
2399
2398
2399
2765
4402
4376
1592
4003
2845
1585
2845
192
193
3880
1686
112
53
297
380
4487
1451
4477
1451
3503
1451
2725
1451
2463
1451
4495
1451
78
1057
1063
2408
2355
4594
1008
459
624
885
826
790
826
853
868
743
868
1731
2176
2883
2176
528
554
681
554
2793
2758
4519
2758
3561
2758
2073
1314
2314
1314
531
603
274
275
203
275
199
275
3943
2929
2917
2897
2794
2479
4061
2067
2386
2067
545
585
3934
2719
241
242
4074
3596
2385
3596
4061
3596
2386
3596
3858
3596
4014
3596
1529
3596
4180
3596
1355
3596
4189
3596
1395
3596
3859
3596
2500
3596
2614
3596
1240
3596
2424
3596
4256
3596
4133
3596
2384
3596
2966
1110
1576
1110
2736
1110
3493
1110
1159
3117
55
224
4400
3264
2730
3264
3524
3264
67
905
2877
1874
1805
1874
1731
1735
1062
1735
1964
2682
4500
3338
1530
2110
4112
2110
2003
2110
1111
1624
4202
4022
4044
4022
1522
1925
1504
1925
3641
1479
4191
1479
849
841
900
841
2790
3060
1054
1067
3767
3172
4111
3172
4317
3172
2666
2314
1418
1890
4254
1890
2700
2688
3336
3332
1620
4488
1703
4488
4530
4488
1367
3699
1012
3699
1491
3699
330
405
233
405
1015
3109
141
3861
1707
1046
2662
1046
886
932
933
932
2953
3178
3084
2487
2488
2487
2451
2059
1400
2059
4435
4419
224
413
2572
2727
4441
2727
4438
1756
1976
1261
4160
1261
3706
4444
4463
4444
1131
1403
3242
2937
4227
2889
2361
4081
3508
4383
2752
4383
3675
4383
1410
2261
1850
2261
99
2421
2403
3292
3006
2364
1930
3605
4008
3206
4283
2632
2871
3166
2871
3627
2871
1148
1487
1342
3480
4355
3480
2708
3480
3298
3480
3791
3480
4399
3480
429
423
425
423
1052
1059
1470
2621
2142
2621
1471
2621
4550
3832
4557
3832
4472
1720
3033
1720
903
725
4038
3954
3874
4178
4060
2046
4114
2046
863
776
3907
3311
3038
3311
4497
3311
486
694
695
694
1360
1598
4289
2933
4312
2933
1347
2933
2069
2336
1405
2336
4559
3565
1670
3565
2233
3400
1439
1407
4170
1407
2011
1407
2394
2723
2400
2723
4357
2723
2602
2483
1814
2483
1878
2483
1194
2483
2482
2483
3172
4035
4521
2752
4523
2752
3063
2752
3223
3454
2667
3454
1841
3454
1679
1002
1610
2615
4604
4594
74
20
4258
2002
1008
4584
2830
4584
2831
4584
2672
1615
547
598
613
598
383
191
856
917
738
917
4471
3042
3334
3042
2588
3042
1370
1483
665
552
236
237
850
795
741
795
738
795
2450
1336
1479
1336
2165
2598
4090
2598
2578
2598
1179
2598
1608
2598
4103
2598
1282
2598
4228
2598
1430
2598
4229
2598
1623
2598
2205
2598
4060
2598
2238
2598
1184
2598
4114
2598
1845
2598
2420
2598
4070
2598
1837
2598
1416
2598
1853
2598
4043
2598
4068
2598
2569
2598
2328
2598
1517
2598
4139
2598
4088
2598
4487
3890
4477
3890
4495
3890
37
286
2789
2407
896
912
895
912
1749
1807
3778
1807
2994
1807
3050
3830
2910
3755
4348
4327
3871
4327
3870
4327
2071
3595
4253
1568
1685
3849
1624
4214
4277
4214
4209
1950
123
140
754
913
858
913
1356
3352
3847
3352
3431
3618
1645
4095
3178
3144
2447
3144
3758
3144
1843
1842
1843
1842
289
391
399
391
1148
2568
2806
950
3563
3323
3329
3323
4442
2957
2576
1926
4158
1926
183
289
963
3543
1702
1701
4555
2800
2538
2800
1063
1736
1059
1736
2723
4227
1473
4227
2316
4227
1161
4107
490
700
705
700
983
984
1487
1909
1887
1909
3682
3892
2717
3892
4427
3892
3929
3892
3686
3892
2729
3892
1192
2269
1182
2269
4103
2320
2205
2320
4060
2320
4128
2320
4068
2320
4088
2320
1396
1356
1684
1356
3216
1291
2949
1291
3232
1291
3640
1291
1542
1291
2306
1291
3005
4386
4413
4386
2744
4386
434
429
246
429
2070
2859
1886
2859
3786
1175
3769
1175
3777
1175
3231
1175
3780
1175
2961
1175
1598
2089
4148
2089
1610
1071
3743
2540
2374
2540
1658
2540
1667
2540
2373
2540
1113
2540
1649
2540
1412
2540
1523
2540
4197
2540
4155
2540
2375
2540
1448
2540
4406
4364
4414
4364
1748
1803
1123
1803
2562
1089
1084
1089
1070
2175
1081
2175
2072
2071
3549
3547
4513
3547
2958
4264
1147
1540
187
720
4069
1269
1967
1269
2398
2356
2665
2356
2123
3327
2494
2291
1286
1320
4098
1320
1726
2953
3188
4286
3765
4286
3644
4286
341
419
424
419
73
1685
2100
1984
4280
1984
2493
1984
3132
2846
2677
2922
4354
3434
2743
2732
4199
2616
2629
2616
4016
2097
4147
2097
185
195
4431
4400
162
1431
1004
4543
3075
4543
1680
4543
116
43
2082
2277
1416
2277
7
2291
4455
4475
4455
2563
4455
4213
2867
20
556
1290
1917
2521
1917
3718
2738
3089
4565
987
3566
3361
3566
3357
3566
3532
3678
3693
3678
2864
2335
1405
2335
1724
2928
1589
3945
1838
1335
4129
1335
3717
3074
314
355
356
355
4290
4199
1844
4199
1569
4199
2428
3294
3913
3294
3341
3294
69
886
133
152
3209
2910
3226
2910
4270
1277
1511
1277
2125
2981
15
525
3521
3270
1620
3319
1703
3319
4530
3319
83
1664
1860
1566
3969
3645
1097
1587
1097
1699
3090
2129
3090
2512
3090
3888
3090
4581
3090
3889
3090
3935
1616
3470
1616
4339
4300
3067
3918
3340
3918
965
3539
1139
2431
3581
3358
998
3358
4558
3358
1181
3612
239
350
410
350
1983
4020
3171
4020
3621
1913
1283
1913
4438
1755
542
630
3041
4371
1568
4073
3406
4073
1863
2863
1863
2863
3502
1045
1394
1045
1053
1045
2753
1045
2449
2273
1474
2273
1817
1141
4151
1141
597
511
598
511
467
511
4194
1848
4317
1848
83
67
1075
2562
1072
2562
2154
1799
2642
1799
3858
2093
1355
2093
4363
1562
2861
1562
1371
1562
3134
1562
4145
1562
1966
1562
2864
1562
2356
1562
1391
1562
1373
1562
3412
1562
1405
1562
3135
1562
1384
1562
2992
1093
3008
1093
1436
1093
2993
1093
80
115
540
656
3235
4271
3418
1273
4075
1273
1903
2045
1290
2045
329
218
302
273
328
273
205
273
3927
2949
939
2141
2283
2141
2566
2704
1499
2704
2556
2704
3290
3005
583
579
4508
4451
2997
4451
2700
1149
1214
4104
835
787
817
787
1468
2255
1188
2255
1093
1101
1102
1101
3699
3906
3043
3906
3398
1205
2511
1205
3636
1496
3652
1773
2678
1773
2675
1773
4429
4367
4398
4367
1642
4058
1643
4058
2927
4058
1041
2299
1047
2299
934
933
860
933
2636
1299
3165
1299
2477
1299
196
397
303
397
1397
2101
1225
2101
296
332
1572
2496
1578
2496
1858
2496
1669
2496
1852
2496
4065
2496
4121
2496
4203
2496
4041
2496
1508
2496
1632
2496
2576
2496
1652
2496
2110
2496
1598
2496
4095
2496
1540
2496
4140
2496
1512
2496
1814
2496
4158
2496
4207
2496
1878
2496
4097
2496
1265
2496
4072
2496
1573
2496
4148
2496
4083
2496
1588
2496
4110
2496
2226
2496
1194
2496
1185
2205
4363
4267
1374
4267
3930
3941
1007
3579
4405
3798
3679
3798
3507
3798
1660
1255
4160
1255
552
493
630
493
37
529
4194
2941
4539
2149
3488
2414
3036
4339
4371
4339
4459
4339
3787
4217
2707
4217
3246
4217
544
642
626
642
3884
1689
2446
1777
1725
1777
3256
4324
21
2128
2139
4512
2784
4512
3659
3653
1529
1888
3859
1888
4379
3238
992
4560
4566
4560
3083
4560
2650
1085
1079
1085
3215
1181
4250
1181
4386
1181
1768
1181
2687
1181
3304
4375
3086
3364
3076
3364
34
214
2507
2085
2874
2181
1366
2181
2719
4275
2443
4275
4391
4275
554
618
3504
3492
110
2794
3347
3551
3343
3551
3341
3551
2652
4140
4190
4140
2897
4140
589
575
1367
2770
2289
1671
3289
1671
2290
1671
832
910
715
910
833
910
3787
4224
3792
4224
4272
1128
3259
1128
4393
1128
1118
1128
1512
1821
1814
1821
1139
1414
2499
4239
548
516
580
516
4496
1153
126
3286
3498
3510
3498
4346
1465
1592
1465
2964
1465
3664
1465
1016
3411
2411
3751
2412
3751
3225
3751
350
347
331
347
3809
1697
3425
1769
3630
1769
3173
1769
3873
4336
2126
4336
2491
4539
2490
4539
3006
1554
1063
4293
1059
4293
2645
4293
2630
4293
2644
4293
1025
4293
1014
4293
1040
4293
651
508
649
508
1659
2361
2689
2361
4176
2361
4286
2303
4201
2303
3449
1122
3774
1122
4356
1122
1750
1122
2430
4091
3547
3515
3701
3515
3242
3184
2962
3184
4428
4393
3212
1361
3211
1361
1546
1361
983
2122
2204
1303
4155
1303
1609
2690
3490
2690
4362
2690
2885
1791
2884
1791
755
858
118
2995
4236
3297
4236
2974
2554
4245
4109
1964
4109
3497
2975
2746
2674
2309
2674
2308
2674
3671
2674
3883
3583
4211
4156
1111
2153
3849
2824
4600
2824
3913
4498
3913
4498
3354
4498
1838
2465
4056
2465
1740
2465
2617
2465
2879
2465
1385
1882
1510
1882
134
3499
3232
4468
2307
1655
2307
2288
2307
1056
4013
1100
4013
4192
4013
1082
4013
1150
4013
1090
4013
1331
4013
1108
4013
4184
4013
4039
4013
4038
4013
4183
4013
4113
1236
2240
1236
3054
944
148
3880
24
1693
2567
2580
4202
2580
151
57
77
57
85
57
8
57
161
57
182
57
73
57
58
57
110
57
96
57
142
57
9
57
150
57
160
57
24
57
97
57
164
57
76
57
89
57
144
57
59
57
93
57
162
57
140
57
43
57
152
57
63
57
87
57
75
57
21
57
79
57
98
57
141
57
86
57
145
57
61
57
155
57
165
57
148
57
42
57
64
57
60
57
137
57
10
57
176
57
105
57
84
57
44
57
159
57
153
57
143
57
94
57
157
57
106
57
175
57
163
57
72
57
107
57
146
57
135
57
179
57
138
57
103
57
166
57
3428
4060
3451
4060
4449
3812
4449
3812
4233
1157
4306
1157
4273
1157
1556
3150
3156
3150
2016
3126
1186
3126
2647
3126
180
714
4383
2157
38
209
1562
3104
3877
3104
3048
1580
2516
1580
2515
1580
3775
3642
3650
3642
3651
3642
1149
3587
2434
3587
2543
3587
3141
3587
3741
3587
597
570
653
570
3316
3300
3221
1307
3465
1307
4120
1307
2907
1944
2475
1944
2905
1944
3952
2236
4219
1645
1469
1645
1971
1645
4335
1645
1073
2886
1164
3865
1079
1086
3995
2534
3984
2534
2734
1663
1647
1663
3375
4602
4251
3223
3940
3759
3940
3759
172
4233
2648
4306
2648
4215
2648
3632
4016
3473
4016
46
822
1317
4085
2134
2133
923
813
918
813
728
813
167
39
4319
3252
2446
2447
4443
2713
3852
2713
113
63
3454
3440
3360
4551
987
4551
3714
4551
958
1447
555
472
538
472
621
514
464
514
587
514
2177
1133
2609
1133
2851
1133
1537
1904
2372
1904
205
206
4298
3202
0
311
1965
2086
1976
2086
4218
1534
3440
1534
3439
1534
581
567
578
567
3934
2443
3234
3640
4329
1978
3495
1978
1555
1978
4452
2717
1023
1024
1013
1024
3815
4438
3519
4438
3763
1206
3653
1206
3206
1206
3244
1206
1496
1495
2582
3877
26
668
3484
3468
81
87
2435
2137
82
14
3022
4296
3521
4296
2519
2518
434
418
4205
1369
2394
2391
3949
2391
3670
2391
1833
2391
1834
2391
4454
3227
1468
2256
4133
2256
4252
1220
1646
1220
3461
1220
652
651
532
651
3432
1667
1631
1667
3753
1667
4109
3747
36
1
68
1
55
1
65
1
48
1
69
1
33
1
49
1
53
1
67
1
115
1
39
1
47
1
56
1
46
1
38
1
180
1
66
1
185
1
177
1
51
1
50
1
169
1
54
1
70
1
62
1
183
1
52
1
19
1
34
1
187
1
41
1
2165
4031
4090
4031
2578
4031
1429
4031
1179
4031
1224
4031
4228
4031
1184
4031
2420
4031
1837
4031
1416
4031
4043
4031
2569
4031
1617
4031
4139
4031
3798
4333
1678
1761
3774
2660
1750
2660
171
75
2691
4233
3917
4396
1028
4396
434
428
282
428
3277
1518
2820
3717
4226
2369
3161
2369
2505
3882
1386
3882
4597
3882
3885
3882
1393
3882
1018
3882
1388
3882
4598
3882
1686
3882
1685
3882
4602
3882
1447
3882
1370
3882
3883
3882
4601
3882
3886
3882
1362
3882
4599
3882
3884
3882
964
3882
3887
3882
4596
3882
4600
3882
3755
2220
1420
2220
4166
1391
4028
1256
4136
1256
2496
2495
3136
2495
2654
2206
45
3
182
3
31
3
24
3
22
3
37
3
30
3
20
3
43
3
14
3
32
3
21
3
35
3
0
3
28
3
16
3
11
3
25
3
29
3
42
3
13
3
176
3
17
3
44
3
40
3
27
3
23
3
12
3
15
3
179
3
26
3
18
3
166
3
3050
3810
1210
3130
1740
1137
1136
1137
990
2811
3721
2811
2505
1443
2836
1443
1483
1443
1485
1443
3088
3082
980
978
972
978
1711
1710
534
699
703
699
108
47
3235
4153
3214
4153
4105
4062
2668
4062
3222
4062
2619
2024
1848
2024
2786
4532
2121
4532
1121
1512
1513
1659
2758
4459
3182
1377
2629
1377
3624
1377
4592
3370
2704
3219
771
772
3584
3088
3090
3088
1690
3088
4574
3088
4571
972
3771
972
2969
972
969
972
1368
2129
2834
2129
3856
3394
4189
3394
181
4343
3656
3668
3656
4340
3656
4301
2709
1761
2709
4358
2709
720
721
3827
3821
2768
3821
4533
3821
1221
1235
3872
2764
4482
3462
4435
3462
2967
2885
3210
2885
2935
2885
1599
1646
4422
1646
4154
2235
1651
1972
4136
1972
1705
4566
1648
1129
4198
1129
472
601
3891
2377
1575
1814
3893
1814
2155
1814
976
2512
1462
2512
1460
2512
1717
3021
286
240
1951
3125
1941
3125
3633
3125
669
589
2457
2439
2856
2439
2643
4142
1368
3531
2870
3738
4057
3738
1642
1373
1643
1373
2927
1373
380
228
3698
4447
3812
1466
1710
1466
3813
1466
2741
1466
2749
1466
109
32
3886
3903
2417
3208
758
791
881
791
921
791
2928
2466
2625
2466
3170
2466
1115
2642
175
4611
2981
2976
2988
2976
1614
2373
1640
2901
553
629
3718
3516
2818
3516
984
4510
3837
4510
3567
4510
3674
3258
4123
1439
4085
3957
3424
3957
3694
3925
4474
2130
1953
4204
1156
1468
1657
3206
3006
3495
3665
4238
3540
3024
2309
2710
2308
2710
3000
2710
692
689
4109
2082
1813
1811
1366
1811
1017
3974
1026
3974
3124
3974
2329
3974
1277
4158
1627
1660
3332
2761
4492
2761
726
727
1216
1227
1423
1227
4322
3220
2961
3220
2833
3369
439
438
1433
4496
1463
4496
1472
3391
1445
3391
1760
3256
3928
3256
3007
3256
2228
2227
2764
3518
2486
3518
3817
3518
4489
4433
4466
4433
215
407
329
407
2553
2667
735
736
1619
4338
3261
4338
3939
4338
752
853
799
853
3667
2978
3317
1717
2797
1717
2418
1717
568
679
608
679
4410
3685
1630
3685
3688
3685
1695
3443
1074
1082
1742
1130
1466
1130
2926
1130
3228
1130
4092
3137
4118
3137
1077
3137
1288
3137
2374
3137
1658
3137
2355
3137
1403
3137
1568
3137
1667
3137
1377
3137
1235
3137
2373
3137
1252
3137
1113
3137
1751
3137
1649
3137
4349
3137
1412
3137
1523
3137
4101
3137
2204
3137
4197
3137
3924
3137
2622
3137
4155
3137
1095
3137
2191
3137
1548
3137
4093
3137
2375
3137
1442
3137
1448
3137
104
56
3262
2468
255
390
319
390
33
211
4056
1223
4015
1223
2203
2202
2203
2202
3094
4582
2835
4582
653
467
4191
4117
3885
3086
416
253
248
253
624
572
516
572
796
797
735
797
3155
2440
384
306
272
306
3184
2904
1219
1252
2721
3662
2156
3662
2810
4570
966
4570
1578
2252
1852
2252
2584
3133
4223
3133
1866
3133
3131
4040
1122
4040
4493
1713
127
3153
1440
4181
1440
2694
3447
3469
3447
1571
3447
56
753
3488
2663
3333
3534
117
21
3191
3631
1128
1648
2945
1202
920
803
866
803
3478
2223
4324
2223
4296
2223
3479
2223
2378
2223
4605
4592
1848
2258
1515
2258
1151
1531
3562
4526
986
4526
3544
4410
2517
2516
1643
1642
1643
1642
3147
1208
4135
1208
1158
1208
258
368
321
368
4249
3466
4249
3466
3307
3796
3291
3796
2521
1901
1510
1901
3263
4247
4292
4247
2848
3961
3979
3961
3886
3373
3437
1976
2357
1976
1840
1976
1357
3733
1341
3733
2141
3854
1167
3854
2391
4209
2983
4347
3873
4347
207
328
4598
976
1593
4191
3140
2208
3613
2208
174
2367
2531
1748
2531
1502
2531
1321
2531
1487
2531
4142
2531
1648
2531
1232
2531
1637
2531
1106
2531
2600
2531
1251
2531
1607
2531
1816
2531
1967
2531
2240
2531
1357
2531
1353
2531
1341
2531
1582
2531
1123
2531
2317
1258
4147
1258
3454
3439
2812
3908
4344
4310
4353
1516
4314
1516
488
489
904
835
932
835
4183
3932
3433
4056
3629
4056
2898
4056
1968
1219
3665
1219
3238
1219
4241
1219
1969
1219
1318
3377
3099
1370
42
2125
346
340
380
340
2872
2021
2001
2021
3319
3512
1117
4259
988
2814
2933
2646
2157
3235
2156
3235
3257
3235
4146
1885
1815
1885
2457
2462
4455
1764
646
501
645
501
1401
1394
2735
1394
2762
1394
2724
2972
1219
4160
4184
1088
3018
2394
2612
3129
2332
3129
2571
3129
2085
2088
3952
2088
3600
3990
2545
3990
4451
1709
1447
1462
3449
1125
2959
1125
1132
1125
1750
1125
3516
1021
1460
1021
1350
1021
1068
4359
1707
2659
1467
2219
4151
2219
3694
2370
240
357
376
357
4329
2671
1554
2671
1555
2671
584
475
1771
1770
74
79
2828
2821
1663
1364
3187
3181
2911
3181
3457
3181
4210
3930
1705
3085
242
314
421
314
3956
1238
1237
1238
3553
2551
4237
4185
1408
1794
1654
1794
4337
3949
3245
4312
2948
2492
10
1551
296
381
2887
2238
4259
2888
4174
1492
4249
1492
4439
4412
2494
4475
2365
2364
4134
2364
2676
2364
2435
3704
2489
3704
4465
4439
4461
4439
4196
3414
2900
3128
4450
4424
3552
2777
3248
2689
1636
3658
631
658
4003
3992
2387
3992
1427
3992
3772
2579
3784
3149
3237
3149
4260
1941
571
593
518
593
3677
4251
3254
4251
3785
4251
2596
4131
1614
4131
325
268
217
268
304
268
3657
3205
56
232
3684
3793
3279
3496
3141
3101
4498
4467
4502
2773
3615
3736
2229
3736
3032
3299
4436
3299
3816
3299
3533
4520
3692
4520
2983
941
104
35
1092
4351
3498
4162
4099
4053
4084
4053
3671
3255
2623
1579
4179
1579
657
470
737
742
856
742
2765
3691
769
781
936
781
3572
3709
2814
3709
2816
3709
986
3709
2919
1886
92
98
4301
3236
3518
3236
3520
3236
3266
3236
4420
3236
972
2645
124
141
1753
2944
1059
2300
1048
2300
880
763
43
2126
2925
3157
299
309
417
309
1146
1150
102
46
3077
4553
3721
4553
991
4553
3261
2587
1235
2104
1548
2104
4597
4576
2132
4576
3782
3775
927
938
887
938
78
86
1003
3580
4363
1104
2881
1104
4389
1587
2142
1587
1471
1587
3625
3869
1842
3869
2659
2150
3180
4018
1122
1126
3092
3724
3356
3845
3787
1300
2707
1300
3246
1300
2674
1300
2768
3307
4504
3307
970
3739
2697
2693
1174
2583
2604
2583
757
857
4614
1674
2317
1975
4042
1975
1837
2232
4139
2232
1219
1411
3158
2882
2965
3465
4444
4398
946
4398
1628
1824
2383
1824
3628
4042
2943
3153
2361
3153
2683
3153
4122
1498
2433
3122
750
852
3831
4493
3039
4493
3702
4493
1667
2184
1751
2184
2517
2515
3342
3554
4543
2791
1459
2791
3883
1690
897
890
754
890
849
890
2788
4436
4512
2769
3046
2769
404
255
345
255
233
255
3271
2697
3496
2697
3279
2697
2941
3767
4445
3303
2520
3361
479
608
681
608
1196
1515
4210
1184
1230
1232
4257
3660
2696
2411
4411
4298
1619
4298
2587
4298
2449
2498
4263
2498
1965
2498
1348
2498
4161
2498
1094
2498
2450
2498
1484
2498
2451
2498
1479
2498
2568
2498
4107
2498
1660
2498
1976
2498
4160
2498
4351
2498
1400
2498
3142
2498
4146
2498
1159
2498
3148
2498
1351
2498
2558
2498
1477
2498
2108
2498
1815
2498
4163
2498
1650
2498
2865
2498
1349
2498
3152
2498
1831
2498
1474
2498
1482
2498
295
247
2660
1583
4612
975
2455
4006
4059
4006
2861
1922
2589
1922
1206
1846
4352
2984
2162
2984
1381
2685
1399
1732
1062
1732
595
680
491
680
3140
2434
3139
2434
1248
2434
3612
2434
4204
2434
1547
2434
1190
2434
2574
2434
3613
2434
4200
2434
3326
3695
3248
4176
3996
2547
2548
2547
58
3071
4318
3175
2163
3175
2690
1953
3205
1953
1378
1953
3361
3356
3304
3291
2549
2327
4144
2327
4167
2327
4200
1859
293
439
415
439
4508
4486
1316
1327
1421
1327
3326
3320
2524
3320
950
953
2805
953
2728
3269
59
2803
2900
1547
2769
4464
2777
3540
4529
3540
4522
3540
1689
3089
3583
3089
4576
3089
3850
3089
3783
3771
977
3771
691
690
696
690
165
1434
758
906
919
906
2936
2909
112
189
38
1363
3841
2835
3841
960
3841
2679
2926
2608
1957
1298
1957
2656
2323
3363
3568
1387
3568
2713
1595
2630
2842
1040
2842
1576
2736
1576
2736
2877
1800
1444
1800
2717
2701
4427
2701
2566
2701
1499
2701
1762
2701
2556
2701
3605
2543
2434
2543
3607
2543
667
550
585
652
604
652
2145
2144
2206
2618
2029
2618
1854
2618
2501
2352
4133
2352
1667
1144
2373
1144
932
844
880
844
2835
3707
3205
1618
3201
1618
1378
1618
2952
1618
1525
4122
2704
4122
3486
4122
3429
1352
2243
1352
3762
1352
4452
4427
2285
2807
2827
2807
3935
1543
1151
2950
1547
1323
2354
1323
956
957
1763
3800
2740
3800
2869
2595
2555
2595
303
395
280
395
197
395
2801
4549
12
534
528
479
3323
1612
1688
1612
4554
1612
4527
1612
1452
2005
1490
2005
3661
1358
4541
1704
2405
1704
123
1306
4181
2390
1949
3633
1949
1173
3141
4515
3045
2149
3045
1455
3045
237
318
358
318
684
611
3071
949
3468
3764
4417
3273
4417
3273
3786
1863
3769
1863
2961
1863
2416
4471
39
863
268
369
342
369
4248
3786
4330
3786
4308
3786
2505
3093
55
746
4559
2799
1670
2799
2814
3562
3356
3562
932
785
763
785
3991
2848
3339
4525
293
250
2333
2612
3667
2358
1691
1005
3580
1005
1680
1005
1401
2755
1524
2755
1548
4078
2375
4078
3472
2913
3280
2913
2747
2913
95
3656
4255
1522
2860
4045
2860
4130
2860
2618
2860
1982
2860
2028
2860
4254
2860
1500
2860
1211
2860
623
616
597
616
576
616
3140
2319
3139
2319
2369
2270
1897
2270
1493
1981
2932
3431
3751
2539
4180
2090
1240
2090
1949
2074
4096
2074
3073
3913
4002
3980
290
264
220
264
4074
1566
2385
1566
1453
1566
2386
1566
3858
1566
1286
1566
3856
1566
4180
1566
1355
1566
1468
1566
3869
1566
3857
1566
2503
1566
1395
1566
1514
1566
2511
1566
3859
1566
1188
1566
1240
1566
4029
1566
2424
1566
2501
1566
4256
1566
4098
1566
2522
1910
1361
1910
1152
4135
4496
2294
4496
2294
3448
3620
1450
2917
1086
1738
1078
1738
881
849
857
849
2312
1294
1582
1294
166
456
2635
1928
2193
1928
2419
1928
4542
3335
3062
3335
1061
1074
1068
1074
1671
2566
4216
1539
3278
3673
2135
4500
3710
4500
3911
4500
14
295
4596
3097
3766
3616
1085
1090
1481
1867
1178
1867
3029
4355
2221
3727
4118
1319
1442
1319
1370
981
2774
3277
1417
3277
2502
3277
4437
3277
3314
3277
2608
1270
3129
1270
181
180
1928
2060
2892
2060
2408
4114
2653
2890
1071
2172
1078
2172
4432
3314
1346
2735
2848
3965
3979
3965
1131
2874
3612
2264
3613
2264
731
732
4239
2925
1498
2925
2237
2925
1281
2624
4388
1596
2645
3110
1014
3110
2385
2338
2424
2338
2143
1117
2979
1117
3790
1117
2442
1117
3215
1682
1767
1682
4250
1682
1765
1682
1766
1682
2687
1682
2441
3916
1168
3916
1591
3916
14
536
3431
2117
3420
2117
2064
1338
2197
1338
3151
2596
2180
2596
4232
2596
3908
4534
3843
4534
360
342
304
342
4242
4195
291
324
305
324
1635
1264
2612
1264
2332
1264
82
66
2364
1929
2664
1897
4271
1897
3214
1897
2487
4541
3579
4541
1009
4541
1011
4541
502
503
657
503
1163
1172
3777
1172
3231
1172
3780
1172
1720
1719
536
485
1052
1060
1699
3067
4307
3479
3684
3676
1111
1113
41
862
4572
3355
661
641
619
641
496
641
3151
4207
2895
4207
2699
1758
4153
3622
453
454
4323
3176
4119
3176
4089
3399
4064
3399
2659
1048
2634
1048
3177
1048
195
363
853
867
855
867
4145
3977
1399
3977
1046
3977
3877
3977
2582
3977
3252
2686
2406
2686
3489
2686
12
293
4518
4502
2783
4502
3548
4502
1206
1845
3585
3783
3070
3063
3478
3451
3256
3451
3479
3451
6
2870
3592
1651
3592
717
718
1506
2048
2354
2048
1886
1893
1816
1893
3401
2113
2009
2113
3984
3982
3015
3008
825
918
811
918
400
337
279
337
2605
2042
1177
2042
626
452
119
3197
1400
2657
1400
3606
3407
957
3407
1557
3921
3690
3921
3523
3921
2807
1565
1488
1565
2481
3598
259
291
771
831
938
831
630
498
647
498
664
498
1599
3002
4530
1454
1545
1454
474
547
585
547
2129
4575
3905
4575
2641
4099
4212
4099
4445
2454
1753
1752
163
4604
1639
3615
2401
2400
1641
2400
4588
2565
2517
2565
4516
3336
4517
3336
2069
1933
3135
1933
4319
3483
3522
3681
1031
1042
1163
1723
3061
3046
3838
3046
3349
3046
129
0
171
0
128
0
170
0
154
0
125
0
7
0
126
0
134
0
172
0
127
0
174
0
123
0
6
0
119
0
122
0
136
0
124
0
168
0
71
0
173
0
158
0
130
0
133
0
149
0
131
0
121
0
147
0
139
0
156
0
120
0
132
0
1110
1109
1102
1109
1592
4288
1577
4288
2977
4288
2611
4003
4181
1332
4099
1332
526
684
686
684
4222
4120
4286
2311
1587
2311
3862
1871
1776
1871
3217
2930
2440
2006
2009
2006
3414
3403
1621
3403
3300
3261
3014
3802
2723
4244
2461
2720
3503
2720
3856
4173
2511
4173
4265
1621
416
433
247
433
1968
4219
4294
4219
1535
4219
2483
2480
4001
2480
1173
1178
2799
2756
4518
2756
4247
1727
2702
1727
3808
4319
3803
4319
3807
4319
2823
3059
943
3487
3310
3487
1371
2178
2874
2178
1187
1480
3540
4483
4129
1937
4048
1937
2431
1889
1361
1889
1431
1006
4400
4344
2514
4344
2730
4344
31
666
2381
3857
4426
4388
1364
4388
1719
4388
1600
4388
3687
4388
1601
4388
2333
2332
858
885
753
885
857
885
673
674
546
674
707
674
3918
1688
1344
1688
2196
1311
1656
1311
3945
1311
3482
1311
3241
1311
72
4612
4102
3635
1530
2109
4112
2109
2003
2109
1614
1145
1031
1041
186
185
2829
2570
1010
2570
4595
2570
2425
4361
2426
4361
3919
4361
3433
4063
3629
4063
2898
4063
1300
4152
2887
2239
3197
2193
4492
4457
4104
4010
4063
4010
4115
1266
2326
1266
4615
3883
2131
2650
2992
2650
3258
2650
2130
2650
3008
2650
2993
2650
1122
1751
2895
4232
182
2594
1505
1657
2291
1657
2717
1657
4475
1657
1762
1657
2377
2626
194
373
363
373
280
373
3276
4332
3321
1594
3026
1594
3833
1594
2751
1594
3546
1594
742
743
817
762
3476
2876
4390
2876
178
177
4157
2266
1382
2266
2742
3001
2742
3001
516
520
460
520
577
520
3648
1193
4316
1193
2432
1239
3475
3458
4132
3458
4186
3458
2572
3316
4470
3316
3915
3316
132
145
3493
2145
2605
2041
1174
2041
1131
1570
2995
4261
3283
4261
2726
4261
3888
3577
4580
3577
2847
3947
42
631
1130
3419
3345
4531
508
566
596
566
2595
1779
2597
1779
502
509
610
509
470
509
4338
4290
4152
2331
4100
2331
2902
1312
2637
1312
1839
3668
3366
4544
3087
4544
160
1435
2703
4211
2391
4211
204
205
1497
2197
272
348
1602
3646
1193
4189
3578
3573
4426
1622
1719
1622
591
581
1019
2985
959
2985
2978
2684
1169
1872
2597
1872
3695
3816
2436
2435
4547
2435
4009
3959
3982
3959
3175
1197
4224
3190
2998
3262
4398
3262
219
220
4419
4390
2971
4390
3249
4390
4535
4528
4108
1331
1772
3174
2189
2312
3757
2312
2158
2312
122
2732
1653
4300
1653
3150
1878
1808
1878
4291
3650
3148
1295
1831
1295
2415
3268
1550
4374
3303
4374
2454
4374
2891
1628
4106
3629
2244
2243
2416
3334
3309
1075
3906
1075
3315
1075
4548
1075
1758
2189
1164
1171
555
649
655
649
1758
3757
1758
3757
4334
4325
3475
3427
1360
3427
4132
3427
4186
3427
4031
2456
2458
2456
1597
2456
3450
1420
2909
1420
3189
1420
1105
1787
1408
1787
254
420
357
420
1481
2318
1769
2318
2691
4225
4273
4225
3956
3902
3404
3902
2608
3902
2393
3902
2606
3902
2605
3902
2216
3902
1216
3902
3878
3902
1192
3902
3126
3902
1534
3902
3130
3902
1208
3902
3129
3902
2595
3902
3403
3902
2594
3902
1312
3902
1197
3902
1942
3902
2607
3902
2603
3902
1182
3902
1298
3902
1174
3902
1423
3902
1177
3902
1169
3902
3127
3902
1237
3902
2604
3902
1200
3902
3879
3902
2597
3902
1231
2420
474
613
604
613
1457
1456
4546
1456
63
2780
1317
1318
253
430
433
430
4606
1681
1465
3938
4327
4274
3183
4097
3759
4097
2904
4097
1502
2075
3595
2075
1185
1189
1155
1189
2420
1243
1517
1243
1170
2171
703
701
488
701
2297
2295
3430
4143
4224
4143
3623
4143
2367
1783
1080
1783
2899
3423
1770
3423
1722
3423
877
840
913
840
92
51
4611
4601
4103
2247
1845
2247
136
3580
1004
3655
3452
1345
2754
4243
4105
4134
4105
4036
3591
3950
3591
3845
4516
2532
4516
397
392
395
392
4557
3569
998
4552
996
4552
2404
4552
29
528
3666
3240
1534
1247
1237
1247
124
3130
2004
1208
2004
1533
1705
1521
1705
4165
1649
1840
1649
1020
3044
3328
3044
91
710
708
4288
1383
298
227
95
28
1612
1436
1083
1436
143
3900
4387
4318
1526
4318
1527
4318
4341
4318
1390
2611
1064
2611
2621
2611
1414
2611
3419
2611
2197
2611
2383
2611
1017
2611
1105
2611
3418
2611
1078
2611
1316
2611
1486
2611
1047
2611
1305
2611
1308
2611
1034
2611
1654
2611
2508
2507
2682
2507
1963
2507
3901
4593
540
588
4536
3561
4372
2708
1222
3142
102
16
3909
3354
4553
3354
2960
3652
3842
4513
2122
4513
2437
2436
993
2436
2438
2436
4448
4418
944
4418
3009
4418
2403
1611
2407
1611
2287
1611
1462
3500
1491
4583
3096
4583
2196
1507
1656
1507
3945
1507
3255
1507
3482
1507
3463
1507
1466
2986
1127
2383
1569
1844
1569
1844
4605
3078
2823
982
2161
2159
4008
3741
3029
3298
2914
1265
3187
4037
2911
4037
4018
2503
2777
1629
2423
1629
4522
1629
3597
3998
2372
3998
4368
3871
3371
1387
3367
1387
3084
1387
2830
1387
1035
3380
3942
1146
2944
1146
1752
1146
4392
1146
2946
1146
2722
1146
764
784
933
784
4586
4578
3660
3209
1564
3209
111
61
1390
2387
2621
2387
2624
2387
3419
2387
2197
2387
2383
2387
1105
2387
3418
2387
1316
2387
2329
2387
1486
2387
4075
2387
3470
4168
3476
2146
2673
2146
3240
2146
759
931
930
931
1404
1503
3541
3315
963
3315
3904
2734
4503
2734
1634
2734
1127
2875
4361
3432
3660
4146
1564
4146
3226
4146
2286
3689
3542
3689
4473
3689
1852
2265
4140
2265
967
3711
1694
2924
2283
2924
1727
2625
1156
1159
1842
1982
3938
1982
1843
1982
2656
1379
1092
4349
2655
1210
3763
1210
4283
1210
1152
1210
1724
3217
2628
1637
586
663
548
663
458
663
4533
3827
4533
3827
4367
4330
3649
3643
3803
3643
414
446
310
446
1232
1988
1590
1988
825
851
4102
3438
134
155
3174
2167
4230
2167
794
839
883
839
3026
3813
1712
3813
4415
3292
1507
4129
2912
3160
2283
1167
3243
1167
52
234
2887
4150
2836
3072
4573
3072
2815
3072
1098
3072
3091
988
185
717
4354
1731
1438
1731
1024
2630
3873
1706
941
1706
2677
4230
4296
2379
2861
1921
1379
1921
4305
4249
611
595
481
595
1623
2210
1184
2210
4060
4012
4062
4012
4470
4441
3915
4441
2932
2455
1526
2163
3922
2163
4412
2163
1626
2163
109
2902
4084
2637
4084
2189
3148
3757
3148
2158
3148
928
752
925
752
2939
4066
3186
4066
2920
4066
3448
3614
533
703
706
703
2360
2564
2540
2564
2846
2564
2362
2564
4046
2564
3865
3864
1704
1633
4514
1633
2701
2499
1069
1076
2562
1076
4425
4392
747
802
794
802
866
802
168
2410
4048
2409
4048
4117
4048
4208
3213
3861
3886
4045
1296
3748
1296
1618
1351
234
379
4336
4292
2127
4292
1981
2351
4150
2351
264
312
212
312
2297
2296
1503
3951
3626
3951
2203
3951
4257
1564
2327
2076
1272
2076
501
564
641
564
3820
1499
291
261
327
261
4292
2702
2999
2702
472
473
1456
1455
516
517
614
517
461
517
1162
1163
3487
1163
4418
1163
3672
1163
1041
2841
1034
2841
387
203
1611
1519
4085
4034
2323
4034
937
876
3158
3416
2109
2013
1211
2013
1293
1339
2857
1339
1027
3108
4284
2963
4162
2963
2148
2366
1716
2366
2781
2366
4432
3535
4456
2473
1588
1948
2226
1948
3705
3836
992
4589
4592
4589
990
4589
989
4589
2984
1473
381
238
2803
948
223
262
261
262
226
262
4589
4579
538
655
1444
1796
2153
1796
881
919
1125
1366
4125
3893
45
283
1092
2849
4563
1013
2985
1013
1022
1013
2973
1013
543
599
4074
2339
2385
2339
4212
2905
4578
2519
2520
2519
78
11
100
25
2654
2029
3204
3188
4326
2477
3230
2477
4219
1231
1383
1231
1469
1231
4278
1231
1741
2558
2696
2412
2562
2967
2286
4445
3542
4445
4473
4445
4616
960
229
230
4402
4380
3691
4380
1684
3362
2585
2678
3146
2017
1190
2017
3821
4469
278
371
273
371
4575
4567
3577
4567
16
591
93
2828
1312
3955
1942
3955
65
926
2518
2792
2808
2792
2643
4179
396
354
256
354
2996
3494
4065
3121
3034
3025
980
1017
2783
3010
3548
3010
1563
3010
71
1475
1558
3351
1558
2620
2231
1101
1412
3188
2881
3765
2881
3644
2881
1166
4128
4143
1960
2325
1960
4360
4280
1021
1029
3501
1029
1115
1477
834
896
811
896
3232
3470
1542
3470
2306
3470
2686
2395
2223
1523
4384
1343
796
798
732
798
924
798
3147
2009
1157
2009
1704
2798
4169
4087
2558
1124
1477
1124
147
165
1594
2959
4448
4406
3014
4406
2498
1552
3980
1552
1139
1418
1855
2037
2029
2037
1091
1106
3422
2469
25
667
3575
3867
964
1491
4248
2552
4367
2552
1595
2552
4378
2552
4372
4306
3285
4306
2289
3030
2766
3030
2800
2418
3502
1037
1036
1037
1394
1037
4524
1037
4288
1469
1348
2106
2108
2106
2437
2491
3578
2491
994
2491
922
914
854
914
3429
4072
2243
4072
3762
4072
64
2124
2638
2853
2888
2853
2639
2853
586
650
614
650
4199
3182
2512
2815
2818
2815
1696
2815
2205
2343
1853
2343
2699
3234
2685
2946
1441
1884
2878
1884
1008
1009
98
2822
4386
1765
1682
1395
1009
3368
732
733
3483
2672
2695
2672
4446
2523
4446
2523
3198
3745
3052
3824
1572
2033
4140
2033
2124
942
1181
1850
727
728
695
692
536
692
3709
3839
821
790
824
790
4570
3340
4568
3340
3245
1347
4516
3875
3559
3875
173
158
4174
1186
3529
3520
4395
1527
3869
4026
2384
4026
4322
3769
250
441
415
441
900
756
3909
3556
4553
3556
3345
2527
310
301
1279
3102
514
557
506
557
1965
2347
1351
2347
1813
2186
1406
2186
868
806
733
806
924
806
625
462
1951
1942
4260
1942
3633
1942
3179
2857
2894
2857
3428
2857
2820
3715
274
279
202
279
403
279
1414
1826
1628
1826
685
682
569
682
195
196
4615
1676
82
1023
1033
1030
1033
765
766
2282
2283
1693
2283
79
2833
3441
4070
2198
4070
2901
4070
2957
1057
3227
1057
2692
1057
1402
1057
3338
3050
1633
3050
3091
2532
115
861
2154
1747
4195
1747
3796
4321
4062
4023
4043
4023
4350
3254
503
560
509
560
1365
1902
2559
1902
2769
2740
3028
2740
532
578
2873
3603
2546
1641
3453
4221
198
199
4499
3026
1379
2057
2225
2057
1222
1532
554
542
529
542
1276
1283
360
217
1084
3204
272
276
130
859
848
748
848
3832
2768
4476
3536
923
834
726
834
4520
4508
3305
4508
330
404
1019
1022
1021
1022
3511
1022
3513
3679
4243
2365
2143
1743
2979
1743
3790
1743
188
4069
2600
4113
2600
1624
2600
1067
2600
2859
2600
2312
2600
4277
2600
1590
2600
4235
2600
1096
2600
2497
2600
4159
2600
4198
2600
1080
2600
1231
4101
2950
3415
1458
3415
2000
3415
3042
4403
1671
1461
2556
1461
630
644
962
1053
2762
1053
1524
1053
3095
1053
157
4615
1045
4454
2789
2287
3768
3628
4144
3628
4167
3628
3036
2989
4371
2989
4459
2989
3417
1818
1418
1818
140
2837
3645
2906
4482
2971
1453
1287
1286
1287
2747
3280
2747
3280
4208
1830
1358
1830
3607
3988
2739
4303
1321
2053
1357
2053
2796
2461
3844
2461
3560
2461
155
4616
4018
3398
2185
1365
4269
1365
2617
2022
2868
2022
959
3511
1506
3607
3143
3607
1983
3607
1149
3607
1352
3607
3141
3607
3951
3607
3146
3607
3617
3607
3019
3944
3921
1600
3723
3084
2829
3084
1748
1795
1624
1795
3012
3919
2756
3919
3025
3919
168
148
3415
2279
2010
2279
2833
990
3017
2997
29
285
1521
2829
4406
4365
4414
4365
1180
1514
4387
1185
1526
1185
1527
1185
4341
1185
1073
1081
1138
3392
1201
2028
968
974
3584
974
1023
1028
1013
1028
672
531
545
531
4613
1675
1652
1974
4148
1974
3230
3464
2548
3599
3044
2762
3040
2762
2431
1825
1665
1825
1595
4265
2295
4265
2296
4265
3648
4265
451
617
544
617
759
789
824
789
2685
2185
1752
2185
2310
2514
1265
2081
2233
2081
2383
1812
4276
1812
2796
3555
3844
3555
3560
3555
1146
1279
2850
1279
1224
1990
4228
1990
1711
4377
3812
4377
2749
4377
4374
3808
2945
1201
1464
1201
504
505
654
505
1091
1105
2621
1739
1086
1739
1487
1908
1582
1908
482
483
1039
1049
4153
3754
230
344
305
344
4537
3833
4273
4215
1369
2251
1452
2251
428
322
245
322
4196
2396
4141
1538
3862
1538
4004
1538
4116
1538
2440
1538
1949
1538
2009
1538
2037
1538
2535
1538
4115
1538
2241
1538
1776
1538
3946
1538
2567
1538
4202
1538
3015
2993
4339
4282
2620
3896
3635
3896
2404
2538
997
2538
4558
2538
207
378
3368
1396
2830
1396
2488
1396
3874
1251
1079
4382
2321
2049
1616
2049
970
2644
1544
2945
1450
2945
4386
1766
287
396
408
396
988
2816
2931
4094
2476
4094
1103
4277
2705
2201
1669
2105
1632
2105
2507
2084
1201
2607
4262
2511
2739
4308
3036
3022
2758
3022
4465
3910
4461
3910
2201
2398
2201
2398
1529
1536
4256
1536
4130
3983
3957
3983
4034
3983
3599
3983
1849
3983
2548
3983
1135
3983
967
2795
2284
2795
3274
4134
4593
2830
86
989
4090
2280
2569
2280
4288
1971
2908
4254
3760
4254
3169
4254
2190
1906
1504
1906
142
4617
3793
3782
4430
3782
1475
3053
3715
3053
3068
3053
3656
3461
1605
1415
3446
1415
3445
1415
90
29
1603
4503
3574
4503
2400
3670
3037
2415
2445
2415
721
895
903
895
1483
2818
981
2818
4577
2818
1300
1837
809
847
723
847
3157
1989
3142
1989
3739
971
2760
3287
3301
1280
2699
1280
28
665
1387
3847
3362
3847
1396
3847
1054
4354
3195
3623
3005
1768
4413
1768
2744
1768
190
383
1639
1607
3674
1084
2130
1084
1083
1084
2545
3600
760
842
787
842
3669
1511
4328
1511
1755
1511
3276
1511
746
925
3689
2743
4481
2743
3849
3365
3081
3365
3582
3365
1599
4408
4365
3777
3890
2536
2720
2536
1020
1398
2810
1398
1392
4554
3563
4554
3709
3057
286
299
300
299
4035
2026
1492
2026
1039
1050
4211
2204
351
317
381
317
349
281
237
281
350
281
4585
4577
3889
4577
95
50
3195
2902
3190
2902
1476
1254
1411
1254
624
460
35
537
2475
2641
4206
2603
3456
2603
793
875
1741
1740
529
478
3324
4421
90
2565
1603
2159
2747
2160
2747
3306
2747
2073
4079
4156
4079
1578
2254
4097
2254
1197
1204
2607
1204
1834
1833
1834
1833
3835
3701
3204
3765
2737
3283
3468
4028
3631
4028
3233
4028
3151
3859
2180
3859
4232
3859
1433
3532
1463
3532
1903
2050
2322
2050
1016
1026
2359
1816
2893
1816
2358
1816
2705
4187
644
639
647
639
2329
3105
3657
3201
875
800
749
800
874
800
151
4610
1099
4482
669
657
948
3538
3078
993
1558
2766
2560
2766
2907
1945
2905
1945
2641
1945
1567
1644
2787
3049
3843
3049
2942
4172
1560
4172
2651
4172
283
244
944
945
2780
945
1658
1993
4101
1993
3685
3803
53
222
1371
3396
3134
3396
2709
3251
2709
3251
2449
4002
4263
4002
1965
4002
1348
4002
4161
4002
1094
4002
2450
4002
1484
4002
2451
4002
1479
4002
2568
4002
4107
4002
1660
4002
1976
4002
4160
4002
4351
4002
1400
4002
3142
4002
4146
4002
1159
4002
3148
4002
1351
4002
2558
4002
1477
4002
2108
4002
1815
4002
4163
4002
3145
4002
1650
4002
4071
4002
1349
4002
3152
4002
1831
4002
1474
4002
1482
4002
572
605
520
605
3555
4477
832
911
718
911
2821
3838
3942
2908
4392
2908
493
583
629
583
4443
2739
3031
2739
1676
2812
1613
2812
2448
2812
3089
3081
2368
3514
3542
3514
4111
3185
133
213
270
264
270
343
270
3017
2990
1683
997
879
730
3443
2555
2924
2555
2444
2974
2719
2974
2716
2974
787
788
761
788
2960
2675
241
356
421
356
1422
4126
3100
1392
2729
1762
96
2825
1537
2599
2369
2599
1846
2599
1897
2599
4129
2599
4048
2599
2380
2599
4015
2599
1233
2599
1136
2599
1838
2464
1441
2464
1537
2464
1472
2464
2870
2464
4057
2464
2063
2464
4056
2464
3149
2464
1846
2464
1981
2464
1928
2464
1897
2464
4129
2464
4150
2464
4048
2464
1740
2464
4028
2464
2380
2464
2872
2464
2001
2464
2878
2464
1112
2464
1651
2464
2617
2464
1445
2464
2879
2464
1489
2464
1233
2464
1136
2464
4136
2464
2372
2464
2868
2464
3331
3694
3697
3694
3530
1599
1541
1599
4498
1599
2778
1599
3823
1599
556
546
1544
1464
4388
1464
108
989
3721
189
42
2474
3028
2393
2392
2604
2392
2974
1829
1397
1997
1372
1997
117
169
3682
3279
3030
3279
3929
3279
4415
1555
1675
4542
3558
4542
953
4465
4503
4465
472
615
670
615
2837
967
4310
4245
4373
4245
4299
4245
1162
2960
3487
2960
1414
1881
1586
1881
4365
3231
3642
4170
3
4
2472
2470
1538
2470
2593
2470
3940
1188
3184
1188
3053
2494
2573
2494
3924
1792
1095
1792
714
715
2908
4269
3168
2010
2939
2010
2920
2010
2611
4000
2837
1362
2619
2025
1407
2025
3480
4123
3707
2121
960
2121
2284
2121
901
864
875
864
4423
4369
3023
1678
3525
1678
4458
1678
4511
3017
1044
3017
3643
3634
3371
1010
3372
1010
3722
1010
1016
1025
1077
2362
1288
2362
1403
2362
1377
2362
1252
2362
4349
2362
2204
2362
2622
2362
2724
1121
1343
1121
1754
1121
1119
1121
684
491
481
491
3788
1828
1172
1494
574
632
523
632
3935
2188
4416
3477
4389
1470
4464
3029
3824
3029
4421
3029
81
13
4502
4480
234
330
3892
4345
2202
1967
1503
1967
2069
3412
1813
3412
1374
3412
1409
3412
1399
3412
1046
3412
2871
3412
2874
3412
2876
3412
1379
3412
1731
3412
1366
3412
2881
3412
1830
3412
1365
3412
2432
3412
1406
3412
2883
3412
2225
3412
2559
3412
1062
3412
2589
3412
3076
3558
373
394
398
394
599
523
457
523
522
523
1103
1108
1677
3339
3069
3339
1485
3339
973
3339
1339
3898
3594
3898
3426
1416
662
499
476
499
493
499
3123
3971
2545
3971
627
544
543
544
4254
1905
2190
1905
1478
3519
3350
2796
312
338
270
338
4242
4201
4190
1849
2917
1849
114
64
3914
1535
2761
1535
3314
1535
3535
1535
3701
1535
2776
1535
4617
963
3192
2535
3439
2535
3295
3806
2488
3366
1964
1963
4608
4599
1977
2948
3233
3473
3154
2108
2903
2108
2002
2108
3051
4527
1083
3013
2133
2416
2798
2416
4514
2416
94
2826
1858
1857
524
562
495
562
2688
2942
2688
2942
3274
2676
48
296
944
3672
4447
3672
3799
3672
426
421
284
421
4116
2102
2241
2102
43
540
1611
1520
200
201
1499
2556
1499
2556
3310
3527
2124
3527
3782
3186
4291
3186
2224
1340
4058
1340
3913
3347
612
457
799
869
870
869
819
816
3301
3927
1846
2340
4150
2340
36
729
4496
3687
2402
3687
2966
1102
1576
1102
2736
1102
1436
1102
432
431
435
431
4353
1556
1705
2520
4579
2520
2800
3912
2782
3033
1603
3033
1692
3033
4394
3780
489
702
703
702
2688
2850
2942
2850
1560
2850
1512
1822
4207
1822
4468
2765
2478
2765
3828
2765
2484
3964
2459
3964
1089
2884
2686
1946
4154
2234
3073
3343
3693
3523
4610
1672
3400
3986
2495
3986
4001
3986
4519
2368
2802
2368
275
389
372
389
3267
3491
2879
3106
1136
3106
2333
4115
2571
4115
1415
3418
3436
3418
1202
2030
1199
2030
4555
3552
2538
3552
873
843
762
843
2359
1815
2661
1815
2358
1815
958
959
1650
2182
1349
2182
4262
1853
4000
3124
1585
3124
2791
4529
4084
1959
3941
1182
3176
1182
2537
3469
1036
1030
1029
1030
2712
1030
4524
1030
826
799
3042
3037
3554
4506
3331
4506
1155
4194
4602
1368
2607
3395
1200
3395
334
406
112
60
2780
3009
3619
1798
1654
1798
2202
3626
4599
3851
1983
1234
1532
1234
3056
946
3677
3265
3002
3265
2476
1298
2636
1298
3165
1298
3427
2432
2875
1875
1805
1875
1055
1734
1049
1734
3281
2982
1069
1078
3444
1625
3689
3936
4205
4163
2192
1924
2323
1924
4142
4052
1607
4052
3147
1209
4135
1209
1158
1209
1185
3146
1056
3387
2922
1380
2922
1380
2666
2315
1832
1315
2669
1315
4324
1315
3479
1315
2379
1315
3011
3503
2921
2629
3503
3792
2725
3792
2463
3792
1184
2209
4068
2209
824
930
2640
2380
2016
3159
2647
3159
755
900
2327
2078
2083
2078
887
773
1048
2298
1040
2298
4005
3993
159
1432
126
137
2616
2500
4534
4518
2914
3436
1507
2844
1942
2844
904
880
3139
3383
4200
3383
4161
1986
3142
1986
2408
2354
4124
4089
2244
4089
111
54
4382
2142
149
2582
1561
3966
1561
2744
4413
4127
4111
2718
2561
534
488
189
4334
4313
3465
3637
4120
3637
3477
1708
1674
1354
3846
1354
4146
1142
1650
1142
3860
3855
2140
3855
1248
3730
3951
3730
229
327
985
986
1160
1500
89
4603
3513
3507
4231
3611
3620
3749
454
573
599
573
628
573
2795
1702
1668
1702
4361
1614
1631
1614
3667
1614
3933
1148
4385
1148
306
303
4251
1841
4294
4241
2541
3967
3528
3296
2826
3351
211
212
543
522
3336
1213
658
464
3088
3076
287
256
411
256
386
256
1438
2633
4403
3499
3037
3499
4460
3499
2139
3564
3349
3564
955
3564
174
10
1179
2213
1597
2213
4526
4492
3057
4492
47
823
4081
3163
3639
3163
1642
4043
3474
4043
251
442
415
442
3462
3455
1626
4341
918
812
851
812
730
812
452
640
544
640
2359
4197
2893
4197
4064
2614
4488
2148
3272
2706
3272
2706
1032
3975
2845
3975
1042
3975
1249
3975
178
176
1629
1630
850
838
878
838
3309
2731
4520
2731
3315
2731
3305
2731
4359
3210
1216
1217
3130
1217
579
495
643
495
3653
2921
4285
2921
1847
2921
2756
3818
1066
3379
2161
2160
2782
2292
1076
3924
1061
1438
4266
4205
1979
4205
4264
4205
3202
4205
2697
4205
3638
4205
2395
2072
1946
2072
2376
2072
297
334
4411
3939
3527
2988
4466
3684
3308
3684
2772
3684
4486
1072
2997
1072
2990
1072
2731
1072
4387
1160
3775
1160
3650
1160
3651
1160
306
402
382
402
1742
3167
2926
3167
1093
3666
2554
1292
1280
1292
2970
1292
4566
2438
3085
2438
3853
2217
1775
2217
4542
4533
3337
4533
1700
4449
1701
4449
3829
4449
90
70
708
707
3678
4430
3290
3648
1721
3648
3658
3648
3910
3648
4413
3648
2417
2637
4137
2637
2680
2637
1070
2174
1065
2174
3039
3312
2506
4490
4525
4490
361
320
261
320
852
794
793
794
2223
2653
822
859
1557
1419
3690
1419
3298
1419
3523
1419
4399
1419
1431
1684
4161
1985
1660
1985
527
481
1115
2622
3840
2573
3717
2573
2792
2573
3715
2573
1195
2262
2037
2262
1148
2190
3471
3435
1156
2872
4132
3663
1252
1262
1649
1262
385
305
259
305
2965
3197
3221
3197
4120
3197
1155
1190
87
985
247
248
2381
1573
2422
2779
3055
2779
2137
2779
654
466
3197
2419
2584
1174
4223
1174
1866
1174
3342
3331
603
609
580
609
723
724
2984
2316
642
634
640
634
4217
4137
1608
2458
1282
2458
4229
2458
1623
2458
2320
2458
4062
2458
2238
2458
4114
2458
1845
2458
4070
2458
1853
2458
2328
2458
1517
2458
2869
2577
2555
2577
1715
3041
2781
3041
3157
3145
3876
4432
3556
4432
2778
4432
4572
4568
309
259
4426
1626
1663
1626
2195
2657
2194
2657
3776
2657
3154
2001
4258
2001
375
370
374
370
102
3294
3266
4130
1876
1516
1876
1119
4257
999
1001
3018
4357
3887
3725
3712
3844
3603
3594
4163
3594
3187
4068
3457
4068
3220
4068
3831
2751
3312
2751
4500
3819
3432
1650
1631
1650
3753
1650
3576
3570
1681
3570
1396
3570
950
4461
952
4461
1634
4461
4376
1577
2959
3774
3903
3888
1043
3888
1524
3888
1930
1316
2227
1316
1929
1316
4092
4046
4118
4046
2355
4046
1235
4046
1751
4046
4101
4046
2191
4046
4206
3193
4320
1458
4379
3239
3093
4581
981
4581
973
4581
1098
4581
671
653
1218
1423
807
854
902
854
3492
3790
1176
2044
3894
2044
2671
2649
225
267
261
267
344
267
4234
1591
4149
1591
2913
1591
3642
2569
4123
2569
3335
3697
3155
1452
3282
4416
1697
4416
1698
4416
414
447
1451
2705
4325
2705
4369
2705
4313
2705
2127
3004
1221
2240
101
105
1208
4050
3127
4050
1360
1240
2980
3247
1489
2591
2727
1569
3496
1569
4061
4029
1529
4029
1140
4029
4189
4029
4037
4029
2315
4029
4089
4029
4064
4029
4067
4029
4133
4029
2384
4029
4384
1754
1505
2452
2494
2452
1544
4316
1721
4316
3658
4316
3910
4316
2791
2423
965
1044
1398
1044
2799
2783
2820
4591
2819
4591
2821
4591
2822
4591
698
691
487
691
3647
3171
4152
1334
4138
1334
3720
3075
320
352
267
352
2528
4166
4333
4166
4274
4166
2485
4166
2510
4166
4446
3933
3494
3933
2523
3933
3806
3933
2305
3933
4462
3933
1966
1268
2356
1268
3815
3295
1478
3295
4469
3295
82
84
114
17
1074
4184
3402
4184
1979
2681
2693
2681
3874
4148
252
440
445
440
4235
1780
1080
1780
2858
1427
2064
1427
1414
1427
1264
1427
1628
1427
1945
1427
3619
1427
1047
1427
1305
1427
1308
1427
1586
1427
1421
1427
1408
1427
1654
1427
3163
3420
2233
3732
3136
3732
131
3333
3318
2812
2787
2553
3456
3223
3456
4004
2427
3946
2427
3920
4425
3505
4425
2533
3996
4229
2268
1853
2268
260
388
316
388
4257
2878
3229
2878
684
681
527
681
2978
3189
1694
3243
2924
3761
4551
3705
3567
3705
3353
3705
2204
2334
1442
2334
3196
2628
3892
2628
2671
2628
118
44
2731
4474
136
159
3236
1241
4408
1241
4299
1241
2615
2173
2886
2173
1439
4083
4170
4083
2011
4083
2981
4381
3527
4381
1612
2955
3008
2955
3013
2955
2945
2654
1192
2039
3403
2039
1849
2590
1432
1683
3865
3863
1380
3863
1206
2574
1058
1066
2128
2999
2918
2896
2918
2896
658
506
587
506
504
506
33
734
483
569
686
569
2991
1749
2147
1574
3012
1574
3027
1574
2773
1574
4480
1574
3818
1574
2890
2066
4048
2066
2434
3408
315
393
262
393
11
533
1038
1039
1033
1039
4166
1590
4067
3116
349
345
331
345
2222
3597
2242
2241
1163
1173
3636
1173
463
518
600
518
609
518
378
208
1584
1805
1804
1805
1583
1805
3264
4281
4570
4564
3857
1329
4098
1329
3664
4335
3544
3688
1426
1112
3455
1112
2915
1112
62
887
4532
4499
3834
4499
4602
1687
2386
1938
2315
1938
2954
3644
3071
3325
901
749
2606
1728
2595
1728
1116
3619
1043
3545
712
882
3167
2177
4325
3488
3520
3488
4369
3488
4313
3488
3266
3488
4420
3488
499
561
494
561
1441
1892
3149
1892
3300
3814
22
284
1860
1177
2863
1177
1862
1177
2930
3170
1618
4155
1145
3593
2804
3062
2855
3979
68
860
169
200
458
614
3438
3421
4087
3421
3434
4235
2633
4235
2631
4235
2886
1781
2885
1781
1407
2112
1490
2112
4217
2680
3514
3928
3881
2329
2201
2329
2398
2329
2711
3194
1417
4376
3314
4376
3535
4376
2825
3068
3648
1191
4316
1191
1581
2169
1171
2169
1089
1095
1830
1898
2559
1898
3726
1424
1861
2043
1860
2043
2863
2043
4155
1275
3604
1275
665
647
1435
1679
4471
3003
3334
3003
4319
2406
3705
3330
2110
2118
4083
2118
4043
1337
4139
1337
4040
3897
3399
3897
27
670
1121
1406
1952
2337
4100
2337
1594
1118
3001
1118
3010
1118
1830
1915
2589
1915
1574
1753
2873
2865
1723
1722
4082
2424
4091
2424
1625
2424
4125
4102
4311
4102
3061
2784
2821
2784
819
908
914
908
712
908
1369
2275
1225
2275
3255
3482
3255
3482
1388
1043
3416
1932
1573
1932
1125
4276
2929
2191
3622
2191
3754
2191
4178
2095
4115
2095
1774
1169
2447
1169
3758
1169
2441
1333
4177
1333
413
226
3009
3799
4409
3007
999
1000
1241
1651
1629
2750
3688
2750
554
492
478
492
3622
1486
3754
1486
3943
1486
3891
4222
3097
3905
1687
3905
2355
2047
1448
2047
3575
3571
3359
3571
465
587
1076
3402
130
153
178
236
331
182
530
860
765
1043
3040
2120
3040
2134
4514
2150
1047
2634
1047
3177
1047
927
865
1373
3589
2225
3589
377
372
403
372
78
62
3320
1757
3297
2726
2779
2486
4364
4322
2468
4322
2709
2333
3251
2333
4281
2333
1763
3244
3267
3244
1764
3244
2684
2936
2950
2000
2950
2000
4537
3546
1055
1733
1065
1733
3890
1609
52
755
4606
4595
1308
1923
1421
1923
859
916
2788
3326
4165
2357
298
229
334
229
1953
1952
917
805
867
805
3981
2847
2484
2847
4185
4100
1539
4100
2199
4100
671
590
412
271
210
271
343
271
927
778
773
778
4540
3559
4545
2802
2809
2802
3016
3504
2736
3504
2805
952
22
527
167
729
879
4231
1840
823
750
859
750
1686
4585
2635
1357
2193
1357
2419
1357
2436
3350
4547
3350
4315
2609
184
183
2165
1868
1179
1868
2544
2542
2543
2542
198
384
387
384
308
384
3514
3655
3007
3655
687
676
683
676
3293
3278
4375
3278
3291
3278
4408
4373
1082
3384
933
929
1282
2843
4012
2843
4023
2843
1617
2843
4088
2843
1186
4071
3159
4071
2656
2322
1058
1065
4305
1161
2950
1161
2000
1161
4320
1161
138
3098
4505
4478
949
4478
3538
4478
3259
2956
2576
1927
2882
1927
2500
2353
4089
2353
862
899
4385
2918
1064
1737
1060
1737
101
52
3566
3837
542
664
2714
4320
2982
4320
3275
4320
2310
2730
3205
4188
3201
4188
2952
4188
1807
1631
1055
4220
1032
4220
1070
4220
4286
4220
1042
4220
1065
4220
1467
4220
4198
1806
1123
1806
92
2891
1353
2939
2920
2939
2920
2630
3115
1025
3115
3784
3211
249
435
439
435
4306
4273
122
143
2552
4119
1321
1322
2312
1322
2451
2065
1479
2065
3830
2161
3319
2161
4302
1542
3253
2895
4187
4144
525
686
692
686
1020
1729
4569
1613
2827
1613
446
444
252
444
3472
2381
2313
2381
3280
2381
2747
2381
1522
1919
2192
1919
623
620
590
620
547
504
582
504
2713
4295
2295
4295
2628
1548
1525
1214
3219
1214
2701
1214
3486
1214
1393
1485
307
343
221
343
4061
1328
3857
1328
3417
4027
2012
4027
1522
4027
4045
4027
2192
4027
4130
4027
2317
4027
4104
4027
1516
4027
4042
4027
2323
4027
1480
4027
2109
4027
2239
4027
4143
4027
1982
4027
4254
4027
1500
4027
2190
4027
3421
4027
1135
4027
1851
4027
1211
4027
3424
4027
3348
3563
3067
3563
4564
3563
1098
3563
872
828
767
828
2662
2634
4359
2935
2413
2328
2414
2328
2412
2328
3882
3092
2461
2725
1863
1862
4016
2548
4085
2548
4063
2548
1418
2548
2028
2548
1849
2548
4027
2548
4147
2548
1504
2548
2325
2548
869
874
793
874
4327
2485
2167
2214
3863
2214
2989
3272
3280
3272
3933
2912
4434
1381
3925
1381
2370
1381
2773
1381
3681
1381
4480
1381
306
280
2951
3164
2579
3164
1896
3164
4401
4395
1153
4395
2294
4395
1441
2613
1472
2613
1425
2613
2870
2613
4057
2613
3149
2613
1928
2613
4150
2613
4028
2613
2872
2613
2001
2613
2878
2613
1651
2613
2866
2613
1445
2613
1489
2613
4136
2613
2372
2613
2868
2613
746
883
9
958
1009
2405
3366
2405
1007
2405
1475
2560
2792
2560
3344
2560
2492
4064
4280
4064
2493
4064
103
3848
734
924
190
399
402
399
2519
2808
2373
4086
4197
4086
1168
2839
717
833
1493
4015
3661
1276
1511
1276
925
894
4614
3884
4045
2349
2325
2349
2162
4407
3296
3778
2900
1617
4382
1096
1470
1096
3647
3610
2658
1501
2824
3866
3082
3866
3086
3866
1759
4307
3269
4307
3268
4307
1391
2096
1384
2096
11
292
1160
2617
222
365
229
365
167
40
2616
2501
3175
2866
1632
2276
4072
2276
1125
1349
121
2624
1916
1486
1916
179
453
4216
1405
4237
1405
4094
1958
4096
1958
91
94
4603
3567
3770
1560
112
27
3281
4291
3275
4291
2238
2341
1845
2341
2929
2521
4153
2521
4489
3308
3285
4309
4069
4036
2497
4036
3193
3952
3456
3952
1807
3753
118
19
1978
2493
3907
3834
1556
1445
3156
1445
1808
1445
4248
4210
4330
4210
1765
4210
1766
4210
4308
4210
4295
4210
4315
2851
3162
1588
3646
1588
3634
1588
129
157
3346
2445
3352
2445
2136
2445
1037
4442
456
628
1454
2588
4239
1493
2923
1493
1292
3158
1777
1776
750
751
3092
1521
2148
4409
1715
4409
2781
4409
1220
4147
617
635
530
635
4172
4093
2716
4391
2223
1341
848
801
874
801
4234
2229
4149
2229
2913
2229
2304
2879
4259
2879
1117
1135
2437
4547
3078
4547
113
34
1024
1031
1030
1031
3892
4360
379
235
1618
2497
2601
3989
100
979
3119
4057
4011
2380
4011
4617
964
648
596
655
596
578
596
3880
2698
3251
1964
3251
1964
4281
1964
2242
4159
2891
1665
2414
3225
2689
3474
4176
3474
1513
3474
4512
2772
3046
2772
3553
3698
947
3698
1413
2135
1395
2031
1514
2031
2666
4260
2674
1497
3646
1497
3643
1497
2720
3490
4113
1229
752
855
870
855
2453
2715
3303
2715
2454
2715
3054
3014
4383
2156
1161
3127
2426
1120
3805
1120
3919
1120
1574
1120
3518
4358
1008
1011
3372
1011
332
417
232
417
330
417
331
417
333
417
3875
2778
4205
2375
1133
3586
3930
4067
3176
4067
2502
4404
4437
4404
4382
1471
938
937
861
937
2491
2489
2490
2489
4122
2237
4266
2887
4264
2887
4298
2887
2701
2887
3358
3712
4552
3712
1700
4453
1701
4453
3829
4453
32
669
4616
3887
2196
1306
3949
1306
1833
1306
1834
1306
1589
1306
4423
3230
4313
3230
1507
4138
3427
1237
1390
1880
1586
1880
3786
2961
3786
2961
4302
2306
3614
3742
3269
4304
2415
4304
2472
2471
699
698
1187
1489
3833
3034
3049
3034
3923
1375
3661
3943
1045
2692
1697
2692
4509
2692
1388
2120
3480
1156
1419
1156
1151
4258
4515
3872
1718
3872
4123
2011
428
427
244
427
53
744
1543
3152
4168
3152
2188
3152
3351
3344
1605
2233
3446
2233
3445
2233
1074
2883
3441
4075
2198
4075
2901
4075
4291
3651
2310
3524
54
739
2806
4590
2805
4590
3574
4590
4510
3826
3836
3826
4363
2582
2069
2582
2861
2582
1371
2582
3134
2582
4145
2582
1813
2582
1374
2582
1966
2582
1409
2582
2864
2582
1399
2582
1046
2582
2356
2582
1391
2582
1373
2582
2874
2582
2876
2582
1379
2582
1731
2582
1366
2582
2881
2582
1830
2582
1365
2582
2432
2582
1406
2582
1405
2582
2883
2582
3135
2582
2225
2582
1384
2582
2559
2582
1062
2582
2589
2582
3858
4024
2424
4024
4007
3123
3602
4039
1317
4039
51
817
1855
1854
379
321
345
321
4403
3302
3037
3302
4460
3302
548
577
603
577
3718
4572
2512
4572
526
482
100
106
3373
4580
2120
4580
3095
4580
292
252
3374
1696
2119
1696
1350
1696
556
706
708
706
1277
1582
54
216
826
870
1231
1233
302
277
208
277
326
277
4087
3740
2508
2083
2682
2083
1963
2083
3045
3823
108
23
987
4586
984
4586
988
4586
4603
4586
1534
1257
2603
1257
3265
3250
3825
3870
1117
1136
1410
2207
1769
2207
3473
3647
3467
3647
61
3054
4284
1639
1659
1639
4162
1639
4176
1639
3200
1639
531
580
3003
2716
2588
2716
3536
3817
505
558
513
558
3708
2136
3498
3200
3126
1207
3127
1207
3571
3710
3900
4596
3229
3226
3180
2257
1188
2257
214
219
329
219
2557
2744
4484
2744
3906
1083
1688
1083
3051
1083
4548
1083
4171
3442
196
197
4171
1666
2522
1446
4047
1446
164
3901
3294
3509
3520
3509
3236
2203
1657
3659
2537
1222
1465
1222
4342
1222
3696
4456
2698
2969
1658
1253
1252
1253
3580
4558
1000
4558
3720
4558
2460
2459
1584
4198
1804
4198
1583
4198
1166
2604
1966
2087
1384
2087
4556
1459
1005
1459
4499
1712
1374
1087
2883
1087
1672
3080
3540
1604
3137
3132
2539
3132
3982
3968
3984
3968
81
1714
2991
3020
2991
1713
2991
1480
2253
1851
2253
2369
2222
650
521
577
521
2037
1203
2567
1203
3032
3284
4436
3284
1777
1775
2307
1834
1519
1834
3860
2446
2140
2446
1194
3378
1645
3946
1038
2662
4032
3138
2565
2467
4590
2467
667
643
2539
2079
1649
2079
147
3332
4440
1213
4440
2996
4385
2523
4385
1381
4385
1980
3638
2969
970
969
970
4405
2977
3679
2977
3507
2977
3891
1281
4270
1281
1456
1718
131
175
4594
3372
2963
2668
4592
994
2669
2228
2379
2228
2378
2228
1147
1510
1401
3517
1653
1643
2706
1643
3272
1643
3198
3601
4540
4517
3956
1228
1423
1228
1502
3950
2497
3950
3265
2510
507
565
567
565
878
740
80
12
179
1695
3526
3929
1235
1994
4101
1994
551
619
3244
4285
998
2281
4607
2281
4594
2281
1006
2281
4593
2281
4595
2281
999
2281
1003
2281
4340
1970
1839
1970
19
204
1006
2831
3252
4212
2406
4212
2695
4212
188
187
2955
3460
4287
1467
2660
1467
2131
1079
3258
1079
2130
1079
1072
1079
3332
3513
4457
3513
1213
3513
951
1647
1634
1647
2791
4522
2640
1305
934
783
766
783
4097
4033
4083
4033
4364
4331
4216
2199
760
761
1553
2376
1673
2973
3794
2973
1220
1249
2413
3448
2411
3448
3225
3448
1686
3585
156
163
1400
2051
3152
2051
3011
2463
4119
3756
4125
2155
4318
4262
2163
4262
300
376
139
2516
1463
982
1463
2123
1463
1038
1051
2957
1051
3227
1051
1402
1051
4366
1155
1600
1155
1419
1155
1601
1155
232
233
1128
4151
2720
4362
4213
1376
50
288
3181
3894
1352
2249
2574
2249
193
398
363
398
303
398
1304
4096
2933
4096
2200
4096
607
594
492
594
1193
1199
1426
1741
1110
1741
3455
1741
2915
1741
1836
2640
4279
2640
1528
2640
4312
2640
1347
2640
2536
2640
3295
2305
3677
4231
3254
4231
3785
4231
120
72
4596
2834
4463
2775
1488
2284
3426
4136
3969
3963
4105
3222
4105
3222
2984
1509
2626
1662
3442
1662
1666
1662
1832
2378
3781
3446
3747
2080
2328
2080
1019
2712
975
2712
3500
2712
3430
4110
3190
4110
3623
4110
346
260
227
260
406
260
4124
3762
3293
3253
4375
3253
3291
3253
1574
3253
4228
1991
2420
1991
2698
969
104
107
2896
4256
2912
4256
1363
2132
3725
2132
990
991
1970
1969
739
856
3026
1132
1712
1132
2442
1132
2741
1132
3528
4356
2144
4356
4377
4356
4604
3087
3751
3604
1073
1080
4338
3459
818
824
787
824
954
2509
3349
2509
1653
4193
1609
1378
3490
1378
4362
1378
3322
1378
1090
3731
2191
1284
4093
1284
3164
4047
4416
3203
4416
3203
905
767
405
319
347
319
2721
3257
1315
2226
4178
1250
2535
1250
161
4606
4352
2666
3685
2666
3944
2666
3808
2666
4407
2666
3807
2666
46
297
4485
2442
3493
2442
3134
1744
2876
1744
3708
1716
3346
1716
479
480
3282
1054
2957
1054
1697
1054
4454
1054
1698
1054
74
1304
2200
1304
2200
3453
3136
4209
3136
24
458
2206
1200
2029
1200
1854
1200
4301
3207
1761
3207
4358
3207
2288
3828
2304
2639
2271
2054
2321
2054
3179
4059
2894
4059
3428
4059
83
15
2371
1442
1943
1442
2889
1442
3002
3785
3370
3083
4203
2250
4072
2250
4004
1226
4116
1226
2393
3879
493
494
659
494
502
637
575
637
660
637
2663
4167
3531
3305
1398
3305
961
3305
4326
1640
3464
1640
3937
1640
2751
2741
2429
1513
1519
1513
1520
1513
551
549
552
549
550
549
537
549
553
549
3804
4462
288
333
666
659
4030
1585
4435
3249
1330
1448
1393
973
2976
2585
4381
2585
2285
2448
974
2448
1652
1973
1265
1973
1150
3376
3744
4038
3128
4038
3745
4038
3601
4038
2655
3155
3763
3155
4283
3155
3653
3155
4285
3155
1847
3155
899
774
3241
3463
3058
3051
4573
3051
3067
3051
1344
3051
4467
4431
3823
4431
4141
3997
1195
3997
3862
3997
4177
3997
3853
3997
1856
3997
4004
3997
1176
3997
4178
3997
1949
3997
2167
3997
4066
3997
1591
3997
3863
3997
1775
3997
4096
3997
4202
3997
4044
3997
4249
2647
4230
2513
4261
3199
2951
1831
2579
1831
1896
1831
290
304
2159
2970
3306
2970
3099
977
4466
3281
3308
3281
2772
3281
2970
4240
156
2623
2460
1481
2460
2619
2460
1476
2460
1410
2460
1397
2460
1581
2460
1407
2460
3618
2460
1848
2460
1769
2460
1307
2460
1944
2460
1369
2460
2466
2460
1202
2460
1411
2460
1515
2460
2327
2460
1178
2460
1171
2460
3423
2460
4179
2460
1850
2460
1452
2460
2083
2460
1199
2460
4059
2460
1372
2460
1225
2460
1490
2460
1956
2460
1272
2460
1170
2460
1828
4175
2853
1138
2177
1138
2609
1138
2851
1138
3568
4536
3570
4536
17
465
3921
1601
2745
3510
3521
3510
1627
1517
2785
3696
3912
3696
3700
3696
1606
4417
1311
4139
349
358
3296
2994
3489
2695
2681
4124
1645
1372
3752
4005
1286
4005
1468
4005
3869
4005
3857
4005
1514
4005
2511
4005
1188
4005
4098
4005
363
382
192
382
4260
3633
1565
1668
3711
1668
2284
1668
2448
4562
2363
2372
2852
2601
2071
2601
1887
2601
3255
2643
3482
2643
3463
2643
1593
2643
2519
2517
4591
2517
1596
4317
1743
3228
4609
3079
1018
1460
3484
3467
2435
2138
1978
1977
4336
2718
3004
2718
3907
4485
3038
4485
4497
4485
3509
4340
3370
2490
3573
2490
2438
2490
994
2490
936
935
836
935
3035
3031
1306
3135
2239
2014
1211
2014
1716
1715
3488
2665
4376
2964
2742
1119
3506
1119
3001
1119
2991
1119
2994
1119
3652
1772
2678
1772
2675
1772
3052
2474
1315
2225
1449
3693
1580
3693
2889
1474
1615
1474
1214
1225
3809
1698
550
496
583
496
2947
3636
4394
3636
2468
3636
3777
3636
4331
3636
1447
2119
2586
4530
978
1014
4263
1879
1815
1879
4384
3229
2972
3229
340
335
266
335
3277
3497
2903
1490
2002
1490
4225
1490
2445
4460
745
920
925
920
4511
4509
1044
4509
1291
1308
313
367
277
367
1558
4491
2560
4491
1451
3937
807
811
1373
3588
3135
3588
186
383
374
402
374
3664
4342
3207
3445
1292
4098
3547
2776
4275
2158
128
146
1099
3493
1700
3493
1702
3493
1157
1158
1196
1851
2135
3804
3710
3804
3911
3804
3224
4242
2673
4242
3354
3341
120
2750
2308
1726
3758
3302
3521
74
41
6
135
2705
2696
1386
1524
468
582
4611
1344
1342
1152
4264
1152
3202
1152
2708
1152
4309
1152
323
316
324
316
446
445
621
513
466
513
504
513
4356
1123
2876
2302
2881
2302
219
221
23
538
870
793
553
477
49
757
2578
1302
4070
1302
1606
3667
2425
3667
3805
3667
3919
3667
737
738
3848
2123
3434
2854
2633
2854
2631
2854
1385
1883
1420
1883
884
807
826
807
2185
3760
2975
3233
3247
3233
1382
2344
3146
2344
1064
2152
1071
2152
3885
3582
4609
4600
2648
4112
1413
2524
3911
2524
4491
3915
2813
1692
4253
1586
4157
2034
3143
2034
4309
3791
3138
3984
1249
3984
1053
3809
2753
3809
3021
3011
4483
3011
1604
3011
440
437
444
437
1562
3966
4272
1127
4428
1127
1118
1127
4145
3120
1458
4133
2000
4133
2366
3306
4143
1961
3740
1961
4328
4253
2944
4253
3673
4253
1752
4253
4332
4253
2946
4253
1091
2880
2450
2230
1474
2230
722
723
1126
3948
693
688
694
688
3273
3471
4321
3471
4417
3471
177
712
4352
3489
3944
3489
4407
3489
3920
3675
511
678
570
678
3827
4504
4533
4504
3900
961
1132
4353
2919
1887
3164
4051
2975
1230
1383
1230
1971
1230
3247
1230
4278
1230
1559
1230
3942
3237
4425
3237
2722
3237
3853
1778
4199
3624
181
179
2763
4458
44
2127
4353
3156
1191
4196
386
408
2943
3639
2683
3639
4541
2586
2405
2586
1028
1034
135
3375
3198
3161
4601
1098
973
3065
3313
3934
1757
3934
3926
3934
1220
1384
699
696
487
696
4263
1278
2568
1278
1508
1895
4207
1895
1058
4183
2854
4183
107
2806
4354
2631
1042
1730
1049
1730
246
425
418
425
1178
2211
3423
2211
2012
2115
2109
2115
176
956
2624
1920
1308
1920
3035
3852
4335
4278
1152
1211
446
415
292
415
2670
1115
3654
1115
2144
1115
2938
1115
984
3353
602
645
550
645
3474
2927
2646
1956
2200
1956
2295
4378
2296
4378
4374
3807
722
903
3529
4420
4114
1918
1617
1918
1535
2737
1984
2278
1352
2278
2581
3542
1189
2868
2614
2098
2384
2098
276
403
308
403
4515
3322
4487
3322
2149
3322
3704
3322
1455
3322
4219
1843
3447
2384
3629
2384
2581
4473
2800
3700
3418
2350
2064
1326
1316
1326
3585
3889
772
779
938
779
585
532
4274
3795
2924
3609
1695
3609
4597
4574
4582
4574
3571
3911
132
3784
1546
346
266
228
266
324
266
2962
2504
1147
2559
1484
1802
1477
1802
1026
2840
1034
2840
4565
4557
3082
4557
3086
4557
3079
4557
3582
4557
3659
1847
1514
4055
4067
4055
2690
2952
1277
1504
533
490
3497
1559
1655
3671
3680
3671
2478
3671
3287
3671
3936
3671
3828
3671
3299
2733
3299
2733
3350
2546
4507
2546
2814
3357
216
329
2663
2326
4187
2326
1498
2923
2237
2923
1018
1350
76
4605
854
815
451
626
666
553
1461
2916
4268
2567
2601
3987
3271
2958
3496
2958
3279
2958
1462
3501
975
3501
2119
3501
3621
3617
3171
3617
4599
3096
180
192
1709
1610
1708
1610
3203
1610
1054
1610
3508
3276
3505
3276
3675
3276
2164
1866
3713
3349
2819
3349
2808
3349
3723
3720
4584
3720
4595
3720
1676
3843
4562
3843
670
660
2855
3972
3991
3972
2455
2610
3560
4507
2401
1567
4501
1567
4402
1567
3691
1567
2473
1567
2546
1567
3712
3560
1741
3405
869
866
751
866
3662
3773
3175
4202
3703
1839
2502
1839
3458
3627
4314
1808
3704
4495
1172
2164
768
829
936
829
1390
1912
1486
1912
71
138
101
1180
3613
4180
2092
1355
2092
44
541
3064
3328
4568
3328
1944
1935
4179
1935
2782
1634
3574
1634
3564
2563
2509
2563
114
3485
3214
2449
2272
1351
2272
4328
3485
3673
3485
4332
3485
4534
3548
1359
3926
2953
1725
1385
2862
2224
2862
1903
2862
1817
2862
2154
2862
1290
2862
4076
2862
2399
2862
4058
2862
2642
2862
1587
2862
4152
2862
1570
2862
1420
2862
1081
2862
1049
2862
2084
2862
4201
2862
1952
2862
4100
2862
2322
2862
4220
2862
2521
2862
3952
2862
4138
2862
1510
2862
4151
2862
4164
2862
3537
3664
3515
3664
3534
3664
3507
3664
3318
3664
4188
1272
1640
1272
99
103
706
705
3030
3686
1093
1092
2650
1092
426
359
284
243
4518
1563
715
716
4550
4535
3569
4535
4494
2729
3915
2729
4246
1164
4347
1164
1706
1164
2561
1164
545
604
3212
2919
3211
2919
1546
2919
1325
3381
1434
1680
1661
3970
4002
3970
542
545
549
545
1025
3112
1014
3112
4488
2781
4344
4299
2790
2421
4531
2421
285
300
421
300
1006
3722
4304
2194
3069
3329
1392
3329
2928
2170
1727
2170
2285
1488
1496
4200
1494
4200
1356
1545
3847
1545
2552
3923
2653
2892
586
461
317
353
257
353
101
26
1607
2062
1341
2062
1293
1325
1195
2593
2441
2593
4177
2593
3853
2593
1856
2593
1168
2593
2575
2593
1176
2593
4178
2593
4035
2593
1492
2593
2167
2593
2469
2593
4094
2593
2577
2593
1591
2593
3863
2593
4096
2593
2326
2593
3868
2593
2486
3683
3872
3683
914
888
882
888
1304
2325
2646
2325
2200
2325
1057
1062
770
780
937
780
2145
2938
2429
1593
4300
1593
1519
1593
4282
1593
2743
1593
1520
1593
1707
3177
1707
3177
3723
2488
2928
1170
2930
1170
2625
1170
2877
2545
2433
2545
2271
2545
1444
2545
2522
2545
2321
2545
2615
2545
1616
2545
2431
2545
4293
2545
1361
2545
2153
2545
2886
2545
2885
2545
3153
2545
4181
2545
1048
2545
4099
2545
2146
2545
2875
2545
4084
2545
2884
2545
1805
2545
1665
2545
1662
2545
2880
2545
4051
2545
3830
2728
3810
2728
3512
2728
823
748
1682
1194
1450
2687
113
18
4433
4399
2381
1421
1436
4435
244
245
1638
2597
3854
2597
3404
2116
3126
2116
2187
4171
1828
4171
954
955
2554
2408
1280
2408
1829
2408
4240
2408
3541
4548
1012
4548
2770
4548
2817
2805
328
308
204
308
2308
3241
3000
3241
1434
999
498
606
639
606
2481
4001
364
272
309
272
863
915
3213
1896
465
654
3566
3066
2122
3066
4551
3066
3311
2749
351
257
410
257
238
257
468
469
2813
3574
2706
2683
3272
2683
4193
2683
3288
4524
3044
4524
1729
4524
1598
1999
4095
1999
2627
4088
3174
4088
2513
4088
968
3846
1488
3846
2760
4481
4119
3173
3172
4044
3407
3590
2670
1116
3654
1116
2144
1116
2938
1116
2899
1597
1770
1597
1722
1597
1172
3868
3655
3776
4549
3039
1354
3039
1101
1408
4204
4019
3742
4019
1109
1654
1945
1955
1305
1955
3530
4422
4467
4422
3823
4422
3322
4422
3260
3486
3321
2757
3833
2757
3546
2757
325
269
407
269
4247
1726
2702
1726
3901
1007
2746
3000
2070
1936
4142
1936
1844
2244
3459
2244
3550
3333
4513
3333
4538
3702
4442
1402
638
633
573
633
4194
4127
2363
2589
4342
1571
4448
4414
4447
4414
3802
4414
3403
2040
1200
2040
3671
1589
535
487
1635
2571
770
830
876
830
1749
4314
3778
4314
2994
4314
1033
1040
3060
3047
4531
3047
2527
3047
413
231
365
231
4472
2402
3033
2402
4203
2007
2110
2007
348
326
276
326
1331
3735
1443
3850
4583
3850
3905
3850
4585
3850
4580
3850
1696
3850
4028
1244
1233
1244
515
592
519
592
2968
1750
915
871
2688
2651
4490
3829
4121
2482
1588
2482
3800
3275
4349
1784
1095
1784
4236
4186
3162
3424
3646
3424
3634
3424
186
166
332
409
776
891
899
891
1381
2722
4141
1865
3868
1865
1386
3095
720
902
834
902
903
902
4451
1068
2731
1068
4416
1068
3467
3191
2906
4164
4105
2932
2668
2932
3222
2932
2313
1330
3452
1330
2194
1330
2804
3337
1435
1003
713
907
914
907
962
2753
2755
2753
790
921
3460
2915
2442
2679
4131
3118
2578
2330
1837
2330
4172
3406
1531
2003
2185
3169
299
386
1944
2068
1956
2068
2779
4476
80
3058
3043
3340
3043
2703
3781
1101
1482
3598
3994
4106
2898
