4521
4025
2652
1505
1196
3876
3313
3768
4297
2873
4074
2263
2401
2623
3746
2572
1449
3248
463
1572
36
2449
4141
213
4397
278
3716
1263
1401
2196
4538
302
2505
792
574
400
151
1481
4429
412
1114
2627
1656
4405
2267
4450
2877
4017
1310
3317
2788
2428
3576
2385
3064
3940
1385
693
2310
1894
1428
3260
1267
3192
2931
1870
771
422
2481
2114
1620
722
621
713
4305
3822
2721
4468
1422
3309
1246
3881
2259
4446
2869
1165
1061
1453
3198
2619
4363
104
4061
113
2165
2061
2453
4263
1259
2891
1934
1635
2246
3215
4608
3484
3111
2782
2422
4032
1724
3956
3750
45
3835
1457
3450
3729
1578
4213
3404
77
3657
623
4090
600
2658
85
2578
3242
821
1786
2457
3426
239
3575
2386
2983
2147
4216
2433
1699
449
3641
4030
711
1655
4049
1954
597
954
3502
2804
4571
341
68
1433
448
3789
236
3811
502
1386
287
3140
3895
1147
4348
4092
648
2324
2638
3382
2218
2544
3168
3907
671
1091
1506
1195
2069
2437
4366
980
4443
2987
1271
2143
2289
4384
2271
1980
1289
515
1143
2861
4284
2091
3752
55
2195
1069
2506
3430
1437
4266
1218
3953
1544
4248
1324
8
1911
2979
3321
2297
215
4545
850
814
2077
1703
2429
3541
704
576
161
4563
1212
3274
2212
1785
210
3425
1864
4118
3094
2632
3388
1077
4511
3070
1429
571
129
3162
1297
3290
4489
2914
3873
3508
1166
3942
1707
3743
3820
4337
1245
2073
2139
2951
2293
4452
3713
3216
1293
1139
747
2700
1801
4237
1073
2245
1636
198
636
4157
2166
559
3581
4106
820
584
884
1016
182
3858
4272
2151
2939
2055
1363
1301
361
873
223
4387
2099
1476
3904
1793
2476
1099
3348
73
58
364
2363
2966
2301
4287
3528
1745
2016
3413
4372
1151
5
377
1055
1858
4515
1797
1669
4540
4326
3605
1819
31
3360
1367
526
2179
962
3038
662
2410
117
1285
3549
2835
2774
2285
194
3472
451
65
1962
1179
1410
893
3417
3012
555
923
2367
290
1691
2790
4226
385
1968
4559
675
889
1550
3645
3557
2526
349
2943
2346
2187
3478
1827
2856
1359
510
171
1677
3018
1789
768
2103
3669
4334
1771
2670
1103
4234
2820
2359
434
4208
1346
3891
1187
3180
3409
3815
2995
2694
968
685
3909
3032
4154
1526
3978
2550
2107
2584
4597
3522
3860
1036
1673
3342
3154
1823
2
1852
2947
4080
940
2183
3553
3304
1940
519
1183
207
4587
3100
1584
1107
568
2036
1286
3885
4014
2907
3779
3023
796
4065
3606
2530
3052
3728
3537
1530
110
3444
2742
2286
411
2836
1900
1475
612
1224
2809
1998
346
3831
2602
1759
416
1015
2056
3027
726
1020
251
2903
4077
4294
2371
775
507
1389
4394
819
1371
3134
2389
426
1602
2015
1714
808
2020
1056
3862
998
3533
2664
2965
737
1746
1832
697
758
2475
3282
2224
4082
3708
4479
1608
901
927
1397
3390
1767
48
3019
892
4323
4021
3654
845
2817
1838
922
3288
4428
96
992
4370
1035
897
3374
1131
4270
1992
3999
2035
274
2131
1810
2711
4145
586
2760
4169
1661
4223
4546
2608
88
3221
225
2397
4103
2855
4401
1441
2813
2345
1763
1393
2899
825
2525
2748
2996
2393
1525
877
1345
627
4301
543
3529
4613
872
2441
524
3058
2746
1965
818
1664
69
2533
4206
3224
2282
809
3475
687
2832
3389
2134
4494
881
142
3976
1027
3020
2714
759
3015
436
351
2027
3056
3602
2759
1134
607
3371
1903
33
512
1282
3801
3665
677
246
965
1809
2998
1533
1742
2444
1023
2900
1836
3286
9
1052
3682
2537
1606
3917
672
2052
1537
3530
2606
3770
3922
1907
3723
832
3840
1444
3677
2023
3441
2529
2058
878
4569
3393
282
1996
366
770
3794
3981
263
128
2763
3345
150
4108
3621
1748
3525
1899
996
3856
1058
116
4054
1529
1813
1855
4501
535
1019
2661
1760
3397
2221
325
1390
4279
3608
3131
3935
4609
3035
1374
2992
486
4228
1711
1288
2810
4180
4328
2288
2838
1817
2374
928
3703
4470
2390
1221
898
4379
4423
2019
2767
731
190
1360
3367
2012
455
1605
1790
160
2691
551
1549
909
2472
294
3285
1774
1835
4165
2417
1038
2962
3410
2038
1417
3179
3706
2549
1472
3995
4426
401
2797
265
2669
2360
1012
2819
2605
4537
4007
939
625
4472
2413
3016
786
4415
2858
745
1581
638
4177
2348
3476
2745
2528
3301
1966
3363
3734
4487
1528
323
3853
966
2793
810
1348
3099
4315
484
622
4182
2581
3055
1939
3151
760
24
97
1413
1154
1342
4121
3036
258
468
1522
2100
904
1553
4555
307
947
2940
2304
4045
3183
4519
1947
1304
2852
2553
164
2673
2522
3584
4607
1100
3107
3726
2154
4069
2823
2342
2409
4203
2180
1478
3920
943
3550
846
1557
2032
695
3772
1694
1995
3973
1670
1018
2771
424
3359
3842
1820
610
414
1856
2827
646
4434
3103
3787
22
2018
2789
2677
2557
3526
249
3680
1032
2968
995
1409
3187
2478
1180
769
3346
1943
4614
170
254
4125
2911
1382
4004
1861
4243
2980
987
3271
4174
3958
2430
3506
3195
1168
3091
4466
1430
3437
3069
387
2168
4484
3737
3289
4041
3143
1987
4343
2382
76
3630
1638
3324
410
4448
3649
3544
3218
336
2140
983
602
1575
497
4550
709
241
548
1804
2502
782
741
3692
1502
2954
2655
710
1140
3147
1983
3386
2575
3433
2699
450
459
3166
1508
3718
375
951
89
4161
2216
4352
2636
3245
298
2801
1700
3784
3073
4437
154
3991
49
2707
3766
3293
3139
934
1951
1216
4009
4252
3878
4523
4132
2508
3748
471
1541
2070
4411
4113
1914
4389
37
2290
1321
979
2162
2864
936
2425
30
310
3960
2785
2274
3212
2388
1632
2094
1388
4190
476
1094
804
1425
1274
4289
3297
2321
315
1290
1979
443
1162
754
2541
2703
3429
3077
1070
4311
2870
1931
2192
4250
2260
1721
144
2620
59
3114
4116
4229
432
3481
3985
3914
4149
2064
1576
764
360
2894
683
3310
4130
1317
3428
1788
3625
2317
673
4561
3385
1064
2576
4505
2656
1627
3674
4329
184
1877
4350
1192
1260
3267
1313
3505
202
3196
4192
539
474
3449
1248
563
661
836
4497
313
3931
3401
3263
3763
1873
2248
3572
1623
1652
2313
827
3962
2242
3578
93
362
2426
3457
339
1450
2786
1658
1404
3632
500
4573
2404
4218
111
4556
2450
1426
3899
3661
3805
1242
2635
3246
2934
1309
2724
4268
3422
1782
2111
2484
4598
3690
2215
3453
3061
1198
735
3165
125
3797
1891
4246
1869
4346
3259
4463
1619
2198
4368
1111
1215
4588
1484
777
4057
2309
3874
1176
162
2008
1355
3788
719
3113
3744
4302
2592
3825
2451
2063
2893
4076
3719
3048
837
1399
3714
2399
4402
1592
2845
193
1686
53
380
1451
78
1063
2355
1008
624
826
868
2176
554
2758
1314
603
275
2929
2897
2479
2067
585
2719
242
3596
1110
3117
224
3264
905
1874
1735
2682
3338
2110
1624
4022
1925
1479
841
3060
1067
3172
2314
1890
2688
3332
4488
3699
405
3109
3861
1046
932
3178
2487
2059
4419
413
2727
1756
1261
4444
1403
2937
2889
4081
4383
2261
99
2403
3006
1930
4008
4283
2871
1487
3480
423
1059
2621
3832
1720
725
3954
4178
2046
776
3311
694
1598
2933
2336
3565
3400
1407
2723
2483
4035
2752
3454
1002
2615
4594
20
2002
4584
1615
598
191
917
3042
1483
552
237
795
1336
2598
3890
286
2407
912
1807
3830
3755
4327
3595
1568
3849
4214
1950
140
913
3352
3618
4095
3144
1842
391
2568
950
3323
2957
1926
289
3543
1701
2800
1736
4227
4107
700
984
1909
3892
2269
2320
1356
1291
4386
429
2859
1175
2089
1071
2540
4364
1803
1089
2175
2071
3547
4264
1540
720
1269
2356
3327
2291
1320
2953
4286
419
1685
1984
2846
2922
3434
2732
2616
2097
195
4400
1431
4543
43
2277
7
4455
2867
556
1917
2738
4565
3566
3678
2335
2928
3945
1335
3074
355
4199
3294
886
152
2910
1277
2981
525
3270
3319
83
1860
3969
1097
3090
1616
4300
3918
3539
2431
3358
3612
350
4020
1913
1755
630
4371
4073
2863
1045
2273
1141
511
1848
67
2562
1799
2093
1562
1093
115
656
4271
1273
2045
218
273
2949
2141
2704
3005
579
4451
1149
4104
787
2255
1101
3906
1205
1496
1773
4367
4058
2299
933
1299
397
2101
332
2496
2205
4267
3941
3579
3798
1255
493
529
2941
2149
2414
4339
4217
642
1689
1777
4324
2128
4512
3653
1888
3238
4560
1085
1181
4375
3364
214
2085
2181
4275
618
3492
2794
3551
4140
575
2770
1671
910
4224
1128
1821
1414
4239
516
1153
126
3498
1465
3411
3751
347
1697
1769
4336
4539
1554
4293
508
2361
2303
1122
4091
3515
3184
4393
1361
2122
1303
2690
1791
858
118
4236
2554
4109
2975
2674
3583
4156
2153
2824
4498
2465
1882
134
3232
2307
4013
1236
944
3880
1693
2580
57
4060
3812
1157
3150
3126
714
2157
209
3104
1580
3642
3587
570
3300
1307
1944
2236
1645
2886
3865
1086
2534
1663
4602
3223
3759
172
2648
4016
822
4085
2133
813
39
3252
2447
2713
63
3440
4551
1447
472
514
1133
1904
206
3202
311
2086
1534
567
2443
3640
1978
2717
1024
4438
1206
1495
3877
668
3468
87
2137
14
4296
2518
418
1369
2391
3227
2256
1220
651
1667
3747
1
4031
4333
1761
2660
75
4233
4396
428
1518
3717
2369
3882
2220
1391
1256
2495
2206
3
3810
3130
1137
2811
1443
3082
978
1710
699
47
4153
4062
2024
4532
1512
1659
4459
1377
3370
3219
772
3088
972
2129
3394
181
3656
2709
721
3821
1235
2764
3462
2885
1646
2235
1972
4566
1129
601
2377
1814
2512
3021
240
3125
589
2439
4142
3531
3738
1373
228
4447
1466
32
3903
3208
791
2466
2642
4611
2976
2373
2901
629
3516
4510
3258
1439
3957
3925
2130
4204
1468
3206
3495
4238
3024
2710
689
2082
1811
3974
4158
1660
2761
727
1227
3220
3369
438
4496
3391
3256
2227
3518
4433
407
2667
736
4338
853
2978
1717
679
3685
3443
1082
1130
3137
56
2468
390
211
1223
2202
4582
467
4117
3086
253
572
797
2440
306
2904
1252
3662
4570
2252
3133
4040
1713
127
1440
3447
753
2663
3534
21
3631
1648
1202
803
2223
4592
2258
1531
4526
4410
2516
1642
1208
368
3466
3796
1901
4247
3961
3373
1976
3733
3854
4209
4347
328
976
4191
2208
174
2531
1258
3439
3908
4310
1516
489
835
3932
4056
1219
3377
1370
2125
340
2021
3512
4259
2814
2646
3235
1885
2462
1764
501
1394
2972
4160
1088
2394
3129
2088
3990
1709
1462
1125
1021
4359
2659
2219
2370
357
2671
475
1770
79
2821
1364
3181
3930
3085
314
1238
2551
4185
1794
3949
4312
2492
1551
381
2238
2888
1492
4412
4475
2364
3704
4439
3414
3128
4424
2777
2689
3658
658
3992
2579
3149
1941
593
4251
4131
268
3205
232
3793
3496
3101
4467
2773
3736
3299
4520
941
35
4351
4162
4053
3255
1579
470
742
3691
781
3709
1886
98
3236
2645
141
2944
2300
763
2126
3157
309
1150
46
4553
2587
2104
4576
3775
938
86
3580
1104
1587
3869
2150
4018
1126
3724
3845
1300
3307
3739
2693
2583
857
1674
1975
2232
1411
2882
3465
4398
1824
4042
3153
1498
3122
852
4493
2184
2515
3554
2791
1690
890
4436
2769
255
2697
3767
3303
3361
608
1515
1184
1232
3660
2411
4298
2498
247
1583
975
4006
1922
1846
2984
2685
1732
680
2434
3695
4176
2547
3071
3175
1953
3356
3291
2327
1859
439
4486
1327
3320
953
3269
2803
1547
4464
3540
3089
3771
690
1434
906
2909
112
38
3841
2926
1957
2323
3568
1595
2842
2736
1800
2701
2543
550
652
2144
2618
2352
1144
844
3707
1618
4122
1352
4427
2807
1543
2950
1323
957
3800
2595
395
4549
534
479
1612
2005
1358
1704
123
4181
1949
3141
3045
318
611
949
3764
3273
1863
4471
863
369
3786
3093
746
2799
3562
785
2848
4525
250
2612
2358
1005
2755
4078
2913
95
4255
2860
616
2319
2270
1981
3431
2539
2090
2074
3913
3980
264
1566
1910
4135
2294
3620
2917
1738
849
1294
456
1928
3335
1074
2566
1539
3673
4500
295
3097
3616
1090
1867
4355
3727
1319
981
3277
1270
180
2060
4114
2890
2172
3314
2735
3965
2874
2264
732
2925
2624
1596
3110
2338
1117
1682
3916
536
2117
1338
2596
4534
342
4195
324
1264
66
1929
1897
4541
503
1172
1719
485
1060
3067
3479
3676
1113
862
3355
641
4207
1758
3622
454
3176
3399
1048
363
867
3977
2686
293
4502
1845
3783
3063
3451
6
3592
718
2048
1893
2113
3982
3008
918
337
2042
452
119
1400
3407
3921
1565
3598
291
831
498
3002
1454
547
4575
4099
2454
1752
4604
3615
2400
2565
3336
1933
3483
3681
1042
1723
3046
0
1109
4288
4003
1332
684
4120
2311
1871
2930
2006
3403
3261
3802
4244
2720
4173
1621
433
4219
2480
1178
2756
1727
4319
3059
3487
2178
1480
4483
1937
1889
1006
4344
666
3857
4388
2332
885
674
1688
1311
4612
3635
2109
1145
1041
185
2570
4361
4063
4152
2239
2193
4457
4010
1266
3883
2650
1751
4232
2594
1657
2626
373
4332
1594
743
762
2876
177
2266
3001
520
1193
1239
3458
3316
145
2145
2041
1570
4261
3577
3947
631
3419
4531
566
1779
509
4290
2331
1312
3668
4544
1435
4211
205
2197
348
3646
4189
3573
1622
581
2985
2684
1872
3816
2435
3959
1197
3190
3262
220
4390
4528
1331
3174
2312
122
1653
1878
3650
1295
3268
4374
1628
3629
2243
3334
1075
2189
1171
649
3757
4325
3427
2456
1420
1787
420
2318
4225
3902
2420
613
1456
2780
1318
430
1681
3938
4274
4097
2075
1189
1243
2171
701
2295
4143
1783
3423
840
51
4601
2247
136
1004
3452
2754
4105
3591
4516
392
3569
4552
528
3240
1247
124
2004
1705
1649
3044
91
708
1383
227
28
1436
3900
4318
2611
2507
4593
588
3561
2708
3142
16
3354
3652
4513
2436
4418
1611
3500
4583
1507
2986
2383
1844
3078
982
2159
3741
3298
1265
4037
2503
1629
3998
3871
1387
3380
1146
784
4578
3209
61
2387
4168
2146
931
1503
3315
2734
2875
3432
4146
3689
2265
3711
2924
2625
1159
1982
1379
4349
1210
3217
1637
663
3827
4330
3643
446
1988
851
3438
155
2167
839
3813
3292
4129
3160
1167
234
4150
3072
988
717
1731
2630
1706
4230
2379
1921
4249
595
2210
4012
4441
2455
2163
109
4084
3148
752
4066
3614
703
2564
3864
1633
2499
1076
4392
802
168
4048
3213
3886
1296
1351
379
4292
2351
312
2296
3951
1564
2076
564
1499
261
2702
473
1455
517
1163
2841
203
1519
4034
876
3416
2013
1339
3108
2963
2366
3535
2473
1948
3836
4589
1473
238
948
262
4579
655
1796
919
1366
3893
283
2849
1013
599
2339
2905
2519
11
25
2029
3188
2477
1231
2558
2412
2967
4445
960
230
4380
3362
2678
2017
4469
371
4567
591
2828
3955
926
2792
4179
354
3494
3121
3025
1017
3010
71
1558
2231
1412
2881
4128
1960
4280
1029
1477
896
3470
2395
1523
1343
798
2009
2798
4087
1124
165
2959
4406
1552
1418
2037
1106
2469
667
3867
1491
2552
4306
3030
2418
1037
1469
2106
2491
914
4072
2124
2853
650
3182
2815
2343
3234
2946
1884
1009
2822
1765
1395
3368
733
2672
2523
3745
3824
2033
942
1850
728
692
3839
790
3340
1347
3875
173
158
1186
3520
1527
4026
3769
441
756
3556
2527
301
3102
557
2347
2186
806
462
1942
2857
3715
279
1826
682
196
1676
82
1033
766
2283
2833
4070
1057
3050
2532
861
1747
4321
4023
3254
560
1902
2740
578
3603
1641
4221
199
3026
2057
1532
542
1283
217
3204
276
130
848
2768
3536
834
4508
404
1022
3679
2365
1743
188
2600
4101
3415
4403
1461
644
1053
4615
4454
2287
3628
2989
1818
2837
2906
2971
1287
3280
1830
3988
4303
2053
2461
4616
3398
1365
2022
3511
3607
3944
1600
3084
1795
3919
148
2279
990
2997
285
2829
4365
1514
1185
1081
3392
2028
974
1028
531
1675
1974
3464
3599
2762
1825
4265
617
789
2185
2514
2081
1812
3555
1279
1990
4377
3808
1201
505
1105
1739
1908
483
1049
3754
344
3833
4215
2251
322
2396
1538
2993
4282
3896
2538
378
1396
1251
4382
2049
2644
2945
1766
396
2816
4094
4277
2201
2105
2084
2607
2511
4308
3022
3910
2398
1536
3983
2795
4134
2830
989
2280
1971
4254
1906
4617
3782
3053
3461
1415
29
4503
3670
2415
895
2818
1837
847
1989
971
3287
1280
665
3847
4354
3623
1768
383
1607
1084
3600
842
1511
925
2743
3365
4408
3777
2536
1398
4554
3057
299
2026
1050
2204
317
281
4577
50
2902
1254
460
537
2641
2603
875
1740
478
4421
90
1603
2747
4079
2254
1204
1833
3701
3765
3283
4028
3859
3532
2050
1026
1816
4187
639
3105
3201
800
4610
4482
657
3538
993
2766
1945
1644
3049
4172
244
945
1993
3803
222
3396
3251
4002
605
4477
911
3838
2908
583
2739
2812
3081
3514
3185
133
270
2990
997
730
2555
2974
788
2675
356
4126
1392
1762
2825
2599
2464
3694
1599
546
1464
108
3721
42
3028
2392
1829
1997
169
3279
1555
4542
4465
615
967
4245
2960
1881
3231
4170
4
2470
1188
2494
1792
715
4269
2010
4000
1362
2025
4123
2121
864
4369
1678
3017
3634
1010
1025
2362
1121
491
1828
1494
632
2188
3477
1470
3029
13
4480
330
4345
1967
3412
3558
394
523
1108
3339
3898
1416
499
3971
544
1905
3519
2796
338
4201
1849
64
1535
963
2535
3806
3366
1963
4599
2948
3473
2108
4527
3013
2416
2826
1857
562
2942
2676
296
3672
421
2102
540
1520
201
2556
3527
3186
1340
3347
457
869
816
3927
2340
729
3687
1102
431
1556
2520
3912
3033
3780
702
2850
1822
2765
3964
2884
1946
2234
3343
3523
1672
3986
2368
389
3491
3106
4115
3418
2030
3552
843
1815
959
2182
1853
3124
4529
1959
1182
3469
1030
799
3037
4506
4194
1368
3395
406
60
3009
1798
3626
3851
1234
946
3265
1298
2432
1875
1734
2982
1078
1625
3936
4163
1924
4052
1209
3146
3387
1380
2315
1315
3503
2629
3792
2209
930
2380
3159
900
2078
773
2298
3993
1432
137
2500
4518
3436
2844
880
3383
1986
2354
4089
54
2142
149
1561
4413
4111
2561
488
189
4313
3637
1708
1354
1142
3855
3730
327
986
1500
4603
3507
3611
3749
573
1702
1614
1148
303
1841
4241
3967
3296
3351
212
522
1213
464
3076
256
2633
3499
3564
10
2213
4492
823
3163
4043
442
3455
4341
812
640
4197
2614
2148
2706
3975
176
1630
838
2731
3210
1217
495
2921
3818
3379
2160
2292
3924
1438
4205
2072
334
3939
2988
3684
1072
1160
402
3167
3666
1292
2438
2217
4533
4449
70
707
4430
3648
2637
2174
3312
4490
320
794
2653
859
1419
1684
1985
481
2622
2573
2262
2190
3435
2872
3663
1262
305
3197
1190
985
248
1573
2779
466
2419
1174
3331
609
724
2316
634
4137
2458
2577
3041
3145
4432
4568
259
1626
2657
2001
370
102
3266
1876
4257
1001
4357
3725
3844
3594
4068
2751
3819
1650
3570
4461
1577
3774
3888
1316
4046
3193
1458
3239
4581
653
1423
854
3790
2044
2649
267
1591
2569
3697
1452
4416
447
2705
3004
2240
105
4050
1240
3247
2591
1569
4029
1754
2452
4316
2423
1044
2783
4591
691
3171
1334
3075
352
4166
3933
1268
3295
84
17
4184
2681
4148
440
1780
1427
3420
3732
131
3318
2787
3456
2427
4425
3996
2268
388
2878
681
3189
3243
3761
3705
2334
2628
44
4474
159
1241
2173
4083
4381
2955
2654
2039
2590
1683
3863
2574
1066
2999
2896
506
734
569
1749
1574
2066
3408
393
533
1039
1590
3116
345
3597
2241
1173
518
208
1805
4281
4564
1329
4335
3688
1112
887
4499
1687
1938
3644
3325
749
1728
3619
3545
882
2177
3488
561
1892
3814
284
1177
3170
4155
3593
3062
3979
860
200
614
3421
4235
1781
2112
2680
3928
2329
3194
4376
3068
1191
2169
1095
1898
1424
2043
1275
647
1679
3003
2406
3330
2118
1337
3897
670
1406
2337
1118
1915
1753
2865
1722
2424
4102
2784
908
2275
3482
1043
1932
4276
2191
2095
1169
1333
226
3799
3007
1000
1651
2750
492
1486
4222
3905
2047
3571
587
3402
153
178
331
530
765
3040
4514
1047
865
3589
372
62
1757
2726
2486
4322
2333
3244
2936
2000
3546
1733
1609
755
4595
1923
916
3326
2357
229
1952
805
2847
4100
590
271
778
3559
2802
3504
952
527
167
879
1840
750
4585
1357
3350
2609
183
1868
2542
384
3655
676
3278
4373
3384
929
2843
4071
2322
1065
1161
3098
4478
2956
1927
2353
899
2918
1737
52
3837
664
4320
2730
4188
1631
4220
1806
92
1353
2920
3115
3211
435
4273
143
4119
1322
2065
2161
1542
2895
4144
686
1729
1613
444
2381
1919
620
504
4295
1548
1214
1485
343
1328
4027
3563
828
2634
2935
2328
3092
2725
1862
2548
874
2485
2214
3272
2912
1381
280
3164
4395
2613
883
958
2405
2560
4064
3848
924
399
2808
4086
2839
833
4015
1276
894
3884
2349
4407
3778
1617
1096
3610
1501
3866
4307
2096
292
2617
365
40
2501
2866
2276
1349
121
1916
453
1405
1958
94
3567
1560
27
4291
2341
2521
3308
4309
4036
3952
3753
19
2493
3834
1445
4210
2851
1588
157
2445
4442
628
2588
1493
3158
1776
751
1521
4409
4147
635
4093
4391
1341
801
2229
2879
1135
4547
34
1031
4360
235
2497
3989
100
3119
4011
964
596
2698
1964
4159
1665
3225
3474
2772
3698
2135
2031
4260
1497
3490
1229
855
2715
3014
2156
3127
1120
4358
1011
417
2778
2375
3586
4067
4404
1471
937
2489
2237
2887
3712
4453
669
3887
1306
3230
4138
1237
1880
2961
2306
3742
4304
2471
698
1489
3034
1375
3943
2692
2120
1156
4258
3872
2011
427
744
3152
3344
2233
2883
4075
3651
3524
739
4590
3826
2582
4024
3123
4039
817
1854
321
3302
577
4572
482
106
4580
252
1696
706
1582
216
870
1233
277
3740
2083
3823
23
4586
1257
3250
3870
1136
2207
3647
3054
1639
580
2716
3817
558
2136
3200
1207
3710
4596
3226
2257
219
2744
1083
3442
197
1666
1446
3901
3509
2203
3659
1222
4456
2969
1253
4558
2459
4198
2604
2087
1459
1712
1087
3080
1604
3132
3968
81
2991
2253
2222
521
1203
3284
1775
1834
2446
3378
3946
2662
3138
2467
643
2079
147
4440
4385
3638
970
2977
1281
1718
175
3372
2668
994
2228
1510
3517
1643
3601
4517
1228
3950
2510
565
740
12
1695
3929
1994
619
4285
2281
1970
204
2831
4212
187
3460
1467
1079
3513
1647
4522
1305
783
4033
4331
2199
761
2376
2973
1249
3448
3585
163
2051
2463
3756
2155
4262
376
139
1463
1051
1155
233
4151
4362
1376
288
3894
2249
398
4096
594
1199
1741
2640
2305
4231
72
2834
2775
2284
4136
3963
3222
1509
1662
2378
3446
2080
2712
4110
260
3762
3253
1991
969
107
4256
2132
991
1969
856
1132
4356
3087
3604
1080
3459
824
2509
4193
1378
3731
1284
4047
3203
767
319
3257
2226
1250
4606
2666
297
2442
1744
1716
480
1054
74
2200
3136
458
1200
3207
3828
2639
2054
4059
15
1442
3785
3083
2250
1226
3879
494
637
4167
3305
1640
2741
1513
549
4462
333
659
1585
3249
1448
973
2585
2448
1973
3376
4038
3155
774
3463
3051
4431
3997
2647
2513
3199
1831
304
2970
977
3281
4240
156
2460
4175
1138
4536
465
1601
3510
1517
3696
4417
4139
358
2994
2695
4124
1372
4005
382
3633
1668
4562
2372
2601
2643
2517
4317
3228
3079
1460
3467
2138
1977
2718
4485
4340
2490
935
3031
3135
2014
1715
2665
2964
1119
1772
2474
2225
3693
1474
1225
1698
496
3636
2119
4530
1014
1879
3229
335
3497
1490
4460
920
4509
1308
367
4491
3937
811
3588
186
374
4342
3445
4098
2776
2158
146
3493
1158
1851
3804
4242
3341
120
2308
3758
3521
41
135
2696
1524
582
1344
1152
316
445
513
1123
2302
221
538
793
477
757
1302
3667
738
2123
2854
1883
807
3760
3233
2344
2152
3582
4600
4112
2524
3915
1692
1586
2034
3791
3984
3809
3011
437
3966
1127
3120
4133
3306
1961
4253
2880
2230
723
3948
688
3471
712
3489
3675
678
4504
961
4353
1887
4051
1230
3237
1778
3624
179
4458
2127
3156
4196
408
3639
2586
1034
3375
3161
1098
3065
3934
1384
696
1278
1895
4183
2806
2631
1730
425
2211
2115
956
1920
3852
4278
1211
415
1115
3353
645
2927
1956
4378
3807
903
4420
1918
2737
2278
3542
2868
2098
403
3322
1843
2384
4473
3700
2350
1326
3889
779
532
3795
3609
4574
3911
132
1546
266
2504
2559
1802
2840
4557
1847
4055
2952
1504
490
1559
3671
2733
2546
3357
329
2326
2923
1350
4605
815
626
553
2916
2567
3987
2958
3501
3617
3096
192
1610
3276
1866
3349
3720
3843
660
3972
2610
4507
1567
3560
3405
866
3773
4202
1839
3627
1808
4495
2164
829
1912
138
101
3613
2092
541
3328
1935
1634
2563
114
3214
2272
3485
3548
3926
1725
2862
3664
1272
103
705
3686
1092
359
243
1563
716
4535
2729
1164
604
2919
3381
1680
3970
545
3112
2781
4299
2421
300
3722
2194
3329
2170
1488
4200
1545
3923
2892
461
353
26
2062
1325
2593
3683
888
2325
1062
780
2938
1593
3177
2488
1170
2545
2728
748
1194
2687
18
4399
1421
4435
245
2597
2116
4171
955
2408
4548
2805
308
3241
999
606
4001
272
915
1896
654
3066
2749
257
469
3574
2683
4524
1999
4088
3846
4481
3173
4044
3590
1116
1597
3868
3776
3039
1408
4019
1654
1955
4422
3486
2757
269
1726
1007
3000
1936
2244
3333
3702
1402
633
4127
2589
1571
4414
2040
1589
487
2571
830
4314
1040
3047
231
2402
2007
326
3735
3850
1244
592
1750
871
2651
3829
2482
3275
1784
4186
3424
166
409
891
2722
1865
3095
902
1068
3191
4164
2932
1330
3337
1003
907
2753
921
2915
2679
3118
2330
3406
2003
3169
386
2068
4476
80
3043
3781
1482
3994
2898
