4521
4535
4025
4058
4025
4138
2652
1464
1505
2563
1196
4318
1196
2163
3876
3556
3876
3556
3313
3320
3768
2549
4297
1120
2873
2925
4074
2371
4074
1943
4074
4227
2263
3143
2263
3612
2401
4501
2401
4501
2623
3163
3746
2877
3746
2433
3746
2271
3746
1444
3746
2522
3746
2321
3746
1063
3746
1059
3746
1616
3746
2431
3746
1299
3746
1361
3746
2886
3746
2885
3746
2645
3746
3153
3746
4181
3746
1048
3746
4099
3746
2146
3746
2875
3746
2630
3746
4084
3746
2644
3746
1025
3746
2884
3746
1805
3746
1665
3746
1662
3746
4047
3746
1014
3746
2880
3746
1040
2572
4494
1449
2516
1449
3059
3248
2732
3248
4300
3248
4282
463
656
1572
1193
36
116
2449
1835
2449
1950
2449
4221
4141
4223
4141
1773
213
212
4397
4450
278
206
278
328
278
326
3716
3719
3716
2487
3716
3366
1263
3129
1263
2603
1401
3545
1401
1729
2196
1656
2196
1656
4538
2786
4538
2121
302
348
2505
3098
792
877
792
849
792
756
574
612
574
599
400
274
400
201
151
121
1481
1175
4429
3706
4429
2551
4429
946
412
211
1114
2558
1114
1482
2627
1772
1656
2711
4405
3515
2267
2028
2267
1851
4450
2734
4450
1647
2877
1130
4017
1537
4017
1928
1310
3148
1310
3152
3317
2800
2788
4521
2788
3063
2788
4528
2428
3343
3576
2831
2385
4185
2385
1539
2385
2199
3064
3348
3064
2815
3940
4305
1385
4253
693
695
693
485
2310
3322
1894
3149
1894
1897
1428
3369
3260
2995
3260
3283
3260
2726
1267
2399
1267
2084
3192
2980
3192
2975
3192
1559
2931
4217
2931
3208
1870
3862
1870
3863
771
861
422
322
422
427
2481
1572
2481
1578
2481
1858
2481
1669
2481
1852
2481
2052
2481
4121
2481
4203
2481
1508
2481
1632
2481
2576
2481
1652
2481
2110
2481
1598
2481
4095
2481
1540
2481
4140
2481
1512
2481
1814
2481
4158
2481
4207
2481
1878
2481
4097
2481
1265
2481
4072
2481
1573
2481
4148
2481
4083
2481
1588
2481
2233
2481
4110
2481
2226
2481
3136
2481
1194
2114
1492
2114
4066
1620
1545
722
169
621
613
621
469
713
882
4305
2714
4305
3793
4305
3676
4305
2982
4305
4430
4305
3275
3822
3325
2721
3806
2721
2305
2721
3804
4468
3047
1422
3236
3309
3541
3309
3543
3309
3043
1246
2535
1246
3946
3881
2665
2259
1195
2259
1856
4446
3925
4446
2370
4446
3681
2869
3443
2869
3761
1165
4088
1061
4486
1061
2997
1061
2990
1061
2692
1453
1276
3198
2664
3198
4271
3198
3214
2619
1160
4363
1085
104
4061
2963
4061
3222
113
2165
1175
2061
2374
2061
1523
2453
1550
4263
1146
1259
1251
1259
1967
2891
2972
2891
1343
2891
1754
2891
1119
1934
4177
1934
1949
1635
1646
2246
1846
2246
2001
3215
2687
3215
2687
4608
146
3484
2528
3484
3250
3484
2510
3111
4396
2782
2565
2422
2489
4032
1385
4032
1055
4032
3645
4032
2224
4032
1903
4032
2154
4032
1032
4032
1290
4032
1070
4032
2399
4032
3755
4032
4286
4032
4058
4032
2085
4032
2642
4032
1587
4032
4195
4032
1042
4032
4152
4032
1570
4032
1420
4032
1081
4032
1049
4032
1952
4032
4100
4032
2322
4032
1065
4032
2521
4032
3952
4032
4138
4032
1510
4032
1467
4032
4151
1724
4246
1724
2561
3956
2632
3956
3166
3956
3627
3750
4066
45
91
3835
4526
3835
3839
1457
1428
1457
3077
1457
4560
3450
3471
3729
1416
3729
1517
1578
1187
4213
4265
3404
1189
77
167
3657
1567
623
539
4090
2015
4090
3759
4090
2904
600
580
2658
1164
85
80
2578
4211
3242
1419
821
48
1786
2884
1786
2880
2457
1224
2457
2598
2457
4062
2457
4128
2457
1617
2457
1597
3426
3481
3426
3238
3426
4238
3426
4255
3426
3461
3426
3239
239
332
3575
3365
3575
4600
2386
2410
2386
2409
2386
4117
2983
2126
2147
2397
2147
3335
2147
3331
4216
1836
4216
4279
4216
1528
2433
2640
1699
1367
1699
3851
449
450
3641
2706
3641
4193
4030
2064
4030
1071
4030
1086
4030
2624
4030
1060
4030
1041
4030
1628
4030
1026
4030
1945
4030
3619
4030
2329
4030
4276
4030
4075
4030
1586
4030
1421
4030
1408
711
0
1655
3047
4049
3620
4049
3951
1954
4075
1954
1305
597
547
954
2828
3502
2735
3502
3517
2804
3082
2804
1675
2804
3081
2804
3076
4571
4577
4571
3585
4571
977
341
359
341
243
68
91
1433
3327
1433
2515
1433
982
448
414
3789
3669
236
49
3811
1714
3811
3020
3811
1713
502
601
502
532
1386
1346
287
288
3140
3425
3140
3630
3140
3756
3895
2317
3895
1516
3895
1135
1147
2157
1147
2156
1147
4385
1147
3257
4348
4368
4092
1210
648
555
2324
1838
2324
2380
2638
4259
3382
4037
2218
1570
2218
1467
2544
3140
2544
1506
2544
2073
2544
4157
2544
3608
2544
1382
2544
3143
2544
1983
2544
3139
2544
1248
2544
2314
2544
1984
2544
3612
2544
1149
2544
4156
2544
4204
2544
3133
2544
1547
2544
1352
2544
3141
2544
3615
2544
3951
2544
1532
2544
1283
2544
3415
2544
2010
2544
3146
2544
2354
2544
1190
2544
2574
2544
2229
2544
3613
2544
4200
3168
3186
3907
2795
3907
1668
671
30
1091
2650
1091
2955
1506
1330
1195
1181
2069
1553
2069
2395
2437
3085
4366
3687
980
4571
980
4563
980
3771
980
2973
4443
4463
4443
2479
4443
2551
2987
4336
1271
2864
1271
2356
2143
3504
2289
3826
4384
2742
4384
3506
4384
3001
2271
1929
2271
2228
1980
4370
1980
3292
1289
1288
1289
2191
515
600
515
625
515
588
1143
1648
1143
1353
2861
1291
4284
2715
2091
3869
2091
1240
3752
3180
55
109
2195
4304
1069
1709
1069
3477
1069
1072
1069
3203
2506
1677
2506
3563
2506
3065
3430
3195
1437
2271
1437
3153
4266
2958
1218
3196
1218
2649
1218
4360
1218
3199
1218
1977
3953
1568
3953
4197
1544
4397
1544
1364
1544
4439
1544
1622
4248
4303
1324
1288
1324
2355
8
127
1911
1453
1911
4256
2979
4453
3321
3049
2297
4479
2297
4478
215
214
4545
3075
4545
1679
850
855
814
809
814
896
814
724
2077
1956
2077
1272
1703
2586
2429
2307
3541
3340
704
706
704
490
576
590
161
158
4563
1673
4563
2738
4563
3516
1212
4092
3274
3499
3274
1542
2212
1581
2212
3423
1785
4349
1785
1412
210
362
3425
4119
1864
1176
1864
3868
4118
2643
3094
3887
2632
2934
3388
1050
1077
1069
4511
3692
4511
3539
4511
1398
3070
3867
3070
3866
1429
3747
571
600
571
656
129
3162
1602
1297
4094
1297
2326
3290
4479
3290
4478
4489
1449
4489
1580
2914
1378
2914
4422
3873
2125
3873
3527
3508
3920
1166
1771
1166
2677
1166
1722
3942
2722
3942
2722
1707
1033
3743
3604
3820
2771
3820
3914
3820
3701
3820
3318
3820
2776
4337
2473
4337
4380
1245
4016
1245
1982
2073
2395
2073
1946
2073
2376
2139
2819
2139
3074
2139
2518
2951
1358
2293
1153
4452
2289
4452
3289
4452
2290
3713
3715
3216
3234
1293
4275
1293
2554
1293
1758
1293
1829
1293
4240
1139
3273
1139
4321
1139
1120
1139
4417
747
883
2700
4446
2700
3796
2700
3273
2700
3494
2700
2523
1801
3419
1801
3619
4237
2703
1073
1061
1073
1068
2245
4107
1636
2557
1636
4484
198
187
636
517
636
521
4157
2652
4157
4190
4157
2897
2166
4128
559
512
559
616
3581
4607
4106
4132
4106
4236
820
796
820
868
820
736
584
668
884
731
884
742
884
752
884
924
1016
980
1016
1013
182
184
3858
2235
3858
4126
3858
2234
4272
2986
2151
1063
2151
2615
2939
3480
2055
1523
2055
1448
1363
1362
1301
4156
1301
4204
361
224
873
835
223
222
4387
2293
4387
4401
4387
3678
4387
3793
4387
2294
4387
3676
2099
4063
2099
1982
1476
4166
3904
951
1793
1113
1793
1412
2476
2477
1099
2506
1099
3323
1099
4525
1099
4554
3348
3355
73
172
58
102
364
412
364
209
364
219
364
231
2363
3216
2363
2187
2363
2949
2363
4175
2363
3773
2966
3016
2301
1060
2301
1047
4287
4356
3528
3831
3528
3311
3528
4449
3528
3312
3528
3702
1745
2146
1745
2880
2016
3466
3413
3417
3413
2012
3413
3748
3413
2192
3413
4104
3413
4085
3413
2323
3413
1480
3413
2109
3413
4063
3413
2239
3413
4143
3413
2190
3413
4147
3413
1851
3413
2325
4372
4464
4372
3824
4372
4421
1151
1763
1151
1764
1151
1657
1151
3491
5
2
377
387
377
199
1055
1051
1858
1621
1858
2396
4515
4539
1797
1113
1797
2622
1669
3196
1669
2649
1669
3199
4540
3572
4540
3356
4540
2532
4326
3937
4326
3937
3605
2073
3605
4157
3605
1382
3605
2314
3605
1984
3605
4156
3605
3615
3605
1532
3605
1283
3605
3415
3605
2010
3605
2354
3605
3749
3605
2229
1819
1409
1819
1406
31
99
3360
2520
1367
964
526
45
2179
2642
2179
1570
962
3861
3038
4532
662
552
662
664
2410
3641
117
1285
1662
1285
4051
3549
3066
2835
1362
2774
3703
2285
3090
194
193
3472
2989
451
176
65
81
1962
4110
1962
3136
1179
1173
1410
1180
893
745
893
794
893
894
3417
1121
3012
3034
555
591
923
729
2367
1076
290
259
290
231
1691
1003
2790
4543
2790
1459
4226
4270
385
309
1968
1970
4559
1690
4559
3080
4559
2448
675
701
675
702
889
833
889
815
889
716
1550
1549
3645
2940
3645
3210
3645
2935
3557
2801
2526
3132
349
351
349
409
2943
2683
2943
2683
2346
1202
2346
1515
2187
3662
3478
4307
1827
1816
1827
1353
2856
2922
2856
3864
2856
1380
1359
2133
1359
2798
1359
4514
510
622
510
610
171
1677
3098
3018
3691
3018
4456
1789
2621
1789
1105
768
836
2103
1224
2103
2238
3669
3695
3669
3284
4334
3023
4334
2763
1771
2675
1771
2585
2670
4377
1103
2954
1103
3188
1103
1102
4234
3194
2820
2826
2359
2358
2359
2358
434
416
434
295
4208
1511
1346
8
3891
3797
3891
3830
3891
3810
3891
3512
3891
3299
3891
2733
1187
1154
1187
2937
1187
4388
1187
2504
3180
2941
3180
1596
3180
3185
3409
972
3815
3821
2995
2737
2694
4342
968
4582
685
686
685
482
3909
4560
3909
2811
3032
2524
4154
1605
4154
3207
1526
4395
3978
1067
3978
1637
3978
4235
3978
3987
2550
2533
2550
3599
2107
4107
2107
2108
2584
1773
4597
4610
3522
3832
3522
3827
3860
940
3860
2282
1036
2754
1036
1729
1673
1551
3342
3565
3154
4225
1823
2875
1823
1665
2
36
2
45
2
55
2
48
2
33
2
22
2
49
2
37
2
53
2
39
2
14
2
47
2
56
2
46
2
38
2
180
2
0
2
185
2
177
2
11
2
29
2
50
2
169
2
13
2
54
2
183
2
52
2
19
2
34
2
12
2
187
2
15
2
41
1852
1196
2947
3262
4080
4092
4080
2375
940
1693
2183
1403
2183
1751
3553
4587
3553
2467
3304
4434
3304
2773
1940
2314
1940
3615
519
588
519
462
519
609
1183
1182
1183
1177
207
36
4587
2803
4587
949
3100
145
1584
4287
1107
4351
1107
1482
568
681
568
480
2036
1572
2036
1858
1286
2377
1286
4171
3885
4613
4014
1140
4014
4037
4014
2315
4014
4089
4014
4067
2907
4212
3779
2282
3023
2759
796
898
796
855
4065
2867
4065
1375
4065
1376
3606
956
3606
3609
2530
2531
3052
3564
3052
2509
3728
4019
3537
2771
1530
1531
110
109
3444
3208
3444
4137
3444
2680
2742
1713
2742
2757
2286
2368
411
299
2836
4601
1900
1540
1900
4158
1475
2808
612
456
1224
4122
1224
2499
2809
4556
2809
1002
2809
3075
1998
1669
1998
4095
346
291
3831
4538
2602
4121
2602
4110
1759
2728
416
294
416
439
1015
978
2056
1506
2056
2229
3027
3034
726
19
1020
3355
251
250
2903
4258
4077
2197
4077
1945
4294
4348
4294
3825
2371
1615
775
915
507
471
507
651
507
578
1389
4582
1389
2132
4394
4418
4394
3672
819
183
1371
1116
3134
1109
2389
2388
426
428
426
283
1602
2711
2015
3183
1714
4493
808
923
808
727
808
851
2020
2872
2020
2617
1056
3410
1056
1039
3862
1501
3862
2170
998
1432
3533
1368
3533
1687
3533
961
2664
3485
2965
1759
2965
3269
2965
3268
737
34
1746
2153
1746
2146
1832
2453
1832
4445
697
704
697
700
758
757
2475
4244
2475
1473
2475
1509
3282
4509
2224
1315
4082
3444
3708
3568
3708
3570
4479
2767
4479
949
4479
948
1608
1191
901
822
927
776
927
862
1397
1221
3390
1445
3390
2879
1767
1768
48
99
3019
4410
3019
1630
3019
3688
892
875
892
916
892
748
4323
2947
4323
2468
4323
4331
4021
1140
4021
4037
4021
3859
3654
4419
3654
3492
3654
2971
3654
4453
3654
3249
845
764
845
929
2817
105
1838
1300
922
714
922
833
3288
2754
4428
1594
96
88
992
2832
4370
3682
4370
3686
1035
1028
897
858
3374
4598
1131
1742
1131
1466
1131
3228
1131
2679
4270
3789
4270
3801
4270
1756
4270
1755
4270
2733
1992
1984
1992
1532
3999
2433
3999
1015
3999
1035
3999
1027
3999
2221
3999
979
3999
1133
3999
4396
3999
3125
3999
4040
3999
4131
3999
2645
3999
1126
3999
3739
3999
1145
3999
1318
3999
1339
3999
1279
3999
2644
3999
1050
3999
1066
3999
1138
3999
1325
2035
1608
2035
4229
274
348
274
308
2131
4474
1810
3419
1810
4276
2711
1760
2711
3680
2711
3287
2711
3936
2711
3928
2711
3007
4145
1230
586
459
2760
3060
2760
4531
2760
2527
4169
1311
1661
2498
4223
2164
4546
3077
4546
3369
2608
1415
2608
3436
88
3221
4222
225
361
2397
3554
4103
2648
4103
1531
2855
2464
2855
2222
4401
2402
1441
3450
1441
3189
1441
2936
2813
106
2345
4090
2345
2205
1763
4455
1393
3100
2899
1723
825
807
2525
1661
2525
1094
2525
2846
2525
4351
2525
2498
2525
1159
2748
1633
2996
3815
2996
4469
2996
3519
2393
2922
2393
3864
2393
1380
1525
3260
877
857
877
921
1345
144
627
453
627
628
4301
1678
543
663
543
531
3529
2764
3529
4476
4613
150
872
935
2441
4108
524
602
524
583
524
643
3058
3064
3058
4561
3058
4567
2746
3024
2746
1717
2746
4483
1965
1422
1965
4154
818
50
1664
3636
69
88
2533
3895
2533
3413
2533
4016
2533
2860
2533
1418
2533
3896
2533
1849
2533
1504
2533
3424
4206
3238
4206
4238
4206
3239
3224
3476
3224
3240
2282
2128
2282
4292
809
825
809
834
3475
3663
687
484
687
692
2832
77
3389
1472
3389
2878
2134
3716
2134
4544
4494
3053
4494
2573
881
790
142
7
3976
2526
3976
3989
1027
3411
1027
978
3020
2757
2714
3800
759
821
3015
1075
436
441
436
442
351
333
351
386
2027
2028
3056
60
3602
4108
3602
1497
2759
2401
2759
4501
2759
1641
1134
1403
1134
2622
607
618
607
478
3371
4593
1903
1543
1903
4168
1903
2188
33
114
512
598
512
620
1282
1276
3801
2748
3801
3338
3801
3819
3665
4343
3665
3668
3665
4340
677
510
677
637
246
282
965
3375
1809
1484
1809
1349
2998
4429
1533
2281
1742
1743
2444
3934
1023
2985
1023
1029
1023
1022
1023
2712
2900
3216
2900
2187
2900
3640
2900
3927
2900
4175
2900
3773
1836
1528
1836
1528
3286
3302
9
173
1052
1045
1052
1037
3682
3526
2537
1461
1606
3027
1606
3025
1606
4506
1606
3818
1606
3697
3917
1031
672
468
672
474
672
631
672
587
2052
3416
1537
1293
3530
3045
2606
3606
2606
957
3770
3933
3922
4397
3922
4424
1907
2568
1907
1831
3723
3724
832
854
3840
3068
1444
1116
3677
4350
2023
2012
2023
1500
3441
4188
2529
1077
2529
2530
2529
1377
2529
3924
2058
2224
2058
2322
878
739
4569
1389
4569
3584
4569
1689
3393
1108
282
15
1996
1476
1996
1372
366
263
366
269
770
926
3794
2738
3981
2460
263
215
263
218
263
304
128
2763
2422
2763
2137
2763
2138
3345
4545
3345
2809
150
119
4108
4149
4108
3194
4108
1593
3621
3766
1748
4315
1748
3167
3525
2759
1899
1508
1899
1540
996
3581
3856
4268
1058
1052
1058
2692
116
4054
4118
4054
2374
1529
2700
1813
1128
1855
3215
1855
1767
4501
2785
4501
2418
4501
3912
535
13
1019
2738
1019
1460
2661
3253
1760
4409
3397
3404
3397
1197
2221
3744
2221
3745
2221
3601
325
290
325
307
1390
3160
1390
2896
1390
2918
4279
1644
3608
3616
3608
3614
3608
3610
3131
4311
3131
3893
3131
2155
3935
1280
4609
152
3035
2479
3035
2775
1374
2940
1374
4359
2992
3013
486
485
4228
1222
1711
4449
1288
2626
1288
3442
1288
1666
2810
3888
4180
3426
4328
3278
2288
3552
2288
4529
2288
2423
2838
4192
1817
2910
2374
1639
928
750
928
744
3703
3876
3703
3875
4470
4491
2390
2391
1221
2694
1221
1465
1221
2916
1221
1571
898
742
4379
4422
4423
3536
4423
3683
2019
1480
2019
1500
2767
2467
731
38
190
177
1360
4252
1360
4346
1360
4255
1360
3461
1360
1577
1360
2964
3367
1011
2012
3168
2012
2920
455
454
1605
3781
1790
2367
1790
1096
160
154
2691
4433
2691
4355
2691
3298
551
668
1549
2403
1549
2407
1549
2287
909
832
909
719
909
815
2472
2441
2472
1168
2472
4116
2472
2440
2472
1492
2472
2009
2472
2037
2472
4094
2472
2535
2472
4115
2472
2241
2472
3946
2472
3894
2472
3997
2472
2326
2472
2567
2472
3868
294
13
3285
2452
3285
3814
1774
3178
1835
4209
4165
3264
4165
2709
4165
3251
2417
1451
1038
1037
1038
1030
2962
4366
2962
1600
3410
1051
2038
1856
2038
2469
1417
2761
3179
3637
3706
2794
2549
4187
2549
4187
1472
1127
3995
4009
4426
1720
401
223
401
413
2797
3358
2797
4552
265
412
265
362
265
264
2669
4296
2360
1568
2360
1209
2360
3924
2360
1095
2360
1548
2360
1442
2360
3406
1012
4608
2819
2825
2605
1495
2605
1494
4537
3557
4537
1354
4007
3746
4007
2615
4007
2153
939
3243
625
541
4472
2292
4472
1692
2413
2696
3016
1099
786
835
786
762
4415
3820
2858
1064
2858
1071
2858
1086
2858
1060
2858
1041
2858
1017
2858
1026
2858
1078
2858
4276
2858
1034
745
744
1581
2627
1581
3174
1581
2513
638
455
638
522
638
628
4177
1306
2348
2399
2348
1952
3476
3666
2745
3022
2528
1518
3301
3313
3301
1359
3301
1454
3301
3334
1966
1404
1966
2202
1966
2203
3363
1681
3363
2831
3363
3722
3734
4104
3734
2239
4487
3555
1528
4337
1528
1833
323
227
323
334
3853
3854
3853
3855
966
2129
2793
2802
810
809
810
725
810
721
1348
3182
1348
2921
1348
3624
3099
137
4315
3654
484
525
622
589
622
660
4182
1106
4182
4277
2581
3346
2581
3352
2581
2136
3055
2435
1939
4074
1939
2315
3151
4297
760
818
24
188
97
95
1413
3716
1413
4544
1154
3242
1342
3285
1342
3285
4121
1497
3036
3041
258
347
258
345
258
235
468
539
468
590
1522
1281
2100
2492
904
70
1553
4244
1553
2316
1553
1509
4555
1683
4555
4558
307
385
307
231
947
3056
947
3706
2940
2967
2304
1132
4045
4082
4045
4091
3183
3940
4519
4536
1947
2231
1947
3424
1304
1836
1304
1644
2852
2367
2852
1748
2852
4069
2852
1502
2852
4113
2852
1321
2852
1624
2852
1067
2852
1487
2852
4142
2852
1648
2852
1232
2852
2312
2852
1637
2852
1106
2852
1251
2852
4277
2852
1607
2852
1816
2852
1967
2852
2240
2852
1590
2852
4235
2852
1357
2852
1353
2852
1096
2852
1341
2852
2497
2852
1582
2852
4198
2852
1080
2852
1123
2553
3277
164
149
2673
4390
2522
3160
2522
2896
2522
2918
3584
3884
4607
75
1100
1085
1100
2849
3107
1100
3726
1453
3726
3856
3726
3596
3726
1566
3726
3993
3726
2043
2154
1109
4069
2235
4069
4126
4069
2234
2823
97
2342
2868
2409
3641
4203
3155
2180
4297
1478
3070
1478
4523
1478
4528
3920
3522
3920
3925
943
942
3550
3066
846
773
846
865
1557
3693
2032
1608
2032
1623
695
535
695
699
3772
4208
1694
166
1995
4056
1995
1233
3973
2439
3973
2456
1670
3583
1670
1690
1670
1672
1670
1613
1018
1551
2771
4510
2771
3330
424
426
424
243
3359
3866
3842
3566
1820
3417
1820
3438
610
652
610
473
414
450
1856
4213
1856
3923
2827
3090
2827
3850
646
551
646
661
4434
2147
3103
2466
3787
2710
22
88
2018
2010
2018
1190
2789
2793
2789
4519
2789
3561
2677
2976
2677
4347
2677
1706
2677
4381
2557
3822
2557
2767
2557
4505
3526
3537
3526
3534
3526
3318
249
294
3680
3689
1032
1024
2968
3528
995
994
1409
2684
1409
3435
3187
3218
2478
3047
1180
2552
1180
4265
769
768
3346
3352
3346
3352
1943
2672
4614
153
170
254
240
254
300
4125
4272
4125
4393
4125
2956
2911
3220
1382
4262
4004
2934
4004
3627
1861
1862
4243
3286
4243
2745
4243
3270
2980
1535
987
985
3271
2727
4174
1154
4174
2937
4174
2504
3958
2847
2430
4326
2430
3464
2430
3937
3506
3010
3195
2674
1168
2141
1168
1167
3091
85
4466
2772
4466
2772
1430
2082
3437
4165
3069
3072
3069
4567
387
200
2168
1171
2168
1170
4484
2767
4484
3325
3737
3989
3289
2766
4041
2882
3143
1191
1987
1232
1987
2240
4343
3509
2382
2393
2382
2216
76
170
3630
4323
1638
3855
3324
2474
410
411
410
333
4448
3698
3649
3807
3544
2407
3544
2421
3218
4210
336
318
336
281
2140
940
2140
3779
983
84
602
662
602
477
1575
1118
497
584
497
496
4550
3364
4550
3079
709
710
241
285
548
588
548
541
1804
4287
2502
3551
782
767
782
935
741
856
3692
2810
3692
3577
3692
3328
1502
1835
1502
1950
1502
4221
2954
2955
2655
4345
710
711
710
40
1140
1120
3147
4135
3147
4135
1983
3625
1983
1842
1983
1843
3386
4039
2575
3750
3433
3447
2699
2748
2699
3338
2699
3806
2699
3819
2699
4462
450
39
450
311
459
21
3166
3458
1508
4269
1508
3760
1508
3169
3718
981
3718
3585
375
191
375
402
951
2817
89
83
4161
1230
2216
1501
2216
2170
4352
3019
2636
2931
3245
1567
298
47
2801
968
2801
1389
2801
1674
2801
2807
1700
4490
3784
3253
3073
1457
3073
4546
4437
3551
154
3991
2465
3991
2599
3991
1112
3991
2613
49
100
2707
3792
3766
3770
3766
2942
3293
3307
3139
1175
934
905
934
935
1951
2390
1216
2242
4009
1249
4009
2862
4252
3481
3878
3956
3878
3404
3878
2608
3878
2606
3878
2605
3878
2216
3878
1216
3878
1192
3878
3126
3878
1534
3878
3130
3878
1208
3878
3129
3878
2595
3878
3407
3878
3403
3878
1312
3878
1197
3878
1942
3878
2607
3878
2603
3878
1182
3878
1298
3878
1174
3878
1423
3878
1177
3878
1169
3878
3127
3878
1237
3878
2604
3878
1200
3878
2597
4523
4535
4132
3798
4132
2485
4132
3795
2508
4245
3748
3628
471
581
1541
3876
1541
3556
2070
2072
4411
3316
4113
1218
1914
1547
1914
1283
4389
1084
37
92
2290
3826
1321
2389
979
3409
979
970
2162
3021
2162
3024
2162
1604
2864
1953
936
926
936
937
2425
3811
30
111
310
41
3960
1307
3960
2466
3960
4006
3960
2459
3960
4059
2785
2797
2274
1248
2274
3610
3212
3237
2388
1292
1632
2628
2094
1251
2094
1590
1388
1345
4190
2652
4190
2652
476
659
1094
1089
804
850
804
867
804
740
1425
2892
1274
4070
1274
2328
4289
2536
3297
3820
2321
1330
315
401
315
344
1290
2363
1979
1980
443
448
443
301
443
447
1162
3310
1162
942
754
753
2541
2544
2541
4008
2541
3988
2541
3408
2703
3023
2703
3525
2703
2394
2703
3670
2703
4357
2703
4458
3429
2681
3077
992
3077
995
3077
3085
1070
1610
4311
1575
2870
2914
1931
1573
1931
2226
2192
1291
4250
4295
2260
1850
2260
1199
1721
3910
144
125
2620
4169
59
108
3114
1377
4116
1214
4229
4268
432
249
432
438
3481
4348
3481
3871
3481
3870
3985
4007
3985
3600
3914
3835
4149
2913
4149
2913
2064
2943
2064
4081
1576
1612
764
886
360
216
2894
3451
683
484
683
689
3310
945
3310
3698
4130
2638
4130
2888
4130
2639
1317
4162
1317
2365
1317
4134
1317
2676
1317
2715
1317
3200
3428
3637
1788
1106
1788
1096
3625
3938
2317
1241
673
708
4561
4564
3385
4128
3385
1597
1064
1057
2576
1281
4505
2467
2656
2195
2656
2313
2656
2194
2656
3776
1627
4333
1627
1518
1627
2485
1627
3250
1627
2510
3674
1075
4329
4370
184
1877
1516
1877
3635
4350
2514
4350
3524
4350
4431
1192
2867
1192
1375
1192
1376
1260
1411
1260
2083
3267
2740
1313
1312
1313
1298
3505
2752
202
201
3196
4261
4192
1103
4192
3405
539
18
474
589
474
615
3449
2968
1248
3223
1248
2667
1248
1841
563
497
563
500
661
537
836
66
4497
3834
313
302
313
378
3931
2470
3931
2471
3401
3750
3263
2999
3763
4345
1873
2216
1873
1169
2248
3415
2248
2574
3572
3360
3572
3361
1623
1682
1652
1241
2313
2444
2313
2443
2313
2159
2313
2366
2313
2160
2313
4391
827
934
827
765
3962
2541
2242
1979
2242
2693
2242
4290
2242
1844
2242
1569
2242
3638
3578
2832
93
90
362
209
2426
3811
3457
3218
339
265
339
271
1450
4397
1450
1636
1450
1721
1450
4412
1450
4424
2786
3841
2786
1565
1658
1627
1404
4310
1404
4373
1404
4299
3632
3764
3632
3191
500
475
500
496
500
645
4573
1699
4573
4583
2404
1691
2404
2570
2404
1001
4218
3192
111
4556
2570
4556
3720
2450
1311
1426
3460
3899
3738
3899
1740
3899
1112
3899
4011
3899
1489
3661
3313
3661
3789
3661
1756
3661
1755
3661
1757
3661
3926
3805
3811
1242
1391
1242
2432
2635
2657
3246
2710
2934
3219
2934
3486
1309
1616
1309
1662
2724
1606
4268
1464
4268
4316
3422
3181
1782
2906
1782
1081
2111
4103
2111
2569
2484
1481
2484
2619
2484
1476
2484
1410
2484
1397
2484
1581
2484
1407
2484
3144
2484
1848
2484
1769
2484
1307
2484
1944
2484
1369
2484
2466
2484
1202
2484
1411
2484
1515
2484
2327
2484
1178
2484
1171
2484
3423
2484
4179
2484
1850
2484
1452
2484
3420
2484
2083
2484
1199
2484
4059
2484
1372
2484
1225
2484
1490
2484
1956
2484
2610
2484
1272
2484
1170
4598
4612
3690
3532
2215
4141
2215
2167
3453
3245
3453
4289
3061
2822
1198
4189
1198
1395
735
734
3165
2931
125
3797
3801
1891
1409
1891
1365
4246
2987
4246
3004
1869
2165
1869
4068
4346
2977
3259
2986
4463
3553
1619
2452
2198
4188
4368
2774
4368
4404
1111
1110
1111
3462
1111
2915
1215
1348
1215
4163
4588
982
4588
3848
1484
1130
777
776
777
774
4057
4082
4057
2430
4057
1625
2309
2750
3874
1968
3874
1646
3874
4241
3874
1969
1176
1664
1176
1863
162
139
2008
2440
2008
2241
1355
3437
1355
3611
1355
2357
3788
3797
3788
3299
3788
2733
719
718
3113
1637
3744
4226
4302
3301
2592
1249
3825
4457
3825
4440
2451
1930
2451
2227
2451
1929
2063
2890
2893
2661
4076
4218
4076
3440
4076
3439
3719
3087
3048
3059
837
851
837
879
1399
1051
3714
2816
2399
3881
2399
2201
2399
2398
4402
2765
1592
4376
2845
4003
2845
1585
193
192
1686
3880
53
112
380
297
1451
4487
1451
4477
1451
3503
1451
2725
1451
2463
1451
4495
78
1063
1057
2355
2408
1008
4594
624
459
826
885
826
790
868
853
868
743
2176
1731
2176
2883
554
528
554
681
2758
2793
2758
4519
2758
3561
1314
2073
1314
2314
603
531
275
274
275
203
275
199
2929
3943
2897
2917
2479
2794
2067
4061
2067
2386
585
545
2719
3934
242
241
3596
4074
3596
2385
3596
4061
3596
2386
3596
3858
3596
4014
3596
1529
3596
4180
3596
1355
3596
4189
3596
1395
3596
3859
3596
2500
3596
2614
3596
1240
3596
2424
3596
4256
3596
4133
3596
2384
1110
2966
1110
1576
1110
2736
1110
3493
3117
1159
224
55
3264
4400
3264
2730
3264
3524
905
67
1874
2877
1874
1805
1735
1731
1735
1062
2682
1964
3338
4500
2110
1530
2110
4112
2110
2003
1624
1111
4022
4202
4022
4044
1925
1522
1925
1504
1479
3641
1479
4191
841
849
841
900
3060
2790
1067
1054
3172
3767
3172
4111
3172
4317
2314
2666
1890
1418
1890
4254
2688
2700
3332
3336
4488
1620
4488
1703
4488
4530
3699
1367
3699
1012
3699
1491
405
330
405
233
3109
1015
3861
141
1046
1707
1046
2662
932
886
932
933
3178
2953
2487
3084
2487
2488
2059
2451
2059
1400
4419
4435
413
224
2727
2572
2727
4441
1756
4438
1261
1976
1261
4160
4444
3706
4444
4463
1403
1131
2937
3242
2889
4227
4081
2361
4383
3508
4383
2752
4383
3675
2261
1410
2261
1850
99
2403
2421
3006
3292
1930
2364
4008
3605
4283
3206
2871
2632
2871
3166
2871
3627
1487
1148
3480
1342
3480
4355
3480
2708
3480
3298
3480
3791
3480
4399
423
429
423
425
1059
1052
2621
1470
2621
2142
2621
1471
3832
4550
3832
4557
1720
4472
1720
3033
725
903
3954
4038
4178
3874
2046
4060
2046
4114
776
863
3311
3907
3311
3038
3311
4497
694
486
694
695
1598
1360
2933
4289
2933
4312
2933
1347
2336
2069
2336
1405
3565
4559
3565
1670
3400
2233
1407
1439
1407
4170
1407
2011
2723
2394
2723
2400
2723
4357
2483
2602
2483
1814
2483
1878
2483
1194
2483
2482
4035
3172
2752
4521
2752
4523
2752
3063
3454
3223
3454
2667
3454
1841
1002
1679
2615
1610
4594
4604
20
74
2002
4258
4584
1008
4584
2830
4584
2831
1615
2672
598
547
598
613
191
383
917
856
917
738
3042
4471
3042
3334
3042
2588
1483
1370
552
665
237
236
795
850
795
741
795
738
1336
2450
1336
1479
2598
2165
2598
4090
2598
2578
2598
1179
2598
1608
2598
4103
2598
1282
2598
4228
2598
1430
2598
4229
2598
1623
2598
2205
2598
4060
2598
2238
2598
1184
2598
4114
2598
1845
2598
2420
2598
4070
2598
1837
2598
1416
2598
1853
2598
4043
2598
4068
2598
2569
2598
2328
2598
1517
2598
4139
2598
4088
3890
4487
3890
4477
3890
4495
286
37
2407
2789
912
896
912
895
1807
1749
1807
3778
1807
2994
3830
3050
3755
2910
4327
4348
4327
3871
4327
3870
3595
2071
1568
4253
3849
1685
4214
1624
4214
4277
1950
4209
140
123
913
754
913
858
3352
1356
3352
3847
3618
3431
4095
1645
3144
3178
3144
2447
3144
3758
1842
1843
1842
1843
391
289
391
399
2568
1148
950
2806
3323
3563
3323
3329
2957
4442
1926
2576
1926
4158
289
183
3543
963
1701
1702
2800
4555
2800
2538
1736
1063
1736
1059
4227
2723
4227
1473
4227
2316
4107
1161
700
490
700
705
984
983
1909
1487
1909
1887
3892
3682
3892
2717
3892
4427
3892
3929
3892
3686
3892
2729
2269
1192
2269
1182
2320
4103
2320
2205
2320
4060
2320
4128
2320
4068
2320
4088
1356
1396
1356
1684
1291
3216
1291
2949
1291
3232
1291
3640
1291
1542
1291
2306
4386
3005
4386
4413
4386
2744
429
434
429
246
2859
2070
2859
1886
1175
3786
1175
3769
1175
3777
1175
3231
1175
3780
1175
2961
2089
1598
2089
4148
1071
1610
2540
3743
2540
2374
2540
1658
2540
1667
2540
2373
2540
1113
2540
1649
2540
1412
2540
1523
2540
4197
2540
4155
2540
2375
2540
1448
4364
4406
4364
4414
1803
1748
1803
1123
1089
2562
1089
1084
2175
1070
2175
1081
2071
2072
3547
3549
3547
4513
4264
2958
1540
1147
720
187
1269
4069
1269
1967
2356
2398
2356
2665
3327
2123
2291
2494
1320
1286
1320
4098
2953
1726
4286
3188
4286
3765
4286
3644
419
341
419
424
1685
73
1984
2100
1984
4280
1984
2493
2846
3132
2922
2677
3434
4354
2732
2743
2616
4199
2616
2629
2097
4016
2097
4147
195
185
4400
4431
1431
162
4543
1004
4543
3075
4543
1680
43
116
2277
2082
2277
1416
7
4455
2291
4455
4475
4455
2563
2867
4213
556
20
1917
1290
1917
2521
2738
3718
4565
3089
3566
987
3566
3361
3566
3357
3678
3532
3678
3693
2335
2864
2335
1405
2928
1724
3945
1589
1335
1838
1335
4129
3074
3717
355
314
355
356
4199
4290
4199
1844
4199
1569
3294
2428
3294
3913
3294
3341
886
69
152
133
2910
3209
2910
3226
1277
4270
1277
1511
2981
2125
525
15
3270
3521
3319
1620
3319
1703
3319
4530
83
1860
1664
3969
1566
1097
3645
1097
1587
3090
1699
3090
2129
3090
2512
3090
3888
3090
4581
3090
3889
1616
3935
1616
3470
4300
4339
3918
3067
3918
3340
3539
965
2431
1139
3358
3581
3358
998
3358
4558
3612
1181
350
239
350
410
4020
1983
4020
3171
1913
3621
1913
1283
1755
4438
630
542
4371
3041
4073
1568
4073
3406
2863
1863
2863
1863
1045
3502
1045
1394
1045
1053
1045
2753
2273
2449
2273
1474
1141
1817
1141
4151
511
597
511
598
511
467
1848
4194
1848
4317
67
83
2562
1075
2562
1072
1799
2154
1799
2642
2093
3858
2093
1355
1562
4363
1562
2861
1562
1371
1562
3134
1562
4145
1562
1966
1562
2864
1562
2356
1562
1391
1562
1373
1562
3412
1562
1405
1562
3135
1562
1384
1093
2992
1093
3008
1093
1436
1093
2993
115
80
656
540
4271
3235
1273
3418
1273
4075
2045
1903
2045
1290
218
329
273
302
273
328
273
205
2949
3927
2141
939
2141
2283
2704
2566
2704
1499
2704
2556
3005
3290
579
583
4451
4508
4451
2997
1149
2700
4104
1214
787
835
787
817
2255
1468
2255
1188
1101
1093
1101
1102
3906
3699
3906
3043
1205
3398
1205
2511
1496
3636
1773
3652
1773
2678
1773
2675
4367
4429
4367
4398
4058
1642
4058
1643
4058
2927
2299
1041
2299
1047
933
934
933
860
1299
2636
1299
3165
1299
2477
397
196
397
303
2101
1397
2101
1225
332
296
2496
1572
2496
1578
2496
1858
2496
1669
2496
1852
2496
4065
2496
4121
2496
4203
2496
4041
2496
1508
2496
1632
2496
2576
2496
1652
2496
2110
2496
1598
2496
4095
2496
1540
2496
4140
2496
1512
2496
1814
2496
4158
2496
4207
2496
1878
2496
4097
2496
1265
2496
4072
2496
1573
2496
4148
2496
4083
2496
1588
2496
4110
2496
2226
2496
1194
2205
1185
4267
4363
4267
1374
3941
3930
3579
1007
3798
4405
3798
3679
3798
3507
1255
1660
1255
4160
493
552
493
630
529
37
2941
4194
2149
4539
2414
3488
4339
3036
4339
4371
4339
4459
4217
3787
4217
2707
4217
3246
642
544
642
626
1689
3884
1777
2446
1777
1725
4324
3256
2128
21
4512
2139
4512
2784
3653
3659
1888
1529
1888
3859
3238
4379
4560
992
4560
4566
4560
3083
1085
2650
1085
1079
1181
3215
1181
4250
1181
4386
1181
1768
1181
2687
4375
3304
3364
3086
3364
3076
214
34
2085
2507
2181
2874
2181
1366
4275
2719
4275
2443
4275
4391
618
554
3492
3504
2794
110
3551
3347
3551
3343
3551
3341
4140
2652
4140
4190
4140
2897
575
589
2770
1367
1671
2289
1671
3289
1671
2290
910
832
910
715
910
833
4224
3787
4224
3792
1128
4272
1128
3259
1128
4393
1128
1118
1821
1512
1821
1814
1414
1139
4239
2499
516
548
516
580
1153
4496
126
3498
3286
3498
3510
1465
4346
1465
1592
1465
2964
1465
3664
3411
1016
3751
2411
3751
2412
3751
3225
347
350
347
331
1697
3809
1769
3425
1769
3630
1769
3173
4336
3873
4336
2126
4539
2491
4539
2490
1554
3006
4293
1063
4293
1059
4293
2645
4293
2630
4293
2644
4293
1025
4293
1014
4293
1040
508
651
508
649
2361
1659
2361
2689
2361
4176
2303
4286
2303
4201
1122
3449
1122
3774
1122
4356
1122
1750
4091
2430
3515
3547
3515
3701
3184
3242
3184
2962
4393
4428
1361
3212
1361
3211
1361
1546
2122
983
1303
2204
1303
4155
2690
1609
2690
3490
2690
4362
1791
2885
1791
2884
858
755
118
4236
2995
4236
3297
2554
2974
4109
4245
4109
1964
2975
3497
2674
2746
2674
2309
2674
2308
2674
3671
3583
3883
4156
4211
2153
1111
2824
3849
2824
4600
4498
3913
4498
3913
4498
3354
2465
1838
2465
4056
2465
1740
2465
2617
2465
2879
1882
1385
1882
1510
134
3232
3499
2307
4468
2307
1655
2307
2288
4013
1056
4013
1100
4013
4192
4013
1082
4013
1150
4013
1090
4013
1331
4013
1108
4013
4184
4013
4039
4013
4038
4013
4183
1236
4113
1236
2240
944
3054
3880
148
1693
24
2580
2567
2580
4202
57
151
57
77
57
85
57
8
57
161
57
182
57
73
57
58
57
110
57
96
57
142
57
9
57
150
57
160
57
24
57
97
57
164
57
76
57
89
57
144
57
59
57
93
57
162
57
140
57
43
57
152
57
63
57
87
57
75
57
21
57
79
57
98
57
141
57
86
57
145
57
61
57
155
57
165
57
148
57
42
57
64
57
60
57
137
57
10
57
176
57
105
57
84
57
44
57
159
57
153
57
143
57
94
57
157
57
106
57
175
57
163
57
72
57
107
57
146
57
135
57
179
57
138
57
103
57
166
4060
3428
4060
3451
3812
4449
3812
4449
1157
4233
1157
4306
1157
4273
3150
1556
3150
3156
3126
2016
3126
1186
3126
2647
714
180
2157
4383
209
38
3104
1562
3104
3877
1580
3048
1580
2516
1580
2515
3642
3775
3642
3650
3642
3651
3587
1149
3587
2434
3587
2543
3587
3141
3587
3741
570
597
570
653
3300
3316
1307
3221
1307
3465
1307
4120
1944
2907
1944
2475
1944
2905
2236
3952
1645
4219
1645
1469
1645
1971
1645
4335
2886
1073
3865
1164
1086
1079
2534
3995
2534
3984
1663
2734
1663
1647
4602
3375
3223
4251
3759
3940
3759
3940
172
2648
4233
2648
4306
2648
4215
4016
3632
4016
3473
822
46
4085
1317
2133
2134
813
923
813
918
813
728
39
167
3252
4319
2447
2446
2713
4443
2713
3852
63
113
3440
3454
4551
3360
4551
987
4551
3714
1447
958
472
555
472
538
514
621
514
464
514
587
1133
2177
1133
2609
1133
2851
1904
1537
1904
2372
206
205
3202
4298
311
0
2086
1965
2086
1976
1534
4218
1534
3440
1534
3439
567
581
567
578
2443
3934
3640
3234
1978
4329
1978
3495
1978
1555
2717
4452
1024
1023
1024
1013
4438
3815
4438
3519
1206
3763
1206
3653
1206
3206
1206
3244
1495
1496
3877
2582
668
26
3468
3484
87
81
2137
2435
14
82
4296
3022
4296
3521
2518
2519
418
434
1369
4205
2391
2394
2391
3949
2391
3670
2391
1833
2391
1834
3227
4454
2256
1468
2256
4133
1220
4252
1220
1646
1220
3461
651
652
651
532
1667
3432
1667
1631
1667
3753
3747
4109
1
36
1
68
1
55
1
65
1
48
1
69
1
33
1
49
1
53
1
67
1
115
1
39
1
47
1
56
1
46
1
38
1
180
1
66
1
185
1
177
1
51
1
50
1
169
1
54
1
70
1
62
1
183
1
52
1
19
1
34
1
187
1
41
4031
2165
4031
4090
4031
2578
4031
1429
4031
1179
4031
1224
4031
4228
4031
1184
4031
2420
4031
1837
4031
1416
4031
4043
4031
2569
4031
1617
4031
4139
4333
3798
1761
1678
2660
3774
2660
1750
75
171
4233
2691
4396
3917
4396
1028
428
434
428
282
1518
3277
3717
2820
2369
4226
2369
3161
3882
2505
3882
1386
3882
4597
3882
3885
3882
1393
3882
1018
3882
1388
3882
4598
3882
1686
3882
1685
3882
4602
3882
1447
3882
1370
3882
3883
3882
4601
3882
3886
3882
1362
3882
4599
3882
3884
3882
964
3882
3887
3882
4596
3882
4600
2220
3755
2220
1420
1391
4166
1256
4028
1256
4136
2495
2496
2495
3136
2206
2654
3
45
3
182
3
31
3
24
3
22
3
37
3
30
3
20
3
43
3
14
3
32
3
21
3
35
3
0
3
28
3
16
3
11
3
25
3
29
3
42
3
13
3
176
3
17
3
44
3
40
3
27
3
23
3
12
3
15
3
179
3
26
3
18
3
166
3810
3050
3130
1210
1137
1740
1137
1136
2811
990
2811
3721
1443
2505
1443
2836
1443
1483
1443
1485
3082
3088
978
980
978
972
1710
1711
699
534
699
703
47
108
4153
3235
4153
3214
4062
4105
4062
2668
4062
3222
2024
2619
2024
1848
4532
2786
4532
2121
1512
1121
1659
1513
4459
2758
1377
3182
1377
2629
1377
3624
3370
4592
3219
2704
772
771
3088
3584
3088
3090
3088
1690
3088
4574
972
4571
972
3771
972
2969
972
969
2129
1368
2129
2834
3394
3856
3394
4189
181
3656
4343
3656
3668
3656
4340
2709
4301
2709
1761
2709
4358
721
720
3821
3827
3821
2768
3821
4533
1235
1221
2764
3872
3462
4482
3462
4435
2885
2967
2885
3210
2885
2935
1646
1599
1646
4422
2235
4154
1972
1651
1972
4136
4566
1705
1129
1648
1129
4198
601
472
2377
3891
1814
1575
1814
3893
1814
2155
2512
976
2512
1462
2512
1460
3021
1717
240
286
3125
1951
3125
1941
3125
3633
589
669
2439
2457
2439
2856
4142
2643
3531
1368
3738
2870
3738
4057
1373
1642
1373
1643
1373
2927
228
380
4447
3698
1466
3812
1466
1710
1466
3813
1466
2741
1466
2749
32
109
3903
3886
3208
2417
791
758
791
881
791
921
2466
2928
2466
2625
2466
3170
2642
1115
4611
175
2976
2981
2976
2988
2373
1614
2901
1640
629
553
3516
3718
3516
2818
4510
984
4510
3837
4510
3567
3258
3674
1439
4123
3957
4085
3957
3424
3925
3694
2130
4474
4204
1953
1468
1156
3206
1657
3495
3006
4238
3665
3024
3540
2710
2309
2710
2308
2710
3000
689
692
2082
4109
1811
1813
1811
1366
3974
1017
3974
1026
3974
3124
3974
2329
4158
1277
1660
1627
2761
3332
2761
4492
727
726
1227
1216
1227
1423
3220
4322
3220
2961
3369
2833
438
439
4496
1433
4496
1463
3391
1472
3391
1445
3256
1760
3256
3928
3256
3007
2227
2228
3518
2764
3518
2486
3518
3817
4433
4489
4433
4466
407
215
407
329
2667
2553
736
735
4338
1619
4338
3261
4338
3939
853
752
853
799
2978
3667
1717
3317
1717
2797
1717
2418
679
568
679
608
3685
4410
3685
1630
3685
3688
3443
1695
1082
1074
1130
1742
1130
1466
1130
2926
1130
3228
3137
4092
3137
4118
3137
1077
3137
1288
3137
2374
3137
1658
3137
2355
3137
1403
3137
1568
3137
1667
3137
1377
3137
1235
3137
2373
3137
1252
3137
1113
3137
1751
3137
1649
3137
4349
3137
1412
3137
1523
3137
4101
3137
2204
3137
4197
3137
3924
3137
2622
3137
4155
3137
1095
3137
2191
3137
1548
3137
4093
3137
2375
3137
1442
3137
1448
56
104
2468
3262
390
255
390
319
211
33
1223
4056
1223
4015
2202
2203
2202
2203
4582
3094
4582
2835
467
653
4117
4191
3086
3885
253
416
253
248
572
624
572
516
797
796
797
735
2440
3155
306
384
306
272
2904
3184
1252
1219
3662
2721
3662
2156
4570
2810
4570
966
2252
1578
2252
1852
3133
2584
3133
4223
3133
1866
4040
3131
4040
1122
1713
4493
127
1440
3153
1440
4181
3447
2694
3447
3469
3447
1571
753
56
2663
3488
3534
3333
21
117
3631
3191
1648
1128
1202
2945
803
920
803
866
2223
3478
2223
4324
2223
4296
2223
3479
2223
2378
4592
4605
2258
1848
2258
1515
1531
1151
4526
3562
4526
986
4410
3544
2516
2517
1642
1643
1642
1643
1208
3147
1208
4135
1208
1158
368
258
368
321
3466
4249
3466
4249
3796
3307
3796
3291
1901
2521
1901
1510
4247
3263
4247
4292
3961
2848
3961
3979
3373
3886
1976
3437
1976
2357
1976
1840
3733
1357
3733
1341
3854
2141
3854
1167
4209
2391
4347
2983
4347
3873
328
207
976
4598
4191
1593
2208
3140
2208
3613
174
2531
2367
2531
1748
2531
1502
2531
1321
2531
1487
2531
4142
2531
1648
2531
1232
2531
1637
2531
1106
2531
2600
2531
1251
2531
1607
2531
1816
2531
1967
2531
2240
2531
1357
2531
1353
2531
1341
2531
1582
2531
1123
1258
2317
1258
4147
3439
3454
3908
2812
4310
4344
1516
4353
1516
4314
489
488
835
904
835
932
3932
4183
4056
3433
4056
3629
4056
2898
1219
1968
1219
3665
1219
3238
1219
4241
1219
1969
3377
1318
1370
3099
2125
42
340
346
340
380
2021
2872
2021
2001
3512
3319
4259
1117
2814
988
2646
2933
3235
2157
3235
2156
3235
3257
1885
4146
1885
1815
2462
2457
1764
4455
501
646
501
645
1394
1401
1394
2735
1394
2762
2972
2724
4160
1219
1088
4184
2394
3018
3129
2612
3129
2332
3129
2571
2088
2085
2088
3952
3990
3600
3990
2545
1709
4451
1462
1447
1125
3449
1125
2959
1125
1132
1125
1750
1021
3516
1021
1460
1021
1350
4359
1068
2659
1707
2219
1467
2219
4151
2370
3694
357
240
357
376
2671
4329
2671
1554
2671
1555
475
584
1770
1771
79
74
2821
2828
1364
1663
3181
3187
3181
2911
3181
3457
3930
4210
3085
1705
314
242
314
421
1238
3956
1238
1237
2551
3553
4185
4237
1794
1408
1794
1654
3949
4337
4312
3245
2492
2948
1551
10
381
296
2238
2887
2888
4259
1492
4174
1492
4249
4412
4439
4475
2494
2364
2365
2364
4134
2364
2676
3704
2435
3704
2489
4439
4465
4439
4461
3414
4196
3128
2900
4424
4450
2777
3552
2689
3248
3658
1636
658
631
3992
4003
3992
2387
3992
1427
2579
3772
3149
3784
3149
3237
1941
4260
593
571
593
518
4251
3677
4251
3254
4251
3785
4131
2596
4131
1614
268
325
268
217
268
304
3205
3657
232
56
3793
3684
3496
3279
3101
3141
4467
4498
2773
4502
3736
3615
3736
2229
3299
3032
3299
4436
3299
3816
4520
3533
4520
3692
941
2983
35
104
4351
1092
4162
3498
4053
4099
4053
4084
3255
3671
1579
2623
1579
4179
470
657
742
737
742
856
3691
2765
781
769
781
936
3709
3572
3709
2814
3709
2816
3709
986
1886
2919
98
92
3236
4301
3236
3518
3236
3520
3236
3266
3236
4420
2645
972
141
124
2944
1753
2300
1059
2300
1048
763
880
2126
43
3157
2925
309
299
309
417
1150
1146
46
102
4553
3077
4553
3721
4553
991
2587
3261
2104
1235
2104
1548
4576
4597
4576
2132
3775
3782
938
927
938
887
86
78
3580
1003
1104
4363
1104
2881
1587
4389
1587
2142
1587
1471
3869
3625
3869
1842
2150
2659
4018
3180
1126
1122
3724
3092
3845
3356
1300
3787
1300
2707
1300
3246
1300
2674
3307
2768
3307
4504
3739
970
2693
2697
2583
1174
2583
2604
857
757
1674
4614
1975
2317
1975
4042
2232
1837
2232
4139
1411
1219
2882
3158
3465
2965
4398
4444
4398
946
1824
1628
1824
2383
4042
3628
3153
2943
3153
2361
3153
2683
1498
4122
3122
2433
852
750
4493
3831
4493
3039
4493
3702
2184
1667
2184
1751
2515
2517
3554
3342
2791
4543
2791
1459
1690
3883
890
897
890
754
890
849
4436
2788
2769
4512
2769
3046
255
404
255
345
255
233
2697
3271
2697
3496
2697
3279
3767
2941
3303
4445
3361
2520
608
479
608
681
1515
1196
1184
4210
1232
1230
3660
4257
2411
2696
4298
4411
4298
1619
4298
2587
2498
2449
2498
4263
2498
1965
2498
1348
2498
4161
2498
1094
2498
2450
2498
1484
2498
2451
2498
1479
2498
2568
2498
4107
2498
1660
2498
1976
2498
4160
2498
4351
2498
1400
2498
3142
2498
4146
2498
1159
2498
3148
2498
1351
2498
2558
2498
1477
2498
2108
2498
1815
2498
4163
2498
1650
2498
2865
2498
1349
2498
3152
2498
1831
2498
1474
2498
1482
247
295
1583
2660
975
4612
4006
2455
4006
4059
1922
2861
1922
2589
1846
1206
2984
4352
2984
2162
2685
1381
1732
1399
1732
1062
680
595
680
491
2434
3140
2434
3139
2434
1248
2434
3612
2434
4204
2434
1547
2434
1190
2434
2574
2434
3613
2434
4200
3695
3326
4176
3248
2547
3996
2547
2548
3071
58
3175
4318
3175
2163
1953
2690
1953
3205
1953
1378
3356
3361
3291
3304
2327
2549
2327
4144
2327
4167
1859
4200
439
293
439
415
4486
4508
1327
1316
1327
1421
3320
3326
3320
2524
953
950
953
2805
3269
2728
2803
59
1547
2900
4464
2769
3540
2777
3540
4529
3540
4522
3089
1689
3089
3583
3089
4576
3089
3850
3771
3783
3771
977
690
691
690
696
1434
165
906
758
906
919
2909
2936
112
38
189
3841
1363
3841
2835
3841
960
2926
2679
1957
2608
1957
1298
2323
2656
3568
3363
3568
1387
1595
2713
2842
2630
2842
1040
2736
1576
2736
1576
1800
2877
1800
1444
2701
2717
2701
4427
2701
2566
2701
1499
2701
1762
2701
2556
2543
3605
2543
2434
2543
3607
550
667
652
585
652
604
2144
2145
2618
2206
2618
2029
2618
1854
2352
2501
2352
4133
1144
1667
1144
2373
844
932
844
880
3707
2835
1618
3205
1618
3201
1618
1378
1618
2952
4122
1525
4122
2704
4122
3486
1352
3429
1352
2243
1352
3762
4427
4452
2807
2285
2807
2827
1543
3935
2950
1151
1323
1547
1323
2354
957
956
3800
1763
3800
2740
2595
2869
2595
2555
395
303
395
280
395
197
4549
2801
534
12
479
528
1612
3323
1612
1688
1612
4554
1612
4527
2005
1452
2005
1490
1358
3661
1704
4541
1704
2405
123
4181
1306
1949
2390
1949
3633
3141
1173
3045
4515
3045
2149
3045
1455
318
237
318
358
611
684
949
3071
3764
3468
3273
4417
3273
4417
1863
3786
1863
3769
1863
2961
4471
2416
863
39
369
268
369
342
3786
4248
3786
4330
3786
4308
3093
2505
746
55
2799
4559
2799
1670
3562
2814
3562
3356
785
932
785
763
2848
3991
4525
3339
250
293
2612
2333
2358
3667
1005
1691
1005
3580
1005
1680
2755
1401
2755
1524
4078
1548
4078
2375
2913
3472
2913
3280
2913
2747
95
4255
3656
2860
1522
2860
4045
2860
4130
2860
2618
2860
1982
2860
2028
2860
4254
2860
1500
2860
1211
616
623
616
597
616
576
2319
3140
2319
3139
2270
2369
2270
1897
1981
1493
3431
2932
2539
3751
2090
4180
2090
1240
2074
1949
2074
4096
3913
3073
3980
4002
264
290
264
220
1566
4074
1566
2385
1566
1453
1566
2386
1566
3858
1566
1286
1566
3856
1566
4180
1566
1355
1566
1468
1566
3869
1566
3857
1566
2503
1566
1395
1566
1514
1566
2511
1566
3859
1566
1188
1566
1240
1566
4029
1566
2424
1566
2501
1566
4256
1566
4098
1910
2522
1910
1361
4135
1152
2294
4496
2294
4496
3620
3448
2917
1450
1738
1086
1738
1078
849
881
849
857
1294
2312
1294
1582
456
166
1928
2635
1928
2193
1928
2419
3335
4542
3335
3062
1074
1061
1074
1068
2566
1671
1539
4216
3673
3278
4500
2135
4500
3710
4500
3911
295
14
3097
4596
3616
3766
1090
1085
1867
1481
1867
1178
4355
3029
3727
2221
1319
4118
1319
1442
981
1370
3277
2774
3277
1417
3277
2502
3277
4437
3277
3314
1270
2608
1270
3129
180
181
2060
1928
2060
2892
4114
2408
2890
2653
2172
1071
2172
1078
3314
4432
2735
1346
3965
2848
3965
3979
2874
1131
2264
3612
2264
3613
732
731
2925
4239
2925
1498
2925
2237
2624
1281
1596
4388
3110
2645
3110
1014
2338
2385
2338
2424
1117
2143
1117
2979
1117
3790
1117
2442
1682
3215
1682
1767
1682
4250
1682
1765
1682
1766
1682
2687
3916
2441
3916
1168
3916
1591
536
14
2117
3431
2117
3420
1338
2064
1338
2197
2596
3151
2596
2180
2596
4232
4534
3908
4534
3843
342
360
342
304
4195
4242
324
291
324
305
1264
1635
1264
2612
1264
2332
66
82
1929
2364
1897
2664
1897
4271
1897
3214
4541
2487
4541
3579
4541
1009
4541
1011
503
502
503
657
1172
1163
1172
3777
1172
3231
1172
3780
1719
1720
485
536
1060
1052
3067
1699
3479
4307
3676
3684
1113
1111
862
41
3355
4572
641
661
641
619
641
496
4207
3151
4207
2895
1758
2699
3622
4153
454
453
3176
4323
3176
4119
3399
4089
3399
4064
1048
2659
1048
2634
1048
3177
363
195
867
853
867
855
3977
4145
3977
1399
3977
1046
3977
3877
3977
2582
2686
3252
2686
2406
2686
3489
293
12
4502
4518
4502
2783
4502
3548
1845
1206
3783
3585
3063
3070
3451
3478
3451
3256
3451
3479
6
3592
2870
3592
1651
718
717
2048
1506
2048
2354
1893
1886
1893
1816
2113
3401
2113
2009
3982
3984
3008
3015
918
825
918
811
337
400
337
279
2042
2605
2042
1177
452
626
119
1400
3197
1400
2657
3407
3606
3407
957
3921
1557
3921
3690
3921
3523
1565
2807
1565
1488
3598
2481
291
259
831
771
831
938
498
630
498
647
498
664
3002
1599
1454
4530
1454
1545
547
474
547
585
4575
2129
4575
3905
4099
2641
4099
4212
2454
4445
1752
1753
4604
163
3615
1639
2400
2401
2400
1641
2565
4588
2565
2517
3336
4516
3336
4517
1933
2069
1933
3135
3483
4319
3681
3522
1042
1031
1723
1163
3046
3061
3046
3838
3046
3349
0
129
0
171
0
128
0
170
0
154
0
125
0
7
0
126
0
134
0
172
0
127
0
174
0
123
0
6
0
119
0
122
0
136
0
124
0
168
0
71
0
173
0
158
0
130
0
133
0
149
0
131
0
121
0
147
0
139
0
156
0
120
0
132
1109
1110
1109
1102
4288
1592
4288
1577
4288
2977
4003
2611
1332
4181
1332
4099
684
526
684
686
4120
4222
2311
4286
2311
1587
1871
3862
1871
1776
2930
3217
2006
2440
2006
2009
3403
3414
3403
1621
3261
3300
3802
3014
4244
2723
2720
2461
2720
3503
4173
3856
4173
2511
1621
4265
433
416
433
247
4219
1968
4219
4294
4219
1535
2480
2483
2480
4001
1178
1173
2756
2799
2756
4518
1727
4247
1727
2702
4319
3808
4319
3803
4319
3807
3059
2823
3487
943
3487
3310
2178
1371
2178
2874
1480
1187
4483
3540
1937
4129
1937
4048
1889
2431
1889
1361
1006
1431
4344
4400
4344
2514
4344
2730
666
31
3857
2381
4388
4426
4388
1364
4388
1719
4388
1600
4388
3687
4388
1601
2332
2333
885
858
885
753
885
857
674
673
674
546
674
707
1688
3918
1688
1344
1311
2196
1311
1656
1311
3945
1311
3482
1311
3241
4612
72
3635
4102
2109
1530
2109
4112
2109
2003
1145
1614
1041
1031
185
186
2570
2829
2570
1010
2570
4595
4361
2425
4361
2426
4361
3919
4063
3433
4063
3629
4063
2898
4152
1300
2239
2887
2193
3197
4457
4492
4010
4104
4010
4063
1266
4115
1266
2326
3883
4615
2650
2131
2650
2992
2650
3258
2650
2130
2650
3008
2650
2993
1751
1122
4232
2895
2594
182
1657
1505
1657
2291
1657
2717
1657
4475
1657
1762
2626
2377
373
194
373
363
373
280
4332
3276
1594
3321
1594
3026
1594
3833
1594
2751
1594
3546
743
742
762
817
2876
3476
2876
4390
177
178
2266
4157
2266
1382
3001
2742
3001
2742
520
516
520
460
520
577
1193
3648
1193
4316
1239
2432
3458
3475
3458
4132
3458
4186
3316
2572
3316
4470
3316
3915
145
132
2145
3493
2041
2605
2041
1174
1570
1131
4261
2995
4261
3283
4261
2726
3577
3888
3577
4580
3947
2847
631
42
3419
1130
4531
3345
566
508
566
596
1779
2595
1779
2597
509
502
509
610
509
470
4290
4338
2331
4152
2331
4100
1312
2902
1312
2637
3668
1839
4544
3366
4544
3087
1435
160
4211
2703
4211
2391
205
204
2197
1497
348
272
3646
1602
4189
1193
3573
3578
1622
4426
1622
1719
581
591
2985
1019
2985
959
2684
2978
1872
1169
1872
2597
3816
3695
2435
2436
2435
4547
3959
4009
3959
3982
1197
3175
3190
4224
3262
2998
3262
4398
220
219
4390
4419
4390
2971
4390
3249
4528
4535
1331
4108
3174
1772
2312
2189
2312
3757
2312
2158
122
1653
2732
1653
4300
1878
3150
1878
1808
3650
4291
1295
3148
1295
1831
3268
2415
4374
1550
4374
3303
4374
2454
1628
2891
3629
4106
2243
2244
3334
2416
1075
3309
1075
3906
1075
3315
1075
4548
2189
1758
1171
1164
649
555
649
655
3757
1758
3757
1758
4325
4334
3427
3475
3427
1360
3427
4132
3427
4186
2456
4031
2456
2458
2456
1597
1420
3450
1420
2909
1420
3189
1787
1105
1787
1408
420
254
420
357
2318
1481
2318
1769
4225
2691
4225
4273
3902
3956
3902
3404
3902
2608
3902
2393
3902
2606
3902
2605
3902
2216
3902
1216
3902
3878
3902
1192
3902
3126
3902
1534
3902
3130
3902
1208
3902
3129
3902
2595
3902
3403
3902
2594
3902
1312
3902
1197
3902
1942
3902
2607
3902
2603
3902
1182
3902
1298
3902
1174
3902
1423
3902
1177
3902
1169
3902
3127
3902
1237
3902
2604
3902
1200
3902
3879
3902
2597
2420
1231
613
474
613
604
1456
1457
1456
4546
2780
63
1318
1317
430
253
430
433
1681
4606
3938
1465
4274
4327
4097
3183
4097
3759
4097
2904
2075
1502
2075
3595
1189
1185
1189
1155
1243
2420
1243
1517
2171
1170
701
703
701
488
2295
2297
4143
3430
4143
4224
4143
3623
1783
2367
1783
1080
3423
2899
3423
1770
3423
1722
840
877
840
913
51
92
4601
4611
2247
4103
2247
1845
136
1004
3580
3452
3655
2754
1345
4105
4243
4105
4134
3591
4036
3591
3950
4516
3845
4516
2532
392
397
392
395
3569
4557
4552
998
4552
996
4552
2404
528
29
3240
3666
1247
1534
1247
1237
124
2004
3130
2004
1208
1705
1533
1705
1521
1649
4165
1649
1840
3044
1020
3044
3328
91
708
710
1383
4288
227
298
28
95
1436
1612
1436
1083
3900
143
4318
4387
4318
1526
4318
1527
4318
4341
2611
1390
2611
1064
2611
2621
2611
1414
2611
3419
2611
2197
2611
2383
2611
1017
2611
1105
2611
3418
2611
1078
2611
1316
2611
1486
2611
1047
2611
1305
2611
1308
2611
1034
2611
1654
2507
2508
2507
2682
2507
1963
4593
3901
588
540
3561
4536
2708
4372
3142
1222
16
102
3354
3909
3354
4553
3652
2960
4513
3842
4513
2122
2436
2437
2436
993
2436
2438
4418
4448
4418
944
4418
3009
1611
2403
1611
2407
1611
2287
3500
1462
4583
1491
4583
3096
1507
2196
1507
1656
1507
3945
1507
3255
1507
3482
1507
3463
2986
1466
2383
1127
1844
1569
1844
1569
3078
4605
982
2823
2159
2161
3741
4008
3298
3029
1265
2914
4037
3187
4037
2911
2503
4018
1629
2777
1629
2423
1629
4522
3998
3597
3998
2372
3871
4368
1387
3371
1387
3367
1387
3084
1387
2830
3380
1035
1146
3942
1146
2944
1146
1752
1146
4392
1146
2946
1146
2722
784
764
784
933
4578
4586
3209
3660
3209
1564
61
111
2387
1390
2387
2621
2387
2624
2387
3419
2387
2197
2387
2383
2387
1105
2387
3418
2387
1316
2387
2329
2387
1486
2387
4075
4168
3470
2146
3476
2146
2673
2146
3240
931
759
931
930
1503
1404
3315
3541
3315
963
2734
3904
2734
4503
2734
1634
2875
1127
3432
4361
4146
3660
4146
1564
4146
3226
3689
2286
3689
3542
3689
4473
2265
1852
2265
4140
3711
967
2924
1694
2924
2283
2625
1727
1159
1156
1982
1842
1982
3938
1982
1843
1379
2656
4349
1092
1210
2655
1210
3763
1210
4283
1210
1152
3217
1724
1637
2628
663
586
663
548
663
458
3827
4533
3827
4533
4330
4367
3643
3649
3643
3803
446
414
446
310
1988
1232
1988
1590
851
825
3438
4102
155
134
2167
3174
2167
4230
839
794
839
883
3813
3026
3813
1712
3292
4415
4129
1507
3160
2912
1167
2283
1167
3243
234
52
4150
2887
3072
2836
3072
4573
3072
2815
3072
1098
988
3091
717
185
1731
4354
1731
1438
2630
1024
1706
3873
1706
941
4230
2677
2379
4296
1921
2861
1921
1379
4249
4305
595
611
595
481
2210
1623
2210
1184
4012
4060
4012
4062
4441
4470
4441
3915
2455
2932
2163
1526
2163
3922
2163
4412
2163
1626
109
4084
2902
4084
2637
3148
2189
3148
3757
3148
2158
752
928
752
925
4066
2939
4066
3186
4066
2920
3614
3448
703
533
703
706
2564
2360
2564
2540
2564
2846
2564
2362
2564
4046
3864
3865
1633
1704
1633
4514
2499
2701
1076
1069
1076
2562
4392
4425
802
747
802
794
802
866
168
4048
2410
4048
2409
4048
4117
3213
4208
3886
3861
1296
4045
1296
3748
1351
1618
379
234
4292
4336
4292
2127
2351
1981
2351
4150
312
264
312
212
2296
2297
3951
1503
3951
3626
3951
2203
1564
4257
2076
2327
2076
1272
564
501
564
641
1499
3820
261
291
261
327
2702
4292
2702
2999
473
472
1455
1456
517
516
517
614
517
461
1163
1162
1163
3487
1163
4418
1163
3672
2841
1041
2841
1034
203
387
1519
1611
4034
4085
4034
2323
876
937
3416
3158
2013
2109
2013
1211
1339
1293
1339
2857
3108
1027
2963
4284
2963
4162
2366
2148
2366
1716
2366
2781
3535
4432
2473
4456
1948
1588
1948
2226
3836
3705
4589
992
4589
4592
4589
990
4589
989
1473
2984
238
381
948
2803
262
223
262
261
262
226
4579
4589
655
538
1796
1444
1796
2153
919
881
1366
1125
3893
4125
283
45
2849
1092
1013
4563
1013
2985
1013
1022
1013
2973
599
543
2339
4074
2339
2385
2905
4212
2519
4578
2519
2520
11
78
25
100
2029
2654
3188
3204
2477
4326
2477
3230
1231
4219
1231
1383
1231
1469
1231
4278
2558
1741
2412
2696
2967
2562
4445
2286
4445
3542
4445
4473
960
4616
230
229
4380
4402
4380
3691
3362
1684
2678
2585
2017
3146
2017
1190
4469
3821
371
278
371
273
4567
4575
4567
3577
591
16
2828
93
3955
1312
3955
1942
926
65
2792
2518
2792
2808
4179
2643
354
396
354
256
3494
2996
3121
4065
3025
3034
1017
980
3010
2783
3010
3548
3010
1563
71
1558
1475
1558
3351
2231
2620
1412
1101
2881
3188
2881
3765
2881
3644
4128
1166
1960
4143
1960
2325
4280
4360
1029
1021
1029
3501
1477
1115
896
834
896
811
3470
3232
3470
1542
3470
2306
2395
2686
1523
2223
1343
4384
798
796
798
732
798
924
2009
3147
2009
1157
2798
1704
4087
4169
1124
2558
1124
1477
165
147
2959
1594
4406
4448
4406
3014
1552
2498
1552
3980
1418
1139
2037
1855
2037
2029
1106
1091
2469
3422
667
25
3867
3575
1491
964
2552
4248
2552
4367
2552
1595
2552
4378
4306
4372
4306
3285
3030
2289
3030
2766
2418
2800
1037
3502
1037
1036
1037
1394
1037
4524
1469
4288
2106
1348
2106
2108
2491
2437
2491
3578
2491
994
914
922
914
854
4072
3429
4072
2243
4072
3762
2124
64
2853
2638
2853
2888
2853
2639
650
586
650
614
3182
4199
2815
2512
2815
2818
2815
1696
2343
2205
2343
1853
3234
2699
2946
2685
1884
1441
1884
2878
1009
1008
2822
98
1765
4386
1395
1682
3368
1009
733
732
2672
3483
2672
2695
2523
4446
2523
4446
3745
3198
3824
3052
2033
1572
2033
4140
942
2124
1850
1181
728
727
692
695
692
536
3839
3709
790
821
790
824
3340
4570
3340
4568
1347
3245
3875
4516
3875
3559
173
158
1186
4174
3520
3529
1527
4395
4026
3869
4026
2384
3769
4322
441
250
441
415
756
900
3556
3909
3556
4553
2527
3345
301
310
3102
1279
557
514
557
506
2347
1965
2347
1351
2186
1813
2186
1406
806
868
806
733
806
924
462
625
1942
1951
1942
4260
1942
3633
2857
3179
2857
2894
2857
3428
3715
2820
279
274
279
202
279
403
1826
1414
1826
1628
682
685
682
569
196
195
1676
4615
82
1033
1023
1033
1030
766
765
2283
2282
2283
1693
2833
79
4070
3441
4070
2198
4070
2901
1057
2957
1057
3227
1057
2692
1057
1402
3050
3338
3050
1633
2532
3091
861
115
1747
2154
1747
4195
4321
3796
4023
4062
4023
4043
3254
4350
560
503
560
509
1902
1365
1902
2559
2740
2769
2740
3028
578
532
3603
2873
1641
2546
4221
3453
199
198
3026
4499
2057
1379
2057
2225
1532
1222
542
554
542
529
1283
1276
217
360
3204
1084
276
272
130
848
859
848
748
2768
3832
3536
4476
834
923
834
726
4508
4520
4508
3305
404
330
1022
1019
1022
1021
1022
3511
3679
3513
2365
4243
1743
2143
1743
2979
1743
3790
188
2600
4069
2600
4113
2600
1624
2600
1067
2600
2859
2600
2312
2600
4277
2600
1590
2600
4235
2600
1096
2600
2497
2600
4159
2600
4198
2600
1080
4101
1231
3415
2950
3415
1458
3415
2000
4403
3042
1461
1671
1461
2556
644
630
1053
962
1053
2762
1053
1524
1053
3095
4615
157
4454
1045
2287
2789
3628
3768
3628
4144
3628
4167
2989
3036
2989
4371
2989
4459
1818
3417
1818
1418
2837
140
2906
3645
2971
4482
1287
1453
1287
1286
3280
2747
3280
2747
1830
4208
1830
1358
3988
3607
4303
2739
2053
1321
2053
1357
2461
2796
2461
3844
2461
3560
4616
155
3398
4018
1365
2185
1365
4269
2022
2617
2022
2868
3511
959
3607
1506
3607
3143
3607
1983
3607
1149
3607
1352
3607
3141
3607
3951
3607
3146
3607
3617
3944
3019
1600
3921
3084
3723
3084
2829
1795
1748
1795
1624
3919
3012
3919
2756
3919
3025
148
168
2279
3415
2279
2010
990
2833
2997
3017
285
29
2829
1521
4365
4406
4365
4414
1514
1180
1185
4387
1185
1526
1185
1527
1185
4341
1081
1073
3392
1138
2028
1201
974
968
974
3584
1028
1023
1028
1013
531
672
531
545
1675
4613
1974
1652
1974
4148
3464
3230
3599
2548
2762
3044
2762
3040
1825
2431
1825
1665
4265
1595
4265
2295
4265
2296
4265
3648
617
451
617
544
789
759
789
824
2185
2685
2185
1752
2514
2310
2081
1265
2081
2233
1812
2383
1812
4276
3555
2796
3555
3844
3555
3560
1279
1146
1279
2850
1990
1224
1990
4228
4377
1711
4377
3812
4377
2749
3808
4374
1201
2945
1201
1464
505
504
505
654
1105
1091
1739
2621
1739
1086
1908
1487
1908
1582
483
482
1049
1039
3754
4153
344
230
344
305
3833
4537
4215
4273
2251
1369
2251
1452
322
428
322
245
2396
4196
1538
4141
1538
3862
1538
4004
1538
4116
1538
2440
1538
1949
1538
2009
1538
2037
1538
2535
1538
4115
1538
2241
1538
1776
1538
3946
1538
2567
1538
4202
2993
3015
4282
4339
3896
2620
3896
3635
2538
2404
2538
997
2538
4558
378
207
1396
3368
1396
2830
1396
2488
1251
3874
4382
1079
2049
2321
2049
1616
2644
970
2945
1544
2945
1450
1766
4386
396
287
396
408
2816
988
4094
2931
4094
2476
4277
1103
2201
2705
2105
1669
2105
1632
2084
2507
2607
1201
2511
4262
4308
2739
3022
3036
3022
2758
3910
4465
3910
4461
2398
2201
2398
2201
1536
1529
1536
4256
3983
4130
3983
3957
3983
4034
3983
3599
3983
1849
3983
2548
3983
1135
2795
967
2795
2284
4134
3274
2830
4593
989
86
2280
4090
2280
2569
1971
4288
4254
2908
4254
3760
4254
3169
1906
2190
1906
1504
4617
142
3782
3793
3782
4430
3053
1475
3053
3715
3053
3068
3461
3656
1415
1605
1415
3446
1415
3445
29
90
4503
1603
4503
3574
3670
2400
2415
3037
2415
2445
895
721
895
903
2818
1483
2818
981
2818
4577
1837
1300
847
809
847
723
1989
3157
1989
3142
971
3739
3287
2760
1280
3301
1280
2699
665
28
3847
1387
3847
3362
3847
1396
4354
1054
3623
3195
1768
3005
1768
4413
1768
2744
383
190
1607
1639
1084
3674
1084
2130
1084
1083
3600
2545
842
760
842
787
1511
3669
1511
4328
1511
1755
1511
3276
925
746
2743
3689
2743
4481
3365
3849
3365
3081
3365
3582
4408
1599
3777
4365
2536
3890
2536
2720
1398
1020
1398
2810
4554
1392
4554
3563
3057
3709
299
286
299
300
2026
4035
2026
1492
1050
1039
2204
4211
317
351
317
381
281
349
281
237
281
350
4577
4585
4577
3889
50
95
2902
3195
2902
3190
1254
1476
1254
1411
460
624
537
35
2641
2475
2603
4206
2603
3456
875
793
1740
1741
478
529
4421
3324
90
1603
2565
2747
2159
2747
2160
2747
3306
4079
2073
4079
4156
2254
1578
2254
4097
1204
1197
1204
2607
1833
1834
1833
1834
3701
3835
3765
3204
3283
2737
4028
3468
4028
3631
4028
3233
3859
3151
3859
2180
3859
4232
3532
1433
3532
1463
2050
1903
2050
2322
1026
1016
1816
2359
1816
2893
1816
2358
4187
2705
639
644
639
647
3105
2329
3201
3657
800
875
800
749
800
874
4610
151
4482
1099
657
669
3538
948
993
3078
2766
1558
2766
2560
1945
2907
1945
2905
1945
2641
1644
1567
3049
2787
3049
3843
4172
2942
4172
1560
4172
2651
244
283
945
944
945
2780
1993
1658
1993
4101
3803
3685
222
53
3396
1371
3396
3134
3251
2709
3251
2709
4002
2449
4002
4263
4002
1965
4002
1348
4002
4161
4002
1094
4002
2450
4002
1484
4002
2451
4002
1479
4002
2568
4002
4107
4002
1660
4002
1976
4002
4160
4002
4351
4002
1400
4002
3142
4002
4146
4002
1159
4002
3148
4002
1351
4002
2558
4002
1477
4002
2108
4002
1815
4002
4163
4002
3145
4002
1650
4002
4071
4002
1349
4002
3152
4002
1831
4002
1474
4002
1482
605
572
605
520
4477
3555
911
832
911
718
3838
2821
2908
3942
2908
4392
583
493
583
629
2739
4443
2739
3031
2812
1676
2812
1613
2812
2448
3081
3089
3514
2368
3514
3542
3185
4111
133
270
213
270
264
270
343
2990
3017
997
1683
730
879
2555
3443
2555
2924
2974
2444
2974
2719
2974
2716
788
787
788
761
2675
2960
356
241
356
421
4126
1422
1392
3100
1762
2729
2825
96
2599
1537
2599
2369
2599
1846
2599
1897
2599
4129
2599
4048
2599
2380
2599
4015
2599
1233
2599
1136
2464
1838
2464
1441
2464
1537
2464
1472
2464
2870
2464
4057
2464
2063
2464
4056
2464
3149
2464
1846
2464
1981
2464
1928
2464
1897
2464
4129
2464
4150
2464
4048
2464
1740
2464
4028
2464
2380
2464
2872
2464
2001
2464
2878
2464
1112
2464
1651
2464
2617
2464
1445
2464
2879
2464
1489
2464
1233
2464
1136
2464
4136
2464
2372
2464
2868
3694
3331
3694
3697
1599
3530
1599
1541
1599
4498
1599
2778
1599
3823
546
556
1464
1544
1464
4388
108
3721
989
42
189
3028
2474
2392
2393
2392
2604
1829
2974
1997
1397
1997
1372
169
117
3279
3682
3279
3030
3279
3929
1555
4415
4542
1675
4542
3558
4465
953
4465
4503
615
472
615
670
967
2837
4245
4310
4245
4373
4245
4299
2960
1162
2960
3487
1881
1414
1881
1586
3231
4365
4170
3642
4
3
2470
2472
2470
1538
2470
2593
1188
3940
1188
3184
2494
3053
2494
2573
1792
3924
1792
1095
715
714
4269
2908
2010
3168
2010
2939
2010
2920
4000
2611
1362
2837
2025
2619
2025
1407
4123
3480
2121
3707
2121
960
2121
2284
864
901
864
875
4369
4423
1678
3023
1678
3525
1678
4458
3017
4511
3017
1044
3634
3643
1010
3371
1010
3372
1010
3722
1025
1016
2362
1077
2362
1288
2362
1403
2362
1377
2362
1252
2362
4349
2362
2204
2362
2622
1121
2724
1121
1343
1121
1754
1121
1119
491
684
491
481
1828
3788
1494
1172
632
574
632
523
2188
3935
3477
4416
1470
4389
3029
4464
3029
3824
3029
4421
13
81
4480
4502
330
234
4345
3892
1967
2202
1967
1503
3412
2069
3412
1813
3412
1374
3412
1409
3412
1399
3412
1046
3412
2871
3412
2874
3412
2876
3412
1379
3412
1731
3412
1366
3412
2881
3412
1830
3412
1365
3412
2432
3412
1406
3412
2883
3412
2225
3412
2559
3412
1062
3412
2589
3558
3076
394
373
394
398
523
599
523
457
523
522
1108
1103
3339
1677
3339
3069
3339
1485
3339
973
3898
1339
3898
3594
1416
3426
499
662
499
476
499
493
3971
3123
3971
2545
544
627
544
543
1905
4254
1905
2190
3519
1478
2796
3350
338
312
338
270
4201
4242
1849
4190
1849
2917
64
114
1535
3914
1535
2761
1535
3314
1535
3535
1535
3701
1535
2776
963
4617
2535
3192
2535
3439
3806
3295
3366
2488
1963
1964
4599
4608
2948
1977
3473
3233
2108
3154
2108
2903
2108
2002
4527
3051
3013
1083
2416
2133
2416
2798
2416
4514
2826
94
1857
1858
562
524
562
495
2942
2688
2942
2688
2676
3274
296
48
3672
944
3672
4447
3672
3799
421
426
421
284
2102
4116
2102
2241
540
43
1520
1611
201
200
2556
1499
2556
1499
3527
3310
3527
2124
3186
3782
3186
4291
1340
2224
1340
4058
3347
3913
457
612
869
799
869
870
816
819
3927
3301
2340
1846
2340
4150
729
36
3687
4496
3687
2402
1102
2966
1102
1576
1102
2736
1102
1436
431
432
431
435
1556
4353
2520
1705
2520
4579
3912
2800
3033
2782
3033
1603
3033
1692
3780
4394
702
489
702
703
2850
2688
2850
2942
2850
1560
1822
1512
1822
4207
2765
4468
2765
2478
2765
3828
3964
2484
3964
2459
2884
1089
1946
2686
2234
4154
3343
3073
3523
3693
1672
4610
3986
3400
3986
2495
3986
4001
2368
4519
2368
2802
389
275
389
372
3491
3267
3106
2879
3106
1136
4115
2333
4115
2571
3418
1415
3418
3436
2030
1202
2030
1199
3552
4555
3552
2538
843
873
843
762
1815
2359
1815
2661
1815
2358
959
958
2182
1650
2182
1349
1853
4262
3124
4000
3124
1585
4529
2791
1959
4084
1182
3941
1182
3176
3469
2537
1030
1036
1030
1029
1030
2712
1030
4524
799
826
3037
3042
4506
3554
4506
3331
4194
1155
1368
4602
3395
2607
3395
1200
406
334
60
112
3009
2780
1798
3619
1798
1654
3626
2202
3851
4599
1234
1983
1234
1532
946
3056
3265
3677
3265
3002
1298
2476
1298
2636
1298
3165
2432
3427
1875
2875
1875
1805
1734
1055
1734
1049
2982
3281
1078
1069
1625
3444
3936
3689
4163
4205
1924
2192
1924
2323
4052
4142
4052
1607
1209
3147
1209
4135
1209
1158
3146
1185
3387
1056
1380
2922
1380
2922
2315
2666
1315
1832
1315
2669
1315
4324
1315
3479
1315
2379
3503
3011
2629
2921
3792
3503
3792
2725
3792
2463
2209
1184
2209
4068
930
824
2380
2640
3159
2016
3159
2647
900
755
2078
2327
2078
2083
773
887
2298
1048
2298
1040
3993
4005
1432
159
137
126
2500
2616
4518
4534
3436
2914
2844
1507
2844
1942
880
904
3383
3139
3383
4200
1986
4161
1986
3142
2354
2408
4089
4124
4089
2244
54
111
2142
4382
149
1561
2582
1561
3966
4413
2744
4111
4127
2561
2718
488
534
189
4313
4334
3637
3465
3637
4120
1708
3477
1354
1674
1354
3846
1142
4146
1142
1650
3855
3860
3855
2140
3730
1248
3730
3951
327
229
986
985
1500
1160
4603
89
3507
3513
3611
4231
3749
3620
573
454
573
599
573
628
1702
2795
1702
1668
1614
4361
1614
1631
1614
3667
1148
3933
1148
4385
303
306
1841
4251
4241
4294
3967
2541
3296
3528
3351
2826
212
211
522
543
1213
3336
464
658
3076
3088
256
287
256
411
256
386
2633
1438
3499
4403
3499
3037
3499
4460
3564
2139
3564
3349
3564
955
10
174
2213
1179
2213
1597
4492
4526
4492
3057
823
47
3163
4081
3163
3639
4043
1642
4043
3474
442
251
442
415
3455
3462
4341
1626
812
918
812
851
812
730
640
452
640
544
4197
2359
4197
2893
2614
4064
2148
4488
2706
3272
2706
3272
3975
1032
3975
2845
3975
1042
3975
1249
176
178
1630
1629
838
850
838
878
2731
3309
2731
4520
2731
3315
2731
3305
3210
4359
1217
1216
1217
3130
495
579
495
643
2921
3653
2921
4285
2921
1847
3818
2756
3379
1066
2160
2161
2292
2782
3924
1076
1438
1061
4205
4266
4205
1979
4205
4264
4205
3202
4205
2697
4205
3638
2072
2395
2072
1946
2072
2376
334
297
3939
4411
2988
3527
3684
4466
3684
3308
3684
2772
1072
4486
1072
2997
1072
2990
1072
2731
1160
4387
1160
3775
1160
3650
1160
3651
402
306
402
382
3167
1742
3167
2926
3666
1093
1292
2554
1292
1280
1292
2970
2438
4566
2438
3085
2217
3853
2217
1775
4533
4542
4533
3337
4449
1700
4449
1701
4449
3829
70
90
707
708
4430
3678
3648
3290
3648
1721
3648
3658
3648
3910
3648
4413
2637
2417
2637
4137
2637
2680
2174
1070
2174
1065
3312
3039
4490
2506
4490
4525
320
361
320
261
794
852
794
793
2653
2223
859
822
1419
1557
1419
3690
1419
3298
1419
3523
1419
4399
1684
1431
1985
4161
1985
1660
481
527
2622
1115
2573
3840
2573
3717
2573
2792
2573
3715
2262
1195
2262
2037
2190
1148
3435
3471
2872
1156
3663
4132
1262
1252
1262
1649
305
385
305
259
3197
2965
3197
3221
3197
4120
1190
1155
985
87
248
247
1573
2381
2779
2422
2779
3055
2779
2137
466
654
2419
3197
1174
2584
1174
4223
1174
1866
3331
3342
609
603
609
580
724
723
2316
2984
634
642
634
640
4137
4217
2458
1608
2458
1282
2458
4229
2458
1623
2458
2320
2458
4062
2458
2238
2458
4114
2458
1845
2458
4070
2458
1853
2458
2328
2458
1517
2577
2869
2577
2555
3041
1715
3041
2781
3145
3157
4432
3876
4432
3556
4432
2778
4568
4572
259
309
1626
4426
1626
1663
2657
2195
2657
2194
2657
3776
2001
3154
2001
4258
370
375
370
374
102
3266
3294
1876
4130
1876
1516
4257
1119
1001
999
4357
3018
3725
3887
3844
3712
3594
3603
3594
4163
4068
3187
4068
3457
4068
3220
2751
3831
2751
3312
3819
4500
1650
3432
1650
1631
1650
3753
3570
3576
3570
1681
3570
1396
4461
950
4461
952
4461
1634
1577
4376
3774
2959
3888
3903
3888
1043
3888
1524
1316
1930
1316
2227
1316
1929
4046
4092
4046
4118
4046
2355
4046
1235
4046
1751
4046
4101
4046
2191
3193
4206
1458
4320
3239
4379
4581
3093
4581
981
4581
973
4581
1098
653
671
1423
1218
854
807
854
902
3790
3492
2044
1176
2044
3894
2649
2671
267
225
267
261
267
344
1591
4234
1591
4149
1591
2913
2569
3642
2569
4123
3697
3335
1452
3155
4416
3282
4416
1697
4416
1698
447
414
2705
1451
2705
4325
2705
4369
2705
4313
3004
2127
2240
1221
105
101
4050
1208
4050
3127
1240
1360
3247
2980
2591
1489
1569
2727
1569
3496
4029
4061
4029
1529
4029
1140
4029
4189
4029
4037
4029
2315
4029
4089
4029
4064
4029
4067
4029
4133
4029
2384
1754
4384
2452
1505
2452
2494
4316
1544
4316
1721
4316
3658
4316
3910
2423
2791
1044
965
1044
1398
2783
2799
4591
2820
4591
2819
4591
2821
4591
2822
691
698
691
487
3171
3647
1334
4152
1334
4138
3075
3720
352
320
352
267
4166
2528
4166
4333
4166
4274
4166
2485
4166
2510
3933
4446
3933
3494
3933
2523
3933
3806
3933
2305
3933
4462
1268
1966
1268
2356
3295
3815
3295
1478
3295
4469
84
82
17
114
4184
1074
4184
3402
2681
1979
2681
2693
4148
3874
440
252
440
445
1780
4235
1780
1080
1427
2858
1427
2064
1427
1414
1427
1264
1427
1628
1427
1945
1427
3619
1427
1047
1427
1305
1427
1308
1427
1586
1427
1421
1427
1408
1427
1654
3420
3163
3732
2233
3732
3136
131
3318
3333
2787
2812
3456
2553
3456
3223
2427
4004
2427
3946
4425
3920
4425
3505
3996
2533
2268
4229
2268
1853
388
260
388
316
2878
4257
2878
3229
681
684
681
527
3189
2978
3243
1694
3761
2924
3705
4551
3705
3567
3705
3353
2334
2204
2334
1442
2628
3196
2628
3892
2628
2671
44
118
4474
2731
159
136
1241
3236
1241
4408
1241
4299
2173
2615
2173
2886
4083
1439
4083
4170
4083
2011
4381
2981
4381
3527
2955
1612
2955
3008
2955
3013
2654
2945
2039
1192
2039
3403
2590
1849
1683
1432
3863
3865
3863
1380
2574
1206
1066
1058
2999
2128
2896
2918
2896
2918
506
658
506
587
506
504
734
33
569
483
569
686
1749
2991
1574
2147
1574
3012
1574
3027
1574
2773
1574
4480
1574
3818
2066
2890
2066
4048
3408
2434
393
315
393
262
533
11
1039
1038
1039
1033
1590
4166
3116
4067
345
349
345
331
3597
2222
2241
2242
1173
1163
1173
3636
518
463
518
600
518
609
208
378
1805
1584
1805
1804
1805
1583
4281
3264
4564
4570
1329
3857
1329
4098
4335
3664
3688
3544
1112
1426
1112
3455
1112
2915
887
62
4499
4532
4499
3834
1687
4602
1938
2386
1938
2315
3644
2954
3325
3071
749
901
1728
2606
1728
2595
3619
1116
3545
1043
882
712
2177
3167
3488
4325
3488
3520
3488
4369
3488
4313
3488
3266
3488
4420
561
499
561
494
1892
1441
1892
3149
3814
3300
284
22
1177
1860
1177
2863
1177
1862
3170
2930
4155
1618
3593
1145
3062
2804
3979
2855
860
68
200
169
614
458
3421
3438
3421
4087
4235
3434
4235
2633
4235
2631
1781
2886
1781
2885
2112
1407
2112
1490
2680
4217
3928
3514
2329
3881
2329
2201
2329
2398
3194
2711
4376
1417
4376
3314
4376
3535
3068
2825
1191
3648
1191
4316
2169
1581
2169
1171
1095
1089
1898
1830
1898
2559
1424
3726
2043
1861
2043
1860
2043
2863
1275
4155
1275
3604
647
665
1679
1435
3003
4471
3003
3334
2406
4319
3330
3705
2118
2110
2118
4083
1337
4043
1337
4139
3897
4040
3897
3399
670
27
1406
1121
2337
1952
2337
4100
1118
1594
1118
3001
1118
3010
1915
1830
1915
2589
1753
1574
2865
2873
1722
1723
2424
4082
2424
4091
2424
1625
4102
4125
4102
4311
2784
3061
2784
2821
908
819
908
914
908
712
2275
1369
2275
1225
3482
3255
3482
3255
1043
1388
1932
3416
1932
1573
4276
1125
2191
2929
2191
3622
2191
3754
2095
4178
2095
4115
1169
1774
1169
2447
1169
3758
1333
2441
1333
4177
226
413
3799
3009
3007
4409
1000
999
1651
1241
2750
1629
2750
3688
492
554
492
478
1486
3622
1486
3754
1486
3943
4222
3891
3905
3097
3905
1687
2047
2355
2047
1448
3571
3575
3571
3359
587
465
3402
1076
153
130
178
331
236
530
182
765
860
3040
1043
3040
2120
4514
2134
1047
2150
1047
2634
1047
3177
865
927
3589
1373
3589
2225
372
377
372
403
62
78
1757
3320
2726
3297
2486
2779
4322
4364
4322
2468
2333
2709
2333
3251
2333
4281
3244
1763
3244
3267
3244
1764
2936
2684
2000
2950
2000
2950
3546
4537
1733
1055
1733
1065
1609
3890
755
52
4595
4606
1923
1308
1923
1421
916
859
3326
2788
2357
4165
229
298
229
334
1952
1953
805
917
805
867
2847
3981
2847
2484
4100
4185
4100
1539
4100
2199
590
671
271
412
271
210
271
343
778
927
778
773
3559
4540
2802
4545
2802
2809
3504
3016
3504
2736
952
2805
527
22
167
879
729
1840
4231
750
823
750
859
4585
1686
1357
2635
1357
2193
1357
2419
3350
2436
3350
4547
2609
4315
183
184
1868
2165
1868
1179
2542
2544
2542
2543
384
198
384
387
384
308
3655
3514
3655
3007
676
687
676
683
3278
3293
3278
4375
3278
3291
4373
4408
3384
1082
929
933
2843
1282
2843
4012
2843
4023
2843
1617
2843
4088
4071
1186
4071
3159
2322
2656
1065
1058
1161
4305
1161
2950
1161
2000
1161
4320
3098
138
4478
4505
4478
949
4478
3538
2956
3259
1927
2576
1927
2882
2353
2500
2353
4089
899
862
2918
4385
1737
1064
1737
1060
52
101
3837
3566
664
542
4320
2714
4320
2982
4320
3275
2730
2310
4188
3205
4188
3201
4188
2952
1631
1807
4220
1055
4220
1032
4220
1070
4220
4286
4220
1042
4220
1065
4220
1467
1806
4198
1806
1123
92
1353
2891
2920
2939
2920
2939
3115
2630
3115
1025
3211
3784
435
249
435
439
4273
4306
143
122
4119
2552
1322
1321
1322
2312
2065
2451
2065
1479
2161
3830
2161
3319
1542
4302
2895
3253
4144
4187
686
525
686
692
1729
1020
1613
4569
1613
2827
444
446
444
252
2381
3472
2381
2313
2381
3280
2381
2747
1919
1522
1919
2192
620
623
620
590
504
547
504
582
4295
2713
4295
2295
1548
2628
1214
1525
1214
3219
1214
2701
1214
3486
1485
1393
343
307
343
221
1328
4061
1328
3857
4027
3417
4027
2012
4027
1522
4027
4045
4027
2192
4027
4130
4027
2317
4027
4104
4027
1516
4027
4042
4027
2323
4027
1480
4027
2109
4027
2239
4027
4143
4027
1982
4027
4254
4027
1500
4027
2190
4027
3421
4027
1135
4027
1851
4027
1211
4027
3424
3563
3348
3563
3067
3563
4564
3563
1098
828
872
828
767
2634
2662
2935
4359
2328
2413
2328
2414
2328
2412
3092
3882
2725
2461
1862
1863
2548
4016
2548
4085
2548
4063
2548
1418
2548
2028
2548
1849
2548
4027
2548
4147
2548
1504
2548
2325
874
869
874
793
2485
4327
2214
2167
2214
3863
3272
2989
3272
3280
2912
3933
1381
4434
1381
3925
1381
2370
1381
2773
1381
3681
1381
4480
280
306
3164
2951
3164
2579
3164
1896
4395
4401
4395
1153
4395
2294
2613
1441
2613
1472
2613
1425
2613
2870
2613
4057
2613
3149
2613
1928
2613
4150
2613
4028
2613
2872
2613
2001
2613
2878
2613
1651
2613
2866
2613
1445
2613
1489
2613
4136
2613
2372
2613
2868
883
746
958
9
2405
1009
2405
3366
2405
1007
2560
1475
2560
2792
2560
3344
4064
2492
4064
4280
4064
2493
3848
103
924
734
399
190
399
402
2808
2519
4086
2373
4086
4197
2839
1168
833
717
4015
1493
1276
3661
1276
1511
894
925
3884
4614
2349
4045
2349
2325
4407
2162
3778
3296
1617
2900
1096
4382
1096
1470
3610
3647
1501
2658
3866
2824
3866
3082
3866
3086
4307
1759
4307
3269
4307
3268
2096
1391
2096
1384
292
11
2617
1160
365
222
365
229
40
167
2501
2616
2866
3175
2276
1632
2276
4072
1349
1125
121
1916
2624
1916
1486
453
179
1405
4216
1405
4237
1958
4094
1958
4096
94
91
3567
4603
1560
3770
27
112
4291
3281
4291
3275
2341
2238
2341
1845
2521
2929
2521
4153
3308
4489
4309
3285
4036
4069
4036
2497
3952
3193
3952
3456
3753
1807
19
118
2493
1978
3834
3907
1445
1556
1445
3156
1445
1808
4210
4248
4210
4330
4210
1765
4210
1766
4210
4308
4210
4295
2851
4315
1588
3162
1588
3646
1588
3634
157
129
2445
3346
2445
3352
2445
2136
4442
1037
628
456
2588
1454
1493
4239
1493
2923
3158
1292
1776
1777
751
750
1521
3092
4409
2148
4409
1715
4409
2781
4147
1220
635
617
635
530
4093
4172
4391
2716
1341
2223
801
848
801
874
2229
4234
2229
4149
2229
2913
2879
2304
2879
4259
1135
1117
4547
2437
4547
3078
34
113
1031
1024
1031
1030
4360
3892
235
379
2497
1618
3989
2601
100
3119
979
4011
4057
4011
2380
964
4617
596
648
596
655
596
578
2698
3880
1964
3251
1964
3251
1964
4281
4159
2242
1665
2891
3225
2414
3474
2689
3474
4176
3474
1513
2772
4512
2772
3046
3698
3553
3698
947
2135
1413
2031
1395
2031
1514
4260
2666
1497
2674
1497
3646
1497
3643
3490
2720
1229
4113
855
752
855
870
2715
2453
2715
3303
2715
2454
3014
3054
2156
4383
3127
1161
1120
2426
1120
3805
1120
3919
1120
1574
4358
3518
1011
1008
1011
3372
417
332
417
232
417
330
417
331
417
333
2778
3875
2375
4205
3586
1133
4067
3930
4067
3176
4404
2502
4404
4437
1471
4382
937
938
937
861
2489
2491
2489
2490
2237
4122
2887
4266
2887
4264
2887
4298
2887
2701
3712
3358
3712
4552
4453
1700
4453
1701
4453
3829
669
32
3887
4616
1306
2196
1306
3949
1306
1833
1306
1834
1306
1589
3230
4423
3230
4313
4138
1507
1237
3427
1880
1390
1880
1586
2961
3786
2961
3786
2306
4302
3742
3614
4304
3269
4304
2415
2471
2472
698
699
1489
1187
3034
3833
3034
3049
1375
3923
3943
3661
2692
1045
2692
1697
2692
4509
2120
1388
1156
3480
1156
1419
4258
1151
3872
4515
3872
1718
2011
4123
427
428
427
244
744
53
3152
1543
3152
4168
3152
2188
3344
3351
2233
1605
2233
3446
2233
3445
2883
1074
4075
3441
4075
2198
4075
2901
3651
4291
3524
2310
739
54
4590
2806
4590
2805
4590
3574
3826
4510
3826
3836
2582
4363
2582
2069
2582
2861
2582
1371
2582
3134
2582
4145
2582
1813
2582
1374
2582
1966
2582
1409
2582
2864
2582
1399
2582
1046
2582
2356
2582
1391
2582
1373
2582
2874
2582
2876
2582
1379
2582
1731
2582
1366
2582
2881
2582
1830
2582
1365
2582
2432
2582
1406
2582
1405
2582
2883
2582
3135
2582
2225
2582
1384
2582
2559
2582
1062
2582
2589
4024
3858
4024
2424
3123
4007
4039
3602
4039
1317
817
51
1854
1855
321
379
321
345
3302
4403
3302
3037
3302
4460
577
548
577
603
4572
3718
4572
2512
482
526
106
100
4580
3373
4580
2120
4580
3095
252
292
1696
3374
1696
2119
1696
1350
706
556
706
708
1582
1277
216
54
870
826
1233
1231
277
302
277
208
277
326
3740
4087
2083
2508
2083
2682
2083
1963
3823
3045
23
108
4586
987
4586
984
4586
988
4586
4603
1257
1534
1257
2603
3250
3265
3870
3825
1136
1117
2207
1410
2207
1769
3647
3473
3647
3467
3054
61
1639
4284
1639
1659
1639
4162
1639
4176
1639
3200
580
531
2716
3003
2716
2588
3817
3536
558
505
558
513
2136
3708
3200
3498
1207
3126
1207
3127
3710
3571
4596
3900
3226
3229
2257
3180
2257
1188
219
214
219
329
2744
2557
2744
4484
1083
3906
1083
1688
1083
3051
1083
4548
3442
4171
197
196
1666
4171
1446
2522
1446
4047
3901
164
3509
3294
3509
3520
2203
3236
3659
1657
1222
2537
1222
1465
1222
4342
4456
3696
2969
2698
1253
1658
1253
1252
4558
3580
4558
1000
4558
3720
2459
2460
4198
1584
4198
1804
4198
1583
2604
1166
2087
1966
2087
1384
1459
4556
1459
1005
1712
4499
1087
1374
1087
2883
3080
1672
1604
3540
3132
3137
3132
2539
3968
3982
3968
3984
81
2991
1714
2991
3020
2991
1713
2253
1480
2253
1851
2222
2369
521
650
521
577
1203
2037
1203
2567
3284
3032
3284
4436
1775
1777
1834
2307
1834
1519
2446
3860
2446
2140
3378
1194
3946
1645
2662
1038
3138
4032
2467
2565
2467
4590
643
667
2079
2539
2079
1649
147
4440
3332
4440
1213
4385
2996
4385
2523
4385
1381
3638
1980
970
2969
970
969
2977
4405
2977
3679
2977
3507
1281
3891
1281
4270
1718
1456
175
131
3372
4594
2668
2963
994
4592
2228
2669
2228
2379
2228
2378
1510
1147
3517
1401
1643
1653
1643
2706
1643
3272
3601
3198
4517
4540
1228
3956
1228
1423
3950
1502
3950
2497
2510
3265
565
507
565
567
740
878
12
80
1695
179
3929
3526
1994
1235
1994
4101
619
551
4285
3244
2281
998
2281
4607
2281
4594
2281
1006
2281
4593
2281
4595
2281
999
2281
1003
1970
4340
1970
1839
204
19
2831
1006
4212
3252
4212
2406
4212
2695
187
188
3460
2955
1467
4287
1467
2660
1079
2131
1079
3258
1079
2130
1079
1072
3513
3332
3513
4457
3513
1213
1647
951
1647
1634
4522
2791
1305
2640
783
934
783
766
4033
4097
4033
4083
4331
4364
2199
4216
761
760
2376
1553
2973
1673
2973
3794
1249
1220
3448
2413
3448
2411
3448
3225
3585
1686
163
156
2051
1400
2051
3152
2463
3011
3756
4119
2155
4125
4262
4318
4262
2163
376
300
139
1463
2516
1463
982
1463
2123
1051
1038
1051
2957
1051
3227
1051
1402
1155
4366
1155
1600
1155
1419
1155
1601
233
232
4151
1128
4362
2720
1376
4213
288
50
3894
3181
2249
1352
2249
2574
398
193
398
363
398
303
4096
1304
4096
2933
4096
2200
594
607
594
492
1199
1193
1741
1426
1741
1110
1741
3455
1741
2915
2640
1836
2640
4279
2640
1528
2640
4312
2640
1347
2640
2536
2305
3295
4231
3677
4231
3254
4231
3785
72
120
2834
4596
2775
4463
2284
1488
4136
3426
3963
3969
3222
4105
3222
4105
1509
2984
1662
2626
1662
3442
1662
1666
2378
1832
3446
3781
2080
3747
2080
2328
2712
1019
2712
975
2712
3500
4110
3430
4110
3190
4110
3623
260
346
260
227
260
406
3762
4124
3253
3293
3253
4375
3253
3291
3253
1574
1991
4228
1991
2420
969
2698
107
104
4256
2896
4256
2912
2132
1363
2132
3725
991
990
1969
1970
856
739
1132
3026
1132
1712
1132
2442
1132
2741
4356
3528
4356
2144
4356
4377
3087
4604
3604
3751
1080
1073
3459
4338
824
818
824
787
2509
954
2509
3349
4193
1653
1378
1609
1378
3490
1378
4362
1378
3322
3731
1090
1284
2191
1284
4093
4047
3164
3203
4416
3203
4416
767
905
319
405
319
347
3257
2721
2226
1315
1250
4178
1250
2535
4606
161
2666
4352
2666
3685
2666
3944
2666
3808
2666
4407
2666
3807
297
46
2442
4485
2442
3493
1744
3134
1744
2876
1716
3708
1716
3346
480
479
1054
3282
1054
2957
1054
1697
1054
4454
1054
1698
74
2200
1304
2200
1304
3136
3453
3136
4209
458
24
1200
2206
1200
2029
1200
1854
3207
4301
3207
1761
3207
4358
3828
2288
2639
2304
2054
2271
2054
2321
4059
3179
4059
2894
4059
3428
15
83
1442
2371
1442
1943
1442
2889
3785
3002
3083
3370
2250
4203
2250
4072
1226
4004
1226
4116
3879
2393
494
493
494
659
637
502
637
575
637
660
4167
2663
3305
3531
3305
1398
3305
961
1640
4326
1640
3464
1640
3937
2741
2751
1513
2429
1513
1519
1513
1520
549
551
549
552
549
550
549
537
549
553
4462
3804
333
288
659
666
1585
4030
3249
4435
1448
1330
973
1393
2585
2976
2585
4381
2448
2285
2448
974
1973
1652
1973
1265
3376
1150
4038
3744
4038
3128
4038
3745
4038
3601
3155
2655
3155
3763
3155
4283
3155
3653
3155
4285
3155
1847
774
899
3463
3241
3051
3058
3051
4573
3051
3067
3051
1344
4431
4467
4431
3823
3997
4141
3997
1195
3997
3862
3997
4177
3997
3853
3997
1856
3997
4004
3997
1176
3997
4178
3997
1949
3997
2167
3997
4066
3997
1591
3997
3863
3997
1775
3997
4096
3997
4202
3997
4044
2647
4249
2513
4230
3199
4261
1831
2951
1831
2579
1831
1896
304
290
2970
2159
2970
3306
977
3099
3281
4466
3281
3308
3281
2772
4240
2970
156
2460
2623
2460
1481
2460
2619
2460
1476
2460
1410
2460
1397
2460
1581
2460
1407
2460
3618
2460
1848
2460
1769
2460
1307
2460
1944
2460
1369
2460
2466
2460
1202
2460
1411
2460
1515
2460
2327
2460
1178
2460
1171
2460
3423
2460
4179
2460
1850
2460
1452
2460
2083
2460
1199
2460
4059
2460
1372
2460
1225
2460
1490
2460
1956
2460
1272
2460
1170
4175
1828
1138
2853
1138
2177
1138
2609
1138
2851
4536
3568
4536
3570
465
17
1601
3921
3510
2745
3510
3521
1517
1627
3696
2785
3696
3912
3696
3700
4417
1606
4139
1311
358
349
2994
3296
2695
3489
4124
2681
1372
1645
4005
3752
4005
1286
4005
1468
4005
3869
4005
3857
4005
1514
4005
2511
4005
1188
4005
4098
382
363
382
192
3633
4260
1668
1565
1668
3711
1668
2284
4562
2448
2372
2363
2601
2852
2601
2071
2601
1887
2643
3255
2643
3482
2643
3463
2643
1593
2517
2519
2517
4591
4317
1596
3228
1743
3079
4609
1460
1018
3467
3484
2138
2435
1977
1978
2718
4336
2718
3004
4485
3907
4485
3038
4485
4497
4340
3509
2490
3370
2490
3573
2490
2438
2490
994
935
936
935
836
3031
3035
3135
1306
2014
2239
2014
1211
1715
1716
2665
3488
2964
4376
1119
2742
1119
3506
1119
3001
1119
2991
1119
2994
1772
3652
1772
2678
1772
2675
2474
3052
2225
1315
3693
1449
3693
1580
1474
2889
1474
1615
1225
1214
1698
3809
496
550
496
583
3636
2947
3636
4394
3636
2468
3636
3777
3636
4331
2119
1447
4530
2586
1014
978
1879
4263
1879
1815
3229
4384
3229
2972
335
340
335
266
3497
3277
1490
2903
1490
2002
1490
4225
4460
2445
920
745
920
925
4509
4511
4509
1044
1308
1291
367
313
367
277
4491
1558
4491
2560
3937
1451
811
807
3588
1373
3588
3135
186
374
383
374
402
4342
3664
3445
3207
4098
1292
2776
3547
2158
4275
146
128
3493
1099
3493
1700
3493
1702
1158
1157
1851
1196
3804
2135
3804
3710
3804
3911
4242
3224
4242
2673
3341
3354
120
2308
2750
3758
1726
3521
3302
41
74
135
6
2696
2705
1524
1386
582
468
1344
4611
1152
1342
1152
4264
1152
3202
1152
2708
1152
4309
316
323
316
324
445
446
513
621
513
466
513
504
1123
4356
2302
2876
2302
2881
221
219
538
23
793
870
477
553
757
49
1302
2578
1302
4070
3667
1606
3667
2425
3667
3805
3667
3919
738
737
2123
3848
2854
3434
2854
2633
2854
2631
1883
1385
1883
1420
807
884
807
826
3760
2185
3233
2975
3233
3247
2344
1382
2344
3146
2152
1064
2152
1071
3582
3885
4600
4609
4112
2648
2524
1413
2524
3911
3915
4491
1692
2813
1586
4253
2034
4157
2034
3143
3791
4309
3984
3138
3984
1249
3809
1053
3809
2753
3011
3021
3011
4483
3011
1604
437
440
437
444
3966
1562
1127
4272
1127
4428
1127
1118
3120
4145
4133
1458
4133
2000
3306
2366
1961
4143
1961
3740
4253
4328
4253
2944
4253
3673
4253
1752
4253
4332
4253
2946
2880
1091
2230
2450
2230
1474
723
722
3948
1126
688
693
688
694
3471
3273
3471
4321
3471
4417
712
177
3489
4352
3489
3944
3489
4407
3675
3920
678
511
678
570
4504
3827
4504
4533
961
3900
4353
1132
1887
2919
4051
3164
1230
2975
1230
1383
1230
1971
1230
3247
1230
4278
1230
1559
3237
3942
3237
4425
3237
2722
1778
3853
3624
4199
179
181
4458
2763
2127
44
3156
4353
4196
1191
408
386
3639
2943
3639
2683
2586
4541
2586
2405
1034
1028
3375
135
3161
3198
1098
4601
3065
973
3934
3313
3934
1757
3934
3926
1384
1220
696
699
696
487
1278
4263
1278
2568
1895
1508
1895
4207
4183
1058
4183
2854
2806
107
2631
4354
1730
1042
1730
1049
425
246
425
418
2211
1178
2211
3423
2115
2012
2115
2109
956
176
1920
2624
1920
1308
3852
3035
4278
4335
1211
1152
415
446
415
292
1115
2670
1115
3654
1115
2144
1115
2938
3353
984
645
602
645
550
2927
3474
1956
2646
1956
2200
4378
2295
4378
2296
3807
4374
903
722
4420
3529
1918
4114
1918
1617
2737
1535
2278
1984
2278
1352
3542
2581
2868
1189
2098
2614
2098
2384
403
276
403
308
3322
4515
3322
4487
3322
2149
3322
3704
3322
1455
1843
4219
2384
3447
2384
3629
4473
2581
3700
2800
2350
3418
1326
2064
1326
1316
3889
3585
779
772
779
938
532
585
3795
4274
3609
2924
3609
1695
4574
4597
4574
4582
3911
3571
132
1546
3784
266
346
266
228
266
324
2504
2962
2559
1147
1802
1484
1802
1477
2840
1026
2840
1034
4557
4565
4557
3082
4557
3086
4557
3079
4557
3582
1847
3659
4055
1514
4055
4067
2952
2690
1504
1277
490
533
1559
3497
3671
1655
3671
3680
3671
2478
3671
3287
3671
3936
3671
3828
2733
3299
2733
3299
2546
3350
2546
4507
3357
2814
329
216
2326
2663
2326
4187
2923
1498
2923
2237
1350
1018
4605
76
815
854
626
451
553
666
2916
1461
2567
4268
3987
2601
2958
3271
2958
3496
2958
3279
3501
1462
3501
975
3501
2119
3617
3621
3617
3171
3096
4599
192
180
1610
1709
1610
1708
1610
3203
1610
1054
3276
3508
3276
3505
3276
3675
1866
2164
3349
3713
3349
2819
3349
2808
3720
3723
3720
4584
3720
4595
3843
1676
3843
4562
660
670
3972
2855
3972
3991
2610
2455
4507
3560
1567
2401
1567
4501
1567
4402
1567
3691
1567
2473
1567
2546
3560
3712
3405
1741
866
869
866
751
3773
3662
4202
3175
1839
3703
1839
2502
3627
3458
1808
4314
4495
3704
2164
1172
829
768
829
936
1912
1390
1912
1486
138
71
101
3613
1180
2092
4180
2092
1355
541
44
3328
3064
3328
4568
1935
1944
1935
4179
1634
2782
1634
3574
2563
3564
2563
2509
114
3214
3485
2272
2449
2272
1351
3485
4328
3485
3673
3485
4332
3548
4534
3926
1359
1725
2953
2862
1385
2862
2224
2862
1903
2862
1817
2862
2154
2862
1290
2862
4076
2862
2399
2862
4058
2862
2642
2862
1587
2862
4152
2862
1570
2862
1420
2862
1081
2862
1049
2862
2084
2862
4201
2862
1952
2862
4100
2862
2322
2862
4220
2862
2521
2862
3952
2862
4138
2862
1510
2862
4151
2862
4164
3664
3537
3664
3515
3664
3534
3664
3507
3664
3318
1272
4188
1272
1640
103
99
705
706
3686
3030
1092
1093
1092
2650
359
426
243
284
1563
4518
716
715
4535
4550
4535
3569
2729
4494
2729
3915
1164
4246
1164
4347
1164
1706
1164
2561
604
545
2919
3212
2919
3211
2919
1546
3381
1325
1680
1434
3970
1661
3970
4002
545
542
545
549
3112
1025
3112
1014
2781
4488
4299
4344
2421
2790
2421
4531
300
285
300
421
3722
1006
2194
4304
3329
3069
3329
1392
2170
2928
2170
1727
1488
2285
4200
1496
4200
1494
1545
1356
1545
3847
3923
2552
2892
2653
461
586
353
317
353
257
26
101
2062
1607
2062
1341
1325
1293
2593
1195
2593
2441
2593
4177
2593
3853
2593
1856
2593
1168
2593
2575
2593
1176
2593
4178
2593
4035
2593
1492
2593
2167
2593
2469
2593
4094
2593
2577
2593
1591
2593
3863
2593
4096
2593
2326
2593
3868
3683
2486
3683
3872
888
914
888
882
2325
1304
2325
2646
2325
2200
1062
1057
780
770
780
937
2938
2145
1593
2429
1593
4300
1593
1519
1593
4282
1593
2743
1593
1520
3177
1707
3177
1707
2488
3723
1170
2928
1170
2930
1170
2625
2545
2877
2545
2433
2545
2271
2545
1444
2545
2522
2545
2321
2545
2615
2545
1616
2545
2431
2545
4293
2545
1361
2545
2153
2545
2886
2545
2885
2545
3153
2545
4181
2545
1048
2545
4099
2545
2146
2545
2875
2545
4084
2545
2884
2545
1805
2545
1665
2545
1662
2545
2880
2545
4051
2728
3830
2728
3810
2728
3512
748
823
1194
1682
2687
1450
18
113
4399
4433
1421
2381
4435
1436
245
244
2597
1638
2597
3854
2116
3404
2116
3126
4171
2187
4171
1828
955
954
2408
2554
2408
1280
2408
1829
2408
4240
4548
3541
4548
1012
4548
2770
2805
2817
308
328
308
204
3241
2308
3241
3000
999
1434
606
498
606
639
4001
2481
272
364
272
309
915
863
1896
3213
654
465
3066
3566
3066
2122
3066
4551
2749
3311
257
351
257
410
257
238
469
468
3574
2813
2683
2706
2683
3272
2683
4193
4524
3288
4524
3044
4524
1729
1999
1598
1999
4095
4088
2627
4088
3174
4088
2513
3846
968
3846
1488
4481
2760
3173
4119
4044
3172
3590
3407
1116
2670
1116
3654
1116
2144
1116
2938
1597
2899
1597
1770
1597
1722
3868
1172
3776
3655
3039
4549
3039
1354
1408
1101
4019
4204
4019
3742
1654
1109
1955
1945
1955
1305
4422
3530
4422
4467
4422
3823
4422
3322
3486
3260
2757
3321
2757
3833
2757
3546
269
325
269
407
1726
4247
1726
2702
1007
3901
3000
2746
1936
2070
1936
4142
2244
1844
2244
3459
3333
3550
3333
4513
3702
4538
1402
4442
633
638
633
573
4127
4194
2589
2363
1571
4342
4414
4448
4414
4447
4414
3802
2040
3403
2040
1200
1589
3671
487
535
2571
1635
830
770
830
876
4314
1749
4314
3778
4314
2994
1040
1033
3047
3060
3047
4531
3047
2527
231
413
231
365
2402
4472
2402
3033
2007
4203
2007
2110
326
348
326
276
3735
1331
3850
1443
3850
4583
3850
3905
3850
4585
3850
4580
3850
1696
1244
4028
1244
1233
592
515
592
519
1750
2968
871
915
2651
2688
3829
4490
2482
4121
2482
1588
3275
3800
1784
4349
1784
1095
4186
4236
3424
3162
3424
3646
3424
3634
166
186
409
332
891
776
891
899
2722
1381
1865
4141
1865
3868
3095
1386
902
720
902
834
902
903
1068
4451
1068
2731
1068
4416
3191
3467
4164
2906
2932
4105
2932
2668
2932
3222
1330
2313
1330
3452
1330
2194
3337
2804
1003
1435
907
713
907
914
2753
962
2753
2755
921
790
2915
3460
2679
2442
3118
4131
2330
2578
2330
1837
3406
4172
2003
1531
3169
2185
386
299
2068
1944
2068
1956
4476
2779
80
3043
3058
3043
3340
3781
2703
1482
1101
3994
3598
2898
4106
