53
114
19
20
86
96
61
130
104
130
88
108
110
108
135
105
117
102
103
102
129
102
96
139
69
139
86
97
18
22
68
0
94
0
127
0
121
0
58
148
56
148
112
148
118
117
52
20
13
14
13
52
82
37
39
17
9
53
65
56
65
93
131
0
15
18
15
106
68
84
68
88
116
57
58
138
94
87
94
55
105
133
84
133
63
85
114
88
113
88
65
62
58
62
76
62
146
144
83
144
12
10
39
40
101
119
120
119
126
75
92
91
64
78
111
110
54
72
108
93
141
93
70
93
139
134
93
134
92
134
116
90
111
90
138
136
44
42
55
113
82
111
113
111
53
111
112
111
50
35
17
5
104
122
120
122
21
19
141
137
70
137
71
137
140
99
100
99
35
33
6
3
119
146
143
128
73
128
66
125
6
24
5
26
16
26
4
26
90
143
8
12
55
126
9
30
36
49
96
140
97
140
98
140
108
141
108
141
89
109
13
23
140
132
100
132
30
25
4
25
96
127
97
127
98
127
78
51
122
74
66
81
73
81
119
63
52
53
136
100
107
100
9
6
5
6
16
6
137
36
128
36
125
36
127
36
72
138
142
138
134
17
90
17
85
135
67
135
64
83
57
61
9
18
19
18
28
18
133
41
132
41
124
41
15
11
12
11
102
80
79
80
95
103
14
28
7
28
21
14
146
60
101
82
76
75
76
19
27
30
27
14
27
4
27
73
59
144
89
72
89
102
77
79
77
148
145
62
145
78
69
51
69
63
69
139
124
115
124
22
2
131
32
94
32
81
32
77
32
38
46
68
50
91
50
99
50
80
50
101
104
0
29
22
1
147
86
123
86
122
147
115
37
44
31
44
74
118
123
118
126
56
118
66
95
66
44
43
34
43
145
70
114
112
57
107
87
39
45
47
45
115
121
85
79
78
79
60
79
130
123
65
123
133
8
99
8
125
8
59
8
77
8
32
38
36
37
17
7
142
67
54
67
84
67
7
16
41
48
52
120
126
120
61
120
137
21
132
21
81
21
80
21
32
31
144
142
35
34
41
34
5
4
85
107
109
107
141
73
145
73
95
129
64
117
92
103
92
129
92
31
47
135
106
69
98
108
71
148
95
62
95
54
84
