114
53
20
19
96
86
130
61
130
104
108
88
108
110
105
135
102
117
102
103
102
129
139
96
139
69
97
86
22
18
0
68
0
94
0
127
0
121
148
58
148
56
148
112
117
118
52
13
20
13
14
82
52
39
37
9
17
65
53
65
56
131
93
15
0
15
18
68
106
68
84
116
88
58
57
94
138
94
87
55
133
105
133
84
85
63
88
114
88
113
62
65
62
58
62
76
144
146
144
83
10
12
40
39
119
101
119
120
75
126
91
92
78
64
110
111
72
54
93
108
93
141
93
70
134
139
134
93
134
92
90
116
90
111
136
138
42
44
113
55
111
82
111
113
111
53
111
112
35
50
5
17
122
104
122
120
19
21
137
141
137
70
137
71
99
140
99
100
33
35
3
6
146
119
128
143
128
73
125
66
24
6
26
5
26
16
26
4
143
90
12
8
126
55
30
9
49
36
140
96
140
97
140
98
141
108
141
108
109
89
23
13
132
140
132
100
25
30
25
4
127
96
127
97
127
98
51
78
74
122
81
66
81
73
63
119
53
52
100
136
100
107
6
9
6
5
6
16
36
137
36
128
36
125
36
127
138
72
138
142
17
134
17
90
135
85
135
67
83
64
61
57
18
9
18
19
18
28
41
133
41
132
41
124
11
15
11
12
80
102
80
79
103
95
28
14
28
7
14
21
60
146
101
76
82
76
75
27
19
27
30
27
14
27
4
59
73
89
144
89
72
77
102
77
79
145
148
145
62
69
78
69
51
69
63
124
139
124
115
2
22
32
131
32
94
32
81
32
77
46
38
50
68
50
91
50
99
50
80
104
101
29
0
1
22
86
147
86
123
147
122
115
44
37
44
31
118
74
118
123
56
126
66
118
66
95
43
44
43
34
70
145
112
114
57
87
107
45
39
45
47
121
115
79
85
79
78
79
60
123
130
123
65
8
133
8
99
8
125
8
59
8
77
38
32
37
36
7
17
67
142
67
54
67
84
16
7
48
41
120
52
120
126
120
61
21
137
21
132
21
81
21
80
31
32
142
144
34
35
34
41
4
5
107
85
107
109
73
141
73
145
129
95
64
92
117
92
103
92
129
47
31
106
135
98
69
71
108
95
148
95
62
54
84
