11876
9923
4301
11285
1953
12410
9768
7001
706
3926
8687
7226
2424
2370
9637
8514
319
11809
1620
8087
5679
1164
5822
2685
2337
1137
3712
1884
11549
2618
10015
8362
643
1475
1228
9354
1112
1106
10573
7761
11459
10252
1840
6337
6655
481
3440
4899
10379
12387
4366
7238
10409
5297
10569
3938
7716
7750
10603
10363
3587
11051
484
7098
234
8253
8144
5037
6230
4613
9116
797
2116
11546
7922
12258
8612
11806
1623
5709
5264
3759
2288
1920
5663
4525
10996
3865
2844
1089
9860
11879
4271
6971
370
8263
181
2246
3518
9142
12199
4378
1565
8309
7877
6007
10559
11473
1923
1022
4356
1909
11857
5948
2540
761
11061
10353
11762
6732
3855
6316
9030
1502
616
369
9870
3177
8924
7614
6912
3803
5143
10787
5254
1340
2501
1841
4192
7630
9806
5653
9175
3769
7331
9776
9512
3148
9205
3773
1343
3395
11122
12516
5425
9758
3207
9841
1656
9397
8196
11050
1037
10262
4114
764
6665
7848
11469
8989
7751
4487
4347
11503
12067
1921
4795
7907
8279
5513
5977
9364
4020
10944
7320
9939
1229
8352
12196
4408
2896
6611
12265
778
2335
6178
5214
7035
12472
7543
95
10810
6421
3499
2124
8282
4840
8334
100
6156
10866
321
3995
9692
1094
12486
5329
7295
4820
4646
11204
12412
8972
8945
9605
11365
3008
6527
10057
2151
6084
4480
3420
5791
4973
6517
2729
2011
1317
6392
2947
980
2291
67
5990
11642
5232
7890
5384
11088
5444
815
2174
52
12301
576
2956
7160
11013
5003
11988
5092
11660
2019
6754
4043
2978
9575
4510
4969
10046
3190
6986
11174
9093
3231
4286
4657
9002
9542
1584
10925
4596
293
6147
10283
2078
11831
6029
7693
9233
3091
6208
10631
2784
10780
179
12091
7427
1637
10212
10505
6764
3580
6033
5617
4959
9229
2197
1946
1882
4694
3338
6293
2154
7170
11843
2966
6797
2150
54
7511
8443
8383
4738
2599
5521
458
10908
2010
8110
4667
4918
4137
5874
8004
12322
2083
10847
2186
8710
11573
1093
11249
2913
11940
6166
1674
8731
10382
10442
8125
10234
8680
10856
2259
5496
1435
10000
5904
7974
8911
12264
10878
10094
2733
8080
3326
2649
9284
9332
9781
7119
4544
5682
8213
7141
2825
725
5333
4726
12458
7788
2373
8827
11355
10067
10475
3610
10398
4878
2869
1183
5914
2903
8757
2138
6281
6140
11939
10145
8422
1673
7471
5734
4856
7109
5249
7063
8901
7128
11496
2755
5355
12027
58
8169
13
2473
5698
2209
4438
8203
8589
7792
12185
724
2180
700
10172
9539
2320
489
2289
8391
3620
6785
10544
5577
10726
3624
11333
12493
6055
5607
3796
10694
10202
10515
12293
3034
9793
8173
5548
2940
7136
721
10959
1062
1
3294
8871
10667
1349
8120
4426
10918
656
7501
3689
9265
11722
7079
10423
4847
2873
11677
10738
8746
8720
1169
11936
1670
889
4908
1558
8014
8524
3267
4151
12103
12117
7287
11003
8626
11092
3987
9349
9489
10969
3538
814
2632
10439
1887
8026
3380
6065
11232
11444
11384
5088
4520
6477
5013
2215
11659
3257
4631
4161
4780
9012
1559
1583
7522
6824
1822
1348
10657
231
6218
6571
5174
5783
4399
4925
2212
272
10596
9255
11329
3526
4866
2435
8298
6601
8638
2765
7053
9523
10820
247
3744
10646
5204
11812
2859
11214
9688
4150
4810
1580
3246
1160
10840
8038
8767
9424
6507
9200
1515
7681
490
3083
11656
1885
9615
3018
3410
10031
8159
811
1748
9081
5365
1942
6388
6448
12184
699
6889
10973
10291
4022
8794
9600
6629
573
6872
7574
11425
1344
6258
9661
9502
9215
692
7486
7346
587
433
6276
5122
11971
12224
7821
3217
11513
3456
10795
9828
765
4104
7737
9068
4944
6361
9123
2157
4010
5469
5050
4418
5762
7310
3478
3121
7668
6845
7917
6199
5503
1361
1367
862
6017
4559
8319
5473
3980
12200
7280
3508
9445
9385
5061
2566
1780
4074
6684
2155
6350
6490
10335
3387
3447
3725
991
418
2999
9836
11143
5921
4787
11254
3062
6306
3833
12315
9472
7357
5635
9650
977
9816
4188
12362
7604
6902
3813
8886
2401
4495
2654
1432
9730
7706
11037
10613
7394
485
2556
1551
2697
4340
8095
10419
11297
1292
4569
1446
9106
3672
3829
11787
7082
9975
2578
5051
4603
8235
1848
10124
8695
8474
10500
10525
4996
7367
1793
5719
2664
8602
1624
9942
6586
3645
229
5843
11264
11880
12406
2127
12314
1088
3052
2125
502
508
1085
3884
1721
2324
10189
4311
7943
12225
12409
7011
5285
1781
6268
9139
8572
11810
2437
238
12082
8504
2470
9651
3595
5752
1277
4573
5459
10899
7658
9076
3702
4227
8545
11550
10005
2608
6927
6
3466
6749
5590
9058
11552
2547
6351
7676
6633
9074
10802
1295
423
1260
2415
5411
2949
1208
11193
4832
8290
12234
8725
1214
8131
2191
2175
6529
10059
7674
9700
972
2100
2727
8980
6519
9561
11401
11970
3464
4445
4385
202
11700
4812
9188
1372
3412
4472
1896
5327
9883
8813
766
11904
9495
2831
7568
3886
8506
6400
1680
2088
3497
10138
2811
5982
8833
2666
5181
7882
6584
10745
5240
6027
8476
11774
7152
4994
7433
5100
4659
11266
8458
4215
4502
6895
1054
6149
5535
9550
9010
568
11371
6111
3182
9418
7704
1707
10451
2554
7396
4967
428
10126
12507
9104
10772
4123
1263
4068
3572
4139
436
1282
4669
10220
6304
2678
401
10849
3313
1053
9834
11256
8595
8468
4703
1815
7606
10713
6799
2656
8884
2101
7162
11775
9814
9311
2597
355
11278
12454
513
2220
10931
8102
2326
1625
7993
4058
1937
3225
10073
11861
7429
821
10625
256
9227
2564
8702
10461
4076
4957
5619
6686
3545
8829
8672
4106
10450
10390
6435
10069
4946
10103
1892
12051
9992
3695
3454
7021
9551
8072
5893
2498
1935
317
9340
12475
12235
2069
2073
1427
5690
7484
7344
11308
2647
848
7576
11581
7117
6533
8045
11247
1287
32
153
118
1817
4673
3602
5318
11905
7558
2228
8645
71
6274
2708
404
11457
6339
2163
1403
7805
6838
4897
10377
8796
7183
5431
2417
11929
5830
6818
1928
7853
12177
9639
5206
3720
3746
10644
5677
8089
12298
9151
4864
3524
9743
8370
3871
10260
12037
9426
5598
2251
12272
8689
4265
11216
2237
3432
734
6965
1067
3153
3244
2399
177
731
5648
6826
3901
36
7742
5158
10885
5707
6222
7413
8481
8341
10594
1133
3757
2308
5176
10488
10348
5953
11926
5039
675
8620
7930
208
10195
8624
7775
188
2162
7325
10407
10567
5299
3589
1874
9438
11446
11386
11685
9852
8024
1400
11732
10789
9150
544
2481
1958
4424
945
3767
6498
8016
8526
6185
3638
5023
5168
10241
8744
3179
2532
11105
6671
10557
6740
3036
4081
8248
11684
9862
3794
10696
9022
5963
4200
12156
3296
5728
6920
4531
6009
1593
8307
7879
7134
7622
5115
12019
2985
9588
1161
9520
5979
7909
1590
8277
12016
11130
7863
12159
2453
9937
8987
1966
11467
3626
10724
6701
11075
8538
4349
4489
11897
9623
6415
10546
12108
2132
10270
3209
1534
11042
6955
9399
3028
3163
4255
5916
948
11494
7581
4854
5736
9715
6323
9161
8360
7312
541
69
4012
5467
9951
4724
9043
6880
12160
9592
2353
249
12247
1790
4546
7919
6197
5075
9510
6711
1843
12142
7643
6405
12471
3041
7739
1934
5130
6933
5494
2265
7976
4233
5906
407
951
1798
3219
10236
1533
10854
6164
6627
7302
9705
11983
5770
5042
4002
7958
9286
4093
3324
10096
949
8995
7359
652
12436
1814
5741
7272
9675
11023
3972
5858
11168
545
2381
1322
6342
6482
1530
4789
8221
2997
547
8006
5876
783
10228
7593
6766
11115
3389
3449
3070
6375
10531
3945
8317
1594
9642
12020
5105
2964
4557
6019
9480
7245
4696
11821
6910
4594
3911
7191
9722
11176
1791
6984
4332
2499
4284
7090
3680
7369
3731
2786
5868
7403
5717
11158
4885
10321
2954
11578
3827
11299
4567
10492
5386
5446
12332
8328
1266
5935
9950
8610
6778
674
11039
11592
12480
10044
5621
3060
2699
6756
10417
6747
7815
1511
8493
2549
6086
463
1404
11431
2517
5457
8580
11930
6808
9961
7835
671
1406
4229
10897
6929
11911
9137
7373
1642
7968
7723
8336
5760
204
3710
5216
5582
11206
4644
3135
735
184
10864
10187
6243
6154
11848
2309
12253
9537
10113
5579
251
8430
6132
6453
4116
2585
9988
1826
9366
10946
8938
2894
8167
8587
2398
8865
10673
5247
6555
10025
7107
9271
7800
9774
11318
1309
7048
12044
5308
3612
8194
2718
405
10180
2867
2267
7981
8759
1485
3273
893
5881
3303
4713
638
5278
12375
1187
6314
3269
10210
9301
1117
2932
7465
9804
10669
5256
3687
8926
7616
10703
4849
7077
2426
8112
4625
12002
10957
5609
1040
382
8712
114
227
4931
1733
449
5563
4354
11100
1032
10659
7898
7455
1856
2133
4397
2771
2640
5266
4205
4512
11240
3372
4745
11181
10994
12374
8773
3259
2846
10437
12447
7714
3198
165
5553
11966
7530
4364
6479
9020
450
11696
9408
4772
3485
3345
6101
1875
7289
170
9114
1155
3989
1264
9891
5371
626
10967
9487
9347
1752
8146
8157
2214
9356
6887
1877
10812
1497
2515
5401
11411
11969
5193
6509
1148
11699
9378
4802
4142
6071
10832
6463
8803
2857
3924
12045
9192
7224
4175
3402
1122
8769
6565
1241
2801
11327
1027
874
8855
8516
5998
4030
1308
4460
10077
10621
10465
6804
753
9223
2271
6039
4953
3541
10935
7210
11832
3006
2366
11718
6299
3221
7997
8389
8449
10717
1354
8070
6158
10868
12207
12213
682
9315
4648
2593
12302
577
8670
2262
6176
8952
11641
5222
4707
3317
8591
7964
12348
981
4677
2919
11154
11243
5864
164
8641
10582
6206
2459
4288
2739
6988
6537
7113
10760
11953
2643
4598
12421
8041
12411
830
5897
8219
863
10048
2976
7180
12190
705
5339
6774
6431
3570
8324
11086
4830
10107
3691
7025
2958
9555
7549
4916
8837
120
12269
1612
12123
2815
301
10770
3493
11164
9887
5323
5854
4736
10906
8817
115
2835
9491
1098
3560
9322
2107
495
2047
1541
11405
9565
2968
4441
4381
2723
3336
4979
1436
11197
5415
3782
11797
11628
10224
1799
8721
8135
12321
4127
11019
11633
5531
4049
2045
11375
6115
157
5009
4470
2393
4963
10455
4728
2105
7786
8660
10876
1689
3328
9099
1722
1095
7954
12078
10289
4211
6891
8962
11482
11342
1564
9239
6168
8060
358
12266
6023
7699
10858
313
5185
10741
12138
12092
7437
12430
5498
205
1697
5967
8269
4535
9374
190
8303
12195
1205
5111
1230
479
11101
6675
10272
2616
11479
4085
210
10553
1002
1016
7932
10359
185
796
306
5994
9910
11874
6181
76
3112
5027
6240
10245
12320
6642
2441
9766
2207
5149
3809
286
7228
3763
5659
3928
6100
1683
1618
3430
10998
7585
11804
1339
9165
1381
9711
6327
3779
11947
1476
4982
6951
6592
7894
4251
3167
9880
5400
173
11463
2800
5832
8983
7096
612
598
12283
760
11071
6705
10302
9627
9118
11509
6411
5519
2981
707
9404
8273
3936
5812
4368
1233
7236
11544
9933
7718
3194
7867
3875
838
9929
4261
299
3157
371
6961
12230
8892
9808
4690
11805
1338
6318
5274
9747
5673
9155
4358
7187
1655
8402
1172
5435
7857
11545
5946
3516
4376
11453
10579
11132
7801
10373
4893
926
759
824
3842
9300
2358
7771
7640
10403
10563
7321
480
10090
8934
522
12444
4406
2898
10369
10609
9984
617
4619
5957
8259
9040
7846
12194
11761
8372
2512
6722
10191
2530
8485
5703
8345
7417
9756
5669
1471
1457
1619
8198
2714
5304
7044
3753
1566
11875
4250
11314
374
9778
3146
6950
3905
7492
10881
4416
3476
10619
2202
7666
10413
5625
2458
835
2882
12361
3458
3823
2412
4563
2104
9066
990
4609
2044
9826
5931
12504
8562
6278
2704
788
6852
7554
5314
2060
3735
4881
7407
1685
8182
10325
5713
3915
2031
6256
7195
1084
5849
2316
11304
7488
7348
375
12226
11274
3290
3131
12405
12229
12163
4186
9818
8888
2068
7949
6247
2013
10183
7727
9838
8464
7377
9133
9452
898
6308
2674
10690
5453
3662
5132
11972
4579
2568
9965
7831
7260
8412
586
3960
1736
2173
10893
11998
8497
7811
6743
11668
4054
6639
3506
1730
11435
4097
11551
10982
9462
9701
6623
8454
11400
1694
4237
12425
2199
12404
4998
6937
6588
3072
12316
2303
1191
10312
4064
1647
7647
2089
142
2576
12081
6715
2061
6401
9108
3045
11519
9129
826
9047
2030
2558
9955
5463
3652
1872
7708
1158
5509
6193
3970
9414
5071
7270
1234
5802
5479
8313
3941
4553
5101
3468
19
5772
7241
12457
9056
7678
7597
1757
1145
2606
11111
6371
7656
9078
10535
11149
3102
2993
8790
1083
10134
12319
6266
8225
1445
3839
9920
877
6862
7564
4330
8991
8552
9740
5745
11027
2341
9671
3819
9184
871
11009
5375
2742
9895
810
8534
562
10728
9343
9483
10963
2493
5696
11655
491
10433
10152
11721
126
3481
5019
1959
3341
5557
4436
9584
657
6105
4201
4741
912
4858
11185
1579
1563
11498
2930
7126
8777
10396
4876
3024
7451
2775
5342
5482
6550
4393
1136
5789
8748
12270
2805
6561
8851
5164
2002
10736
3634
11323
6494
6700
7059
9529
12439
4906
11934
1668
223
10916
4428
1217
1099
2853
8807
6042
4770
4171
1560
3089
7138
5546
11415
12397
6075
3370
5197
5724
6467
494
719
3798
6130
8432
966
8244
354
8153
2165
11537
10979
6883
5405
2863
1669
1421
11935
6216
4032
1929
10598
7985
4760
3277
2909
1903
6992
5154
5243
8861
7103
4292
11748
10021
6551
10677
1350
5644
9275
7390
7450
2359
4582
352
7069
1516
8028
5086
10830
8163
12189
704
720
9434
9242
1771
1986
11608
8583
8209
8628
3360
11811
10117
9533
11339
3536
10344
10484
2581
6457
11654
6446
6386
6814
10162
4935
21
9799
5567
168
809
2466
4621
8179
7532
6834
3900
10953
12186
701
3016
7220
9305
3248
7461
9686
10429
8850
7073
5594
3683
8036
1353
10707
11222
5885
3528
4717
1578
4868
2879
3307
2622
10648
8296
8636
9428
5596
8034
3807
11731
92
10783
5147
9171
1806
5657
540
11218
9684
7335
5208
159
3748
282
10280
8634
3851
8294
112
3173
7940
5029
892
12489
9902
8798
11477
6650
6816
6444
6384
10357
6232
11065
3120
3014
12015
8267
1589
5969
6092
7873
6003
6836
5517
7903
11924
12271
5973
4791
3422
12155
11448
5084
11388
7869
9436
392
4990
6661
10486
10346
3534
7755
9872
5392
1398
9629
6600
4483
4343
11507
3203
5421
729
2792
5840
9845
5178
11527
10310
3169
1186
9393
6214
2379
9201
6828
5646
5820
907
5156
3777
3391
6329
944
12448
3298
5726
7765
6333
10577
6651
4682
8900
5544
1399
11686
12154
3038
7189
10011
11925
1865
7859
10698
1751
8246
2139
2330
6496
8018
8528
9633
8410
4904
9749
943
10734
3636
2681
5166
8083
11140
4305
9927
11281
7005
730
3159
10914
3850
2464
8683
4521
3861
7632
7124
9292
11617
11603
4275
5738
10082
6975
1251
9032
7419
6730
5918
539
2432
5667
8380
3026
10394
4874
1588
8257
12014
3628
2213
5959
4617
5033
2522
10548
1867
8536
5293
6942
11743
1766
4242
4434
9586
11689
7500
5694
10607
10367
11055
3583
4452
4663
4133
8508
4709
1849
11906
6264
12380
10136
3319
10843
161
11993
8387
8447
7515
11779
7202
9186
11663
6793
10719
7566
5525
3888
1997
63
1258
8062
9054
12168
859
12236
7999
6297
1199
8662
10501
2604
7423
10079
7654
1076
5613
5230
6037
1686
8960
10128
10063
793
11351
8823
2170
10590
10471
4066
2574
297
10109
767
9416
2821
12239
7145
8217
5899
2314
7398
5337
10752
885
8915
2737
12463
1995
11776
98
6539
7172
11268
8456
9785
1314
4822
4679
11909
3562
8735
2668
400
8121
2917
1296
8478
1735
11199
2943
222
6688
10762
4078
1190
3504
11582
8941
9601
11361
2036
10053
6523
5795
4977
6513
4056
9889
399
2658
3991
9330
7608
12050
7291
3552
11276
1055
4184
8819
1718
12052
6615
3790
7547
2676
7031
6425
11258
8466
8839
827
7697
1652
9237
3095
7439
11862
2706
5316
10635
7556
4462
4653
9097
11306
1626
1058
3235
10287
6254
10921
6143
1744
7578
2478
4047
7664
5007
8652
3474
9571
11490
11350
4414
8970
455
9064
4948
4108
9824
8052
1259
437
11017
4129
11757
876
2750
2716
1908
17
6575
7046
10653
5306
12288
603
1041
5787
4921
9754
9251
10160
12001
12046
4635
11316
4165
3144
8779
3253
1059
2164
8936
4404
6061
332
9368
10948
2239
454
2922
12357
2378
6473
5017
5559
11007
3983
7283
9986
6542
7844
5350
5490
4118
1486
5361
9085
5944
10977
55
1331
10295
6692
3087
7685
6503
5199
6469
4374
3514
11965
1391
9611
11695
1864
4762
60
451
6050
10035
3362
742
8809
8763
5258
8928
7618
12049
8440
6122
1007
9527
7057
2761
6605
5276
4040
6781
10119
8395
12511
11337
1462
11694
8148
4752
6459
7094
11964
5573
5351
4300
3196
7000
9406
3934
8207
4590
7234
7382
7442
12240
7475
9250
146
11567
1313
10679
10822
936
2848
8905
7067
2751
2242
3352
7896
11910
5268
6285
8753
2907
3279
12376
10141
627
4719
3309
10170
2877
12379
3263
472
5996
8518
4155
7540
10663
8875
7505
11780
9764
532
7212
4843
10427
9261
1310
10709
3892
9376
1601
8177
11230
243
94
8842
2630
6051
1976
2052
9358
5603
10511
2614
9797
5569
2112
11887
7956
9288
5847
11822
2890
10098
10874
7978
2332
7363
5908
10521
10238
3641
7409
12343
546
6860
670
9971
11293
8570
4607
8190
5055
8231
8691
880
7784
10617
11033
11958
2693
11690
4548
8091
1194
8499
3282
3334
12218
6637
6355
4698
12422
2543
950
4577
9460
406
12508
10226
6923
10682
8541
10001
6768
4223
5281
7729
5140
3670
7379
8008
748
12141
5878
2430
3952
4914
9655
8420
3591
7252
1528
10904
2364
4315
4734
5856
11166
11707
11713
6249
7015
7947
9049
9470
10990
2974
6758
12073
5507
7913
6841
3125
11392
7649
11517
10791
12133
9127
6776
336
11084
5448
5388
6365
7733
3080
8326
1405
2788
4239
11912
6204
10320
1529
6939
3213
11638
5866
7825
11156
240
1994
2283
4099
1739
3660
11421
235
9211
5810
9665
7262
2479
11178
3962
5780
5631
2018
11208
2063
7353
11591
11029
4491
3817
12331
1265
8338
4783
11147
5925
7966
11623
5218
3837
6174
7599
6806
8782
10331
3110
12128
1607
9912
3383
3443
3721
6013
669
8560
5477
4322
6870
2079
6088
3004
5065
9441
9732
9381
2092
2577
7820
7646
12201
676
11298
6779
8329
2467
9046
5334
11038
1869
8575
7840
11647
5282
7251
3592
1280
4543
2440
3951
2135
12442
8214
403
2698
9283
4096
5755
790
10093
2734
10002
1873
2509
10681
8542
3705
7368
2248
5903
4236
7973
3281
6936
3140
10233
511
5869
1082
11159
2914
514
6267
7969
8092
5873
8003
12165
12403
12417
9972
7085
3675
8444
8384
8692
12496
11026
4890
8232
1901
1283
10522
2137
6294
2322
3642
342
5940
2548
9945
8605
4693
9057
7596
6809
6034
6928
3055
1119
2607
4228
1648
7657
6763
4321
9000
2783
1535
9382
9442
9731
7694
3218
9234
9680
7406
6257
10284
8781
10332
7959
9094
12164
421
3722
11791
1262
9911
11173
3477
4417
7918
6753
7667
4044
1649
11120
6380
5004
3065
11014
3950
5110
5632
9475
7250
1370
9067
4492
7738
6905
9827
5383
5443
11422
1373
6875
10229
3961
5080
7261
9505
3388
3448
9212
8496
6018
6410
4974
1029
3507
5125
1900
6083
10792
424
4187
7358
2315
11203
5859
11169
6246
2096
12327
4788
7726
8333
5765
9710
7376
5213
11391
6842
7544
789
1888
5087
12109
10943
6121
9363
3199
0
2188
9409
5514
2193
808
802
2762
2465
6478
3988
7288
10116
947
12382
11504
3361
6456
4113
3537
11653
167
833
6217
7899
10658
860
4180
1932
4761
9612
12158
1577
3276
1970
6570
5362
8860
3774
10676
1010
6691
4025
3258
11095
2158
606
9687
7460
5654
6541
2635
8768
785
8923
8037
10706
3804
7613
5253
5144
152
4210
4716
4750
11235
6062
3306
8637
5999
1592
8297
2921
12018
10354
6447
6387
543
1375
1324
2182
1101
5566
9015
7525
3490
3350
11474
9379
6508
9252
12106
4922
8264
3017
11941
6052
11319
1845
2843
11580
7127
8776
11933
10205
10512
1667
1661
2719
7470
5664
7049
920
4877
5309
10397
8841
5263
8758
1692
4630
1719
2299
1065
8143
3891
8254
4614
9989
9262
1971
5578
7211
718
5697
8939
2074
12296
10364
10604
154
2408
12062
4437
1962
5556
11852
5547
3351
5196
1465
8425
1644
10142
6466
12299
10574
2590
9353
10821
12513
326
11850
5608
2128
2752
733
1068
8870
10030
6560
1999
10737
230
5352
465
1402
516
7795
7381
7441
3268
8513
5279
4907
10917
2179
225
10668
1847
6782
8806
10175
11767
2210
4848
2317
11928
4751
2231
9924
12519
12300
1643
6634
8122
6440
10385
10445
3561
4821
12469
3700
4059
3337
11196
1069
11634
7428
1356
4574
357
9335
7171
1802
11849
5618
12367
2679
12215
2822
8503
5685
4138
4917
4668
8469
10751
8836
464
10848
8050
4737
9886
11352
7944
6798
996
3883
11576
10907
11279
158
10472
8650
113
8816
11579
11309
10877
10215
320
10502
8661
592
101
8600
5844
11263
673
11955
315
12124
461
8061
2663
7436
2709
687
8473
5319
7559
4604
10068
10123
7201
8828
11846
4126
3230
2508
4451
10630
216
1166
7393
1640
7787
10614
3550
12125
8051
784
2653
11954
9189
5235
10716
3814
7603
10750
7569
12087
2204
8651
3834
6177
5095
497
4706
11253
4220
11144
6900
9572
3316
10139
2948
5540
9545
9005
10076
4461
6683
10922
2281
4073
1323
11557
10058
6528
3007
5474
7996
6518
11635
7032
9419
11782
5504
2365
1451
5896
12110
8285
1532
8730
2977
4943
3551
7292
9695
9124
11087
2134
3992
4103
1320
8975
4069
4450
4390
11514
10106
1546
4676
11362
9602
8942
6207
9500
1786
4658
6395
12214
781
6148
6536
10761
8459
7573
10974
2077
2990
7186
8793
9515
9202
12193
7856
1374
3392
11125
8249
5947
2791
4377
1004
3517
1028
5729
1813
5422
6008
11080
7878
3084
6420
9423
6662
10788
11672
10265
6960
3156
556
425
4260
11213
9871
5391
9524
7054
11968
3743
3421
5203
6499
1458
11698
4792
9746
9720
879
11727
3178
8355
3639
5169
1844
9145
3208
9757
7416
5784
99
865
5173
1193
1337
1933
9398
3029
12391
6091
6823
3147
11531
9901
6190
960
6231
5978
3852
11110
758
12285
6735
600
7908
9589
5014
1831
1715
4407
11443
11383
1025
4195
12483
5956
7847
12022
6915
11004
2075
1860
8539
9172
4348
4488
5120
8013
8523
4241
9638
6941
515
8088
2874
5026
10890
5599
9767
2521
10424
11803
11817
8688
203
6338
9031
3293
7925
11543
8615
5966
1284
1415
6839
8174
2422
10200
9291
3033
1118
2617
7780
7631
9794
7330
3862
4522
12284
599
1738
6819
10081
10693
183
3623
175
5038
11334
11282
10349
10489
1003
7097
9626
1115
10543
7810
1724
12502
478
3937
5298
12428
7237
8204
12112
2340
180
2367
2682
7866
5825
3588
9439
1617
10012
2409
1459
5649
276
7064
3715
106
856
1830
5159
8365
5733
6326
6652
10255
2904
86
4270
11873
5913
6970
3166
2298
4681
1861
1038
763
8431
4853
6324
11493
2770
10815
7066
4145
4805
6219
7897
3164
10835
4398
2906
294
12433
9624
9195
2121
11737
575
10723
11336
9620
1342
3405
10968
9488
9348
4172
3539
6041
2443
1500
8852
5089
3197
5370
6562
7864
10438
435
9407
2255
1795
8206
7452
9377
7133
11521
1797
8176
2226
245
1503
5964
5341
3019
5481
11963
2049
3793
6389
6449
6070
3375
4742
8158
11693
4202
4515
2123
979
9796
2109
6888
250
10151
8743
12032
5024
11328
12198
2876
829
4775
3342
3482
8299
346
8639
12277
5997
2741
4423
9689
12172
2858
1035
10426
12510
1716
4930
386
9260
8039
2621
8168
6060
12259
1622
5699
8023
8937
10520
2388
11892
4439
5016
8588
11006
8623
2935
9538
7462
1916
11221
5954
9987
11878
2868
7531
2717
4622
8115
10399
4879
5307
2120
7047
10593
9270
1434
5786
7414
483
7108
641
5248
10161
8715
11317
1294
7129
10919
3243
3154
11548
7078
2582
644
2153
1836
10150
6135
3688
9241
4863
3523
9744
10739
12501
7056
9526
10643
5277
4909
2760
5360
6552
7854
10022
4291
8862
11611
171
6991
7184
132
53
10976
1688
2084
18
4581
4031
2270
5549
3086
3615
6790
857
10958
12256
11808
1245
6273
7812
11624
4674
11157
2273
5718
5867
5290
7832
6534
362
5131
3661
1070
233
7343
7483
2489
2520
8411
3600
9451
5506
10418
12345
8550
10010
5894
668
2579
3132
3453
910
1608
10104
4568
5585
11516
3828
9126
6777
904
8327
6807
9725
5458
2563
12134
2609
4335
7659
10074
10898
8100
136
5476
6851
9980
6748
2006
7994
1954
12074
8561
8181
2146
2082
8240
4882
9059
8700
750
10495
10530
9813
1950
5932
8883
10188
10714
3816
3650
9833
11715
11146
4704
1883
7967
3314
9138
6269
3836
2881
6303
4124
12075
8551
9103
2167
8992
6861
9069
4606
1125
3975
9672
9829
7275
9390
9450
4419
2553
1221
12135
3479
10616
6485
6345
7703
10340
5468
3101
7669
6198
3730
7957
6259
11714
1878
5846
6628
6372
11112
1527
7242
1769
4993
5771
9645
11989
5640
7434
5102
3942
749
2233
1763
6583
4500
1924
9595
2998
8834
12445
3651
11430
9220
5801
11986
5072
11751
11625
6402
8814
1152
4189
10311
11167
2391
5857
9884
7946
4558
1609
8318
169
10800
3463
6636
1951
3509
7673
3071
4576
4005
9461
9702
10981
5045
10227
7305
11194
6850
9073
12344
6497
1197
9210
5811
12351
538
2982
3400
5167
1710
3637
5430
2491
12505
11604
5831
9926
3768
6412
7223
10301
11072
8804
3923
11045
5727
3519
4981
2085
4379
6464
6670
377
10576
8308
4252
6591
11744
6952
5194
4800
10558
4015
7315
2142
5949
8247
1587
9712
12007
12013
4616
8988
8256
11468
7849
736
1582
12153
8537
9113
8278
1677
9587
5554
4363
6641
2535
9938
2087
4409
3111
6182
10606
10366
7713
10993
10271
11102
3149
8774
3860
1325
9025
1703
813
7931
9865
883
942
9759
1385
11990
5666
5112
7625
9180
11658
3027
5564
4353
2619
930
11476
1397
10882
7745
7491
11561
10356
6817
851
11458
8266
6225
4898
10378
12424
1818
11923
6837
5597
9769
5146
1236
10704
3806
10192
6721
8371
5656
9803
6313
4530
3870
7322
7772
4714
9855
12477
728
3304
5678
11131
1938
11605
11290
3274
5708
292
1178
3841
8193
3758
7802
1595
723
5647
818
2420
11881
2389
8401
312
9773
5157
82
359
2690
10674
3776
10408
10568
3939
5516
466
7239
10020
2893
9437
11938
844
1672
1742
1794
7099
526
6454
6660
10347
10487
3435
8891
6962
11506
10114
4262
11745
4739
645
6432
10863
8130
6153
8675
6244
11277
10909
1290
1925
3692
552
12441
9995
2598
4643
2677
7546
647
8075
4919
7724
1430
8467
11995
7374
11665
2830
8042
12408
4958
9228
11360
8494
10581
8642
10480
3339
4057
3605
4976
4046
10510
2488
12147
3575
5006
10043
8592
12260
5221
7789
8951
11701
11016
2953
1087
7165
12242
9236
1433
7696
7404
11248
2707
3222
7557
14
8105
5317
1293
11307
10879
10622
9096
1927
4283
6983
3542
7118
10286
4593
2219
956
412
2648
398
8705
1504
10742
7885
97
3009
2963
431
7155
6296
2728
1411
978
1506
9580
11481
11341
8961
571
6892
7594
2301
4212
4505
6036
1955
3185
6179
298
5532
1776
1852
10930
70
10137
3498
12450
5328
11024
8386
8446
9187
7567
10775
65
2736
3323
3781
7040
10805
2205
8722
11664
1039
4094
4835
11994
8457
6028
10853
6163
4000
9321
2916
7300
4234
4815
4442
4382
6934
6209
5493
8950
11370
9610
574
1957
11597
4475
11089
3415
9492
7644
4067
2222
975
9417
434
8216
4968
9044
2343
5985
1257
1271
12337
2979
5336
4723
10678
4932
1481
8711
10165
11942
3256
1819
2849
11313
4160
11960
5303
7535
7043
8880
3754
10656
8111
2436
2713
11688
3278
7510
5704
1727
10597
5269
1100
1376
7286
10118
712
698
12183
248
3986
2931
8627
2067
9302
6458
11225
9983
8149
2625
901
8933
5882
8027
6476
2348
607
10564
10404
12295
4035
6506
8400
3611
10374
4894
11454
7982
1011
4295
1939
64
1064
916
9359
6995
2065
12104
4585
5568
9272
3308
7480
9245
5674
12220
4867
4718
3527
5273
8519
8910
12381
1347
10647
1811
3247
10708
6290
6131
8766
1128
1063
3193
11640
10949
9369
9090
2483
15
2802
9934
622
12105
5558
10300
9403
8274
2279
20
9191
7690
12294
5576
868
4119
3401
8984
11464
517
10040
6045
10727
6072
4141
7893
4801
11412
1557
1571
10831
12455
8756
4857
8435
1760
5402
8778
6610
11851
1466
10811
1142
11497
5372
12130
2745
9892
8808
12061
6580
4427
10666
3764
5259
7619
8929
4846
57
2451
10155
12474
8747
6102
4640
5993
4771
4170
3266
11182
5606
3797
3371
4511
10554
921
488
5198
12427
7137
1810
9373
8304
6468
5485
5345
2772
5775
6938
9641
7366
4997
4238
2789
6024
6587
7953
986
4098
5930
11179
10532
509
7707
11036
1653
8222
12290
605
6481
6341
2557
3105
4964
9048
2696
6759
9107
8555
11296
1057
6865
7648
5449
5389
3971
1278
237
7271
5742
5070
10223
4001
11837
5041
7598
9465
10985
7301
4226
9077
1369
3130
6926
2200
2724
1009
3467
6089
7677
1650
2546
1167
3075
1134
6370
3042
11209
12307
12313
582
6712
10315
420
7830
11163
11028
5324
2040
5853
3494
9591
3655
8339
9952
5805
9670
12202
677
5219
3457
5581
7736
8323
6360
6773
9455
11908
4549
7916
1368
9962
1464
2644
794
7114
5135
3665
9289
2449
7487
7347
9660
12097
10099
8415
12238
7979
5909
6277
2203
2414
11244
4320
11153
5863
11432
7408
10239
3216
7020
12166
419
7963
7378
4786
9837
7728
12169
12223
2885
510
8009
6307
5879
5622
9817
7356
10491
2594
6248
791
8887
3732
11792
6855
8498
8565
6016
1441
10322
8185
4699
1279
5060
2041
9224
2567
9721
11778
7192
4954
6803
3912
6769
3386
3446
4331
1536
832
6317
8529
8019
1980
9851
4280
12021
9748
12170
6980
3176
10786
3684
1460
7074
5593
6725
1216
9807
3158
8375
961
8342
8482
3299
10954
6221
12378
2194
6833
11532
6006
7876
12392
1912
7188
3039
4357
7495
7741
1114
10699
7858
6813
3902
11060
211
10343
7770
10483
1312
5958
3872
3629
4346
9534
4486
662
8895
3431
1023
10549
8584
557
5976
7906
9433
9152
2897
11671
191
8164
9777
8405
5643
2349
12451
795
5739
913
1463
5244
5153
7104
5432
7418
11135
4310
368
3206
7010
3845
9396
8197
5919
2514
2864
6884
7582
1691
8799
4011
1981
8154
8243
7311
9162
12048
4985
11041
12286
601
5968
5723
2064
6336
7760
1024
1008
6595
9429
5835
9850
8686
11219
3927
2854
10305
7227
6702
12111
9636
5815
6493
5209
3749
8086
42
5163
3633
5028
11324
4394
12460
2048
453
7621
3168
1521
2108
3023
2278
4532
5179
7340
4082
10997
1416
10275
6829
6672
9021
6328
9861
7935
119
1005
9583
4367
5296
7868
2531
12289
6645
604
3586
10434
1654
10242
7717
11070
1772
3115
2177
11389
11449
1113
10964
9344
9484
5036
1227
9117
8533
9628
1993
7609
26
6796
9183
2659
9888
3100
2351
1713
12129
12263
8818
780
10640
7563
1863
10771
4136
3181
6112
4666
3240
11372
10133
10846
10452
11259
2994
1092
8838
11574
1746
7426
1319
11198
686
4079
11345
11485
8965
5616
4501
6689
1139
7881
1879
11636
11977
5182
7151
2967
8314
4554
11844
209
6194
9413
262
5464
5981
4727
11639
2812
2383
4109
8826
10066
4471
4949
3411
2832
5800
4063
189
1638
4128
9325
10857
1700
6167
4811
5497
1202
7438
1355
9562
11402
6620
3785
12126
5412
459
3327
10801
7579
6624
8132
6430
8453
4831
6526
10056
854
6744
6516
7998
10585
4053
1639
3601
10078
1130
10894
2946
11845
7150
2264
5454
8920
11956
244
887
8509
1545
2673
8071
93
460
9134
12219
3318
4708
9790
8463
10867
6157
10718
10184
8740
8671
7022
9552
11781
4647
9991
11273
3889
6987
1175
11303
4656
4287
2235
11269
4597
11575
295
10462
8701
6146
6538
2669
12216
1181
7520
68
5714
10932
4678
7553
11959
5530
5313
8479
2703
300
8101
779
2336
121
841
10129
3824
2957
4564
10108
9312
196
7161
496
1318
5898
10414
2022
2448
3571
5225
10047
8955
7399
12
4566
11518
3826
9109
9471
772
12079
59
5447
5387
9823
6901
9128
9063
1163
5922
1610
895
7709
3473
1905
2559
4413
12139
3061
5508
10416
10540
7663
6757
11626
8785
6144
6253
8230
11177
174
4654
1301
9915
4325
1745
2787
4999
5062
2293
11985
9735
5750
5716
6589
5761
9136
11148
8337
11395
3122
3838
5217
4183
11207
6362
10186
3818
11629
12136
3469
2217
6746
6514
6720
1189
5478
3050
12268
1613
6087
7679
10054
7822
6524
1071
3503
1907
5121
12076
9960
6871
5456
3965
10896
9079
7265
2944
9662
9501
1097
11610
1131
11716
3285
5907
1631
6279
7977
6352
10237
751
1754
6626
5848
9287
5751
10685
10097
11867
3701
7489
7349
10618
12349
5466
2427
8571
9970
7255
4547
9652
11752
3955
442
6196
2334
886
3459
2573
7012
8824
11440
4312
10064
4608
11750
12514
1180
5614
2569
4578
11587
5630
7424
3051
6767
7653
2603
4556
2362
8316
12346
9053
4697
9941
8601
6638
9819
7081
3671
3740
12057
7948
6794
754
11984
5052
2371
8889
10330
6263
3920
10844
7200
2996
9839
2266
4664
241
11719
4134
6309
5877
8007
10436
3584
5693
8029
163
4940
387
61
4152
12255
8208
4433
5294
12171
2516
1498
8629
373
8872
3895
10966
9346
9486
8147
12031
7502
5034
11338
7215
9310
4873
10393
1196
1307
4396
8845
2908
10599
5267
5890
7123
7068
2847
11522
10201
2856
8684
640
8392
3249
10913
12373
10171
7990
1211
4755
10428
266
10733
11326
882
12499
8084
2878
3529
4869
9634
9280
7385
7445
7791
12000
4903
8517
10649
11670
1033
8156
10825
9357
7472
6886
8902
9798
8178
3355
12452
5543
8421
6282
6334
2810
9082
4859
7106
1246
5246
6695
1034
4021
10292
11499
7682
6213
9394
2866
639
1232
4765
10032
12478
5788
228
11612
3204
4344
4484
9536
11420
3365
11008
6080
448
3533
4117
10729
2017
9367
10947
8166
5083
6125
2503
314
5018
8586
6602
7904
5974
2425
5410
1499
7139
7874
6572
3088
6004
9900
5380
3013
10956
1741
6443
6383
2015
3799
7521
9011
4162
10978
4632
12254
6110
11231
3174
8749
11190
8633
8293
2925
7058
9528
12043
11891
11091
9683
4429
7617
239
2240
8033
8927
2780
2631
6545
10784
3686
5257
7076
3092
3003
12318
10632
4978
6014
1184
2969
2172
3444
3384
9541
9001
11380
3232
6120
4465
974
4956
117
224
4077
9226
10460
6687
6173
8655
12241
5091
7548
11702
1288
11257
4784
8055
7607
5190
2657
5231
2596
7354
353
318
1428
6391
9098
3329
160
7577
2026
2646
2820
10765
7116
10288
11827
155
11246
6169
1052
9238
10859
7698
3214
5499
6203
2840
5792
3555
11083
7734
4107
9691
4947
8971
570
1889
11410
9570
11018
646
5008
4048
2325
5420
7914
6612
4729
430
2973
8281
890
2072
2403
6422
8140
1868
6159
10869
5326
4733
8448
8388
4649
3887
10903
11999
4913
8507
11773
7142
11669
5681
10755
2169
3496
2234
4224
6924
12228
8912
9782
9331
6038
7175
429
10441
10381
8732
2544
3565
4825
46
6298
2726
3333
569
7030
9560
8218
2694
4455
10470
7783
11034
5338
7397
4966
973
10049
10940
7512
7205
12233
10127
2416
11294
2959
1904
2056
5522
2918
2667
6026
8065
11996
8477
9320
1429
11666
7364
1505
6989
11917
11903
2738
4289
8665
10211
2312
10873
11267
4599
1289
1749
10556
9295
12466
7635
2613
4359
3037
6972
10085
5604
4272
11746
1386
10697
1352
9035
10578
3297
8611
1491
7921
2462
2014
8306
1326
2525
9928
755
9763
8490
8350
4844
2471
9809
10664
3766
11720
4245
11606
8527
3264
8017
6945
737
6319
11052
3910
8754
3880
2129
10251
12188
2103
703
7762
2043
11609
5668
5917
8199
4685
9779
1990
3711
5737
9160
1046
376
8361
7233
3933
8276
5440
2327
10608
10368
12350
5821
9936
2899
7002
1998
2195
7093
5574
4618
4302
11749
3627
8986
11683
11466
8258
2434
10547
12352
3425
3747
207
5207
7590
9170
8351
5676
493
527
7752
5148
3808
11630
8764
632
10261
9427
11217
3929
187
5658
7229
467
5395
9875
1614
9842
2795
8268
11456
4373
3513
6504
6710
11882
10376
4896
178
11478
9511
1596
8797
11121
5943
10358
7843
4191
12080
6911
1562
11508
7332
9119
7284
4540
3984
4369
6474
6680
12140
1991
6731
10406
10566
4090
2159
5518
7719
4403
1235
11387
11447
3254
3143
10999
6827
9905
3778
11062
6235
10250
9753
9141
5706
11562
3756
10654
6095
931
5177
3979
9065
5381
5441
6907
7279
9825
10798
7352
8320
1329
9477
4560
2021
6848
5626
7665
3067
6751
11728
11697
3475
4782
4415
1389
11967
6489
6349
9913
12273
11171
3234
740
9218
3382
3442
6255
3916
11428
3000
8783
7196
9733
10326
11564
12509
2411
3094
9649
933
6012
3736
10634
4323
1243
2781
12515
7912
6614
5211
1240
11393
1206
284
6424
6630
9599
529
5767
1699
8331
4498
304
7732
74
469
11201
4185
5638
3212
9448
9388
3505
6081
11733
5127
11436
5794
11884
12355
1598
7263
3728
2023
6200
3963
2009
9507
5470
4009
2149
10338
9966
6877
7309
5049
3648
10190
2542
8734
10231
10528
141
5901
2020
7971
470
3283
8914
1153
6922
3707
4222
11741
10091
10683
9140
9281
5757
9784
530
3953
4541
8098
10900
7253
7144
1599
9956
2487
2183
11601
8577
5460
2198
8698
8238
11818
349
6716
6750
11885
2575
9978
12354
5589
3046
384
1984
4339
3057
10008
2605
8548
6761
10536
10420
381
7655
9729
1388
840
4691
8607
9947
9055
3830
1328
7362
2342
4570
5720
5746
11565
7514
2053
10499
5524
1174
7087
3677
934
11292
3598
739
5871
2500
8001
2692
8226
11032
6265
5288
3262
6106
4435
971
5695
12368
1513
11054
5358
4842
7213
3893
8141
10960
6788
10662
997
9896
5376
2939
3690
10148
2776
12180
8843
7080
5261
2260
828
8119
10395
4875
2758
7125
12040
2841
10207
4274
5602
11186
166
11705
6974
8719
4753
4304
5572
6139
9268
7004
10915
2454
1910
2870
10177
7797
8511
7443
7383
1755
4905
2806
5250
10735
7110
8590
672
5406
12434
10518
427
593
9351
10823
8170
6058
8427
1982
2046
11991
7764
263
11661
1510
905
8752
567
11416
9540
5545
2310
2106
6076
3619
3353
9276
4027
11558
6693
10819
139
11330
654
7986
9258
4928
2243
10839
4763
9844
4809
4149
2860
6215
6502
4111
8762
12088
2171
3535
3409
7754
9199
3363
1687
6890
1919
2485
351
6123
10941
9361
5085
6068
8160
12246
9490
9350
10970
9618
3015
12249
2476
327
10652
1911
9017
7527
896
3252
10440
6385
6445
11064
5368
11900
4936
4519
3379
1531
4779
2923
2768
8635
8295
6472
11704
1452
11237
1286
5886
22
1839
128
4400
8921
7611
5251
2637
12462
8035
651
1764
6543
11097
3982
1426
9306
7282
7334
9685
836
12157
7159
2376
356
10936
1985
7889
9608
11368
5064
3005
8948
12250
11899
6142
4071
10466
6681
2261
2042
4970
390
4509
9007
9547
12252
4652
4463
803
1704
255
11251
5924
1170
3189
7038
6175
8653
5097
2272
11525
9316
10779
260
7298
946
7601
3998
8053
6030
5237
2651
10763
3500
1248
7571
4839
10928
655
542
9664
2942
10809
6397
637
4819
6205
6512
11614
10052
7824
6522
5330
8977
2730
9556
7026
124
217
11896
9697
4101
11085
4941
3553
3419
6364
4479
5989
1987
8287
1591
12017
12003
9578
1135
2975
2385
3124
10905
43
1695
1179
2836
3881
2354
12036
9999
4735
10062
4314
11250
1779
8822
11615
7014
8679
2816
2650
1249
7120
10753
12176
8501
1031
8079
5687
9654
4915
7173
9337
302
845
1662
8136
10508
5416
9566
11406
3609
3335
3563
6354
10447
10387
4823
9230
389
4960
7785
1514
10842
7391
10456
11376
2828
1401
3579
4132
4662
4453
6116
11927
1496
7169
10478
7203
11358
5054
11768
10121
6792
8471
2600
8109
5186
8063
8128
2661
12179
732
11261
8709
5612
8663
10875
11524
10217
12039
7422
7749
10083
10691
12143
10018
2615
746
6676
9293
3031
4086
10570
7633
10410
2442
4536
1678
900
6658
11711
6229
7927
8617
9033
3291
8874
3760
5032
11982
9765
5710
7504
11288
2523
952
9859
2688
408
402
3582
1731
10246
11648
6943
5292
8011
8521
4243
2400
4154
548
12341
4683
5911
6332
10257
6284
5680
7474
5731
9166
8367
8904
3868
7586
3717
4528
12418
2387
8082
5827
3935
7235
11754
9632
3439
6706
8394
385
10541
8682
4900
10380
11460
1074
12488
3621
7095
12456
8357
9156
5972
3858
6604
7902
1605
3741
3423
1812
5201
11211
1146
5393
9873
9178
819
4482
4342
1759
3876
9421
10267
9392
7684
4375
1073
11593
11049
3202
3515
11470
2793
8990
10034
1267
1261
12333
5436
11127
4019
9084
872
7319
9940
5945
11621
11755
9517
10294
8791
8280
1407
12328
40
8310
4197
7845
10782
6668
288
6917
4405
35
3172
308
2539
11441
11381
6737
10560
4798
12423
78
6233
9029
3398
3906
12449
9869
12071
4634
87
4164
9903
9208
3145
6821
6002
6574
7872
6093
7629
5171
3770
107
1244
12131
277
9147
9755
5428
2511
8486
8346
12407
12413
4166
11315
4636
10209
3270
10163
3904
6558
10028
8717
504
8868
331
10952
8344
8484
10591
4850
2166
2297
6576
2715
777
2238
8117
7533
10670
5305
7045
11786
553
7072
2588
9985
11223
3682
1992
12465
2937
8621
12438
2368
1316
2035
1109
5610
11951
8935
2623
1550
8021
8429
5580
10036
1553
12390
2290
12211
2862
2319
4033
3617
2037
4628
7686
4583
957
413
148
10296
11789
5434
7102
5242
11643
6993
1767
9086
4293
6606
7799
5275
10641
8582
12148
8162
9154
9243
4861
3521
8760
1086
3874
347
501
6137
10179
7468
9532
3241
3348
3488
9405
2505
11842
3195
11322
2423
1363
11860
6043
3407
10721
6704
6510
1636
9197
2852
8396
6286
10837
12323
1412
8770
4147
7458
11631
4807
7895
8906
4029
10817
11491
6882
7584
457
4851
9164
7476
4748
8152
691
8433
4208
2639
7506
10962
9342
9482
1996
694
4178
8876
11598
10660
11099
2743
4421
1272
12338
3260
4777
4156
5995
908
11239
8858
11572
10244
10153
10432
8741
6568
6674
9019
6480
7529
4084
12070
12121
3791
3377
4517
5483
5343
1360
4392
7290
9375
4534
3990
1215
7131
5184
2070
6581
12281
596
4552
9647
8312
2295
7360
5773
4991
329
837
12008
1418
7955
9708
4790
3450
3390
5078
11374
12395
1185
6114
3069
7701
2992
3103
1111
10454
6487
6347
2551
5056
2331
964
3977
1866
1171
12116
6909
7277
9101
6408
6863
6020
9479
11535
8553
798
812
9071
560
6378
9509
5414
11118
7920
9463
10983
4007
10225
5047
8134
137
6622
12119
6879
7307
6356
7671
7740
3073
11657
5129
891
7248
11404
9564
5108
3461
3948
1581
11165
5855
4316
9678
3220
7016
2058
338
10313
5
2374
2834
8998
6192
5803
9656
9597
1000
5769
2814
10
3653
5462
6775
2550
5938
10182
8325
6366
2071
1021
1455
5587
3451
9554
7024
1696
4230
12026
559
6930
3126
2507
1974
9453
2256
9132
8579
2469
9666
8413
10892
7341
7481
3709
5133
3663
5452
5759
1805
4888
11155
7826
5865
11763
11679
6742
6271
11937
1671
10412
1657
1419
2883
11676
6301
7965
9831
5926
2099
1807
1750
8881
3138
9811
7089
9314
10497
2227
1157
4562
3679
7370
3822
10934
722
963
5712
5066
8183
9949
8609
2356
11300
11534
8563
12029
7818
6853
2700
12394
3059
4337
2561
7838
6805
10464
11040
9727
2028
9857
5884
10562
10402
588
6311
1192
2318
9304
8373
6968
9801
7336
6723
4268
5595
2456
3752
11794
12161
6835
12030
7808
7929
8619
5702
6227
91
5040
7747
11066
111
6815
3590
7493
4934
12484
1538
5300
363
4351
281
10198
3437
786
1756
12470
8893
7756
10345
10485
6340
2407
9435
2891
5672
5829
1366
7328
1682
7778
10888
5155
8090
8369
9640
5645
9274
8403
9771
2369
3719
12205
680
12363
10372
4892
8690
8191
3843
11680
10259
7984
417
992
11133
9846
878
11452
11129
4017
12120
7317
8245
1447
7910
9519
5980
11108
5404
5118
11414
4490
4350
6593
6074
7766
11047
5725
4983
10303
3921
9400
2474
7221
4306
8982
5833
11462
219
7006
10269
3210
9932
2804
8359
5165
3635
6188
8272
6495
12204
679
1222
5813
8302
7627
1645
4258
12083
897
6958
3025
9149
2774
10790
9027
4276
7933
6976
9867
3180
9718
11184
10991
10273
507
10552
823
3113
2537
11553
7711
6643
11056
12461
6739
4361
9585
2988
334
1539
6104
6418
3762
11795
9111
7880
6010
8535
11078
9894
5374
1276
4199
2431
6919
1737
2034
5526
1341
7565
9498
11738
864
10777
7516
5744
5239
695
914
1379
9185
4962
10135
11945
6150
8224
3187
4660
5099
12069
8728
11856
4507
11483
11343
8963
923
9549
9009
1977
10534
610
762
89
4448
4388
7157
109
2961
7887
6022
162
23
279
8289
9954
4721
12278
5987
1061
2323
3492
1364
9415
12197
2405
7146
2950
5538
12292
4065
1975
6714
8979
6520
3044
12066
9699
519
5322
11859
10060
6530
4477
3417
1014
4817
5491
2722
1804
10748
10851
6161
9323
8736
6898
4837
9786
4218
11723
8455
1468
8916
3321
3783
10807
6399
3228
5796
482
4055
1105
10583
1723
3607
10449
10389
1013
8830
12389
520
11434
11242
1554
1773
10070
3548
11790
7112
9339
2642
9964
10628
12102
96
8598
8465
6426
2675
6616
1469
221
1621
8077
5689
11275
4641
9997
11877
10861
6151
8677
11944
4591
8048
10850
3914
7194
4952
505
9222
8707
11305
4670
4140
6981
3236
10219
4281
2705
144
8648
1789
7555
11813
11807
193
10636
3734
8107
5315
6800
1378
3096
10324
2951
3698
2592
7167
11547
6438
5620
5223
8953
12386
10041
7430
5624
2468
609
924
1108
3577
9530
7060
10813
566
6699
1862
2756
650
11495
9714
11188
4855
8437
11992
11662
4769
426
6462
10833
1732
2208
10146
2778
11978
6954
5192
4254
4143
7891
4803
3403
6047
10725
11074
9898
5378
8802
3090
3369
150
6414
9193
6786
1188
10980
6108
1945
2984
9401
5356
145
2463
3191
6129
5347
5487
2221
11010
1947
6078
768
9371
5114
11418
7135
12245
1508
5408
11104
8772
10516
395
343
5020
3373
4513
6056
3795
894
12487
1297
5552
2929
5991
4773
10157
6184
2808
8745
11530
6549
9266
970
2
5790
2747
847
4425
2328
1425
7774
9800
7324
1509
3302
2627
8931
11583
6066
4712
8025
10702
9981
1285
11227
3899
1832
271
7219
873
2933
232
12244
8180
8625
10194
8849
10430
7988
10595
9256
4926
7537
8113
2711
12053
5301
7041
1147
11311
11709
9278
5562
8713
10167
2880
10884
6452
6133
2910
4759
10112
4264
1627
6964
11620
3245
9308
11706
11863
2766
56
7449
7389
649
5271
1254
7070
10645
9247
4865
1753
3525
5888
438
4587
8210
10672
4938
10829
4297
2190
6997
5366
3272
9616
11340
3613
3359
7804
4037
1706
2496
10328
474
11151
5861
7950
8
335
3738
3289
12377
8644
6275
8492
2429
340
10689
11566
9216
7345
7485
534
8417
7198
5137
935
3918
11426
12500
3667
8044
7259
236
6846
5628
3959
9457
4580
7372
1603
7722
1768
6771
6242
6434
11889
6640
8321
380
5583
1079
10796
3694
3455
1788
3726
10624
4333
6801
9968
2565
11886
9723
3544
10336
10620
8187
4610
7402
11438
1162
9446
9386
1600
6857
2402
3224
8567
1238
938
1800
4496
663
8885
9815
5636
11569
1311
133
531
10493
2887
2306
6305
8594
9835
5850
7961
471
7273
8696
2117
3973
8236
1333
11022
3048
9105
5480
8557
6718
9976
6867
5534
269
8096
1393
6483
7705
6343
2555
9958
12356
3107
3840
12047
9919
7951
8789
11150
4214
7592
6894
744
9739
909
1239
10744
3646
6585
3820
5777
4329
4995
12491
10526
9643
5807
2480
11399
3596
8228
5286
3657
9593
9042
11161
11602
5851
2250
741
2313
5748
10317
7642
9494
379
7675
9130
12359
1522
3077
1801
3465
6932
452
11520
4384
4444
4232
1390
11742
10538
9075
3969
5510
7269
10006
8546
5043
11760
7303
10221
4092
10987
9467
4003
2115
1330
8724
7862
6564
10248
8854
3780
5161
3631
2686
6491
5817
3429
2380
861
3925
9879
10307
5399
9622
7225
1056
4174
11823
11286
5837
3162
6597
4538
11510
4987
5721
2799
6656
11043
12360
11759
7313
6322
4013
8241
987
5520
4088
12342
10016
6678
9115
1961
6708
8531
12308
11756
583
8270
1334
10360
1930
6647
5022
7715
11981
2533
3117
1972
4365
3344
3484
9581
1394
11480
9863
11712
2126
4204
4744
49
7937
9023
745
9168
6239
3866
7588
10995
4526
9909
10277
11838
747
6099
7623
3021
5660
7454
5962
3810
5150
4
7497
12098
6811
10089
12132
10610
10370
7743
5438
7639
9299
1720
1075
4355
12072
4624
2502
6831
7412
9039
12237
8260
4620
6223
9176
6727
9805
5670
7464
11570
8377
2529
5591
182
939
3878
5952
1913
9158
2244
9853
1210
4249
6949
6315
3856
11913
11907
3847
11622
8195
4689
1960
5426
11137
8348
8488
1442
9930
475
5151
8864
1931
6554
10024
7852
3396
3908
9206
5641
2329
9775
8407
11777
535
7182
9431
9742
1604
2895
4796
1606
8897
3152
1078
1833
2156
3433
6666
11890
1944
10580
10481
10341
2584
9993
11271
10102
4645
9318
11619
3134
713
3996
10865
6155
8673
7296
2920
1042
10759
8461
2671
2292
2740
5892
8073
7036
1253
27
5340
7834
6532
10468
7179
636
1482
2284
8220
10587
3603
7814
4051
2396
2114
322
9606
11366
8946
11687
4829
10938
4672
3569
3312
9576
6040
10045
5227
4702
8957
4459
2428
1886
3573
11894
7028
9558
2955
7163
6300
10712
1487
2098
5934
7209
12251
2701
7992
51
2143
8103
1207
12175
7551
5311
1250
8390
8450
4884
2029
2003
8069
12495
4595
8703
10926
12035
11301
917
10072
2090
6985
11710
1121
11616
8669
4285
2176
3944
11020
11408
2965
9568
5104
7432
7244
7153
1572
2184
7883
8138
4503
8967
11487
11347
10506
11895
5418
11114
4050
394
4469
6374
5010
12034
10290
10131
2818
11529
1902
9100
1495
8659
623
3183
12174
2838
7561
8994
10773
4122
7700
8059
9674
9240
9181
4833
9704
8451
10769
3787
10803
7550
3325
11192
5495
4813
628
9327
5188
10855
11526
8126
6165
4061
1030
10476
8812
391
6404
4980
4473
3413
3559
9882
11356
197
4725
10458
8832
5983
2363
2091
9411
6118
11378
2059
5074
2826
7942
1001
5058
11354
8500
10474
2571
1967
6406
12114
4545
7257
2824
3957
5076
8573
9459
1778
2447
3703
10687
1351
10095
8419
7730
9706
5753
9285
3669
7380
5139
12210
4572
685
1420
6632
8124
11675
6250
10235
34
3287
1492
5905
7975
2275
2286
2889
9658
5875
8005
1477
10612
1423
6261
9676
1110
1851
7018
7410
4318
4602
3673
2394
8996
7083
9943
8603
8189
4695
6358
12025
9051
3946
12187
702
708
6859
7246
8569
5106
2382
1120
11116
1047
12282
6765
10504
597
2601
3053
6376
1965
7651
5842
1824
4886
11030
9737
7828
4327
5779
2785
5472
11175
9917
9668
10924
6251
8787
3063
492
7661
3128
3832
6755
3471
9574
4411
7600
3109
1544
11142
12399
3812
11800
6903
6368
5445
5385
12024
9061
561
9821
11539
5936
633
8559
968
9473
6869
3967
965
9503
7267
12115
9050
1783
6873
618
564
7836
1129
9469
10989
11536
3501
9604
11364
5068
1850
8944
6085
5123
3079
12396
7650
7816
3994
11674
9122
7294
4240
11205
11512
1561
1567
10319
6940
3136
4181
1854
1456
1020
5809
11397
5502
7034
5215
3659
5928
4100
8335
5763
4794
2445
11784
1359
7052
9522
5081
10945
9365
6127
11833
4115
6664
6470
3531
6049
2586
1548
3367
1019
5200
4767
252
5424
2277
1709
2257
578
12317
12303
6578
3082
1816
8810
6211
6697
9204
12212
4168
4023
10972
4638
8439
8866
3394
12506
6556
10026
7615
11952
8925
5255
6547
8031
2140
2633
7466
2749
9174
690
11093
1315
11002
1384
9681
5012
267
499
6608
11950
8631
8780
2927
8291
3854
982
10159
11233
1728
776
10298
5560
7523
9013
6381
6441
9088
615
10038
5782
3011
5489
5349
1936
4626
7688
11828
1681
4524
3864
10203
125
8908
2845
9792
7121
500
1895
4746
4720
12227
4206
10169
3310
7478
12122
8847
130
12473
6288
5265
10710
689
8172
7539
7456
10391
4871
3897
11571
11229
8145
10422
850
7217
8398
1437
5570
3486
3346
4431
5691
2872
2629
929
2902
8423
6654
6460
2141
254
4039
5541
3357
525
456
1549
10120
11632
7062
11785
1358
10014
4589
4299
10827
6999
9355
869
11918
7387
7447
2360
12093
4158
8202
8515
1635
7793
4901
6566
9249
10731
1474
2684
8856
323
10680
2216
4176
4757
11284
11332
7508
3280
10911
1143
10173
8878
1897
822
11841
10589
116
10110
11854
12385
658
524
4446
4386
3331
2912
3567
4827
10383
10443
925
1876
1952
9333
7177
8726
10004
8544
2304
5900
2732
10757
5284
6540
2080
5332
1855
1473
8212
5683
8505
12291
2460
4911
3594
1203
10901
201
3885
5528
9496
372
4731
4680
7518
1060
9788
4216
4710
11265
6032
3320
6896
10213
10871
213
8667
8918
258
6292
8475
2232
10524
2665
8738
8067
10746
3644
10720
1470
1857
9974
8000
8234
7207
8694
8442
8382
10125
8959
7395
7781
5229
1104
928
5536
7148
4457
10080
12064
521
8094
7440
5634
1517
11012
1383
12459
8057
7605
5233
4494
2655
8596
11255
6428
5093
8657
5002
4042
6171
6618
11949
11489
2081
11349
8969
1124
1103
4075
3546
10334
614
6685
10282
47
12065
10626
3724
1015
9543
9003
4467
9092
12492
4130
1825
3226
5798
1231
9232
7692
3001
1964
9384
9444
2971
8283
2229
2345
1827
11200
2181
7542
6844
11855
12384
2185
1018
8973
72
2093
10794
3696
3557
6436
31
4105
4945
611
11081
9693
10638
4972
2008
12101
8820
8646
6201
11946
12446
9329
3098
9890
2148
8840
7575
8046
10767
11424
9214
6393
1156
3238
3789
1380
1302
416
565
3772
11796
11068
5364
5941
11123
7870
9513
12437
8795
6599
9630
7806
4371
2797
4989
3511
9614
1540
1365
7338
11215
11502
1918
4266
10309
6966
9877
3170
5397
10263
773
5839
9425
6330
199
8353
787
3427
5819
2764
3745
5512
5205
12267
6097
5175
9848
1714
8262
4924
9751
9143
9254
1894
1096
6237
10886
5030
7939
10352
11472
12162
6825
3141
10279
9907
4401
6649
6064
12518
12400
3119
1543
11385
11445
7776
846
7326
6733
969
5652
10196
11973
7758
5142
3802
1838
11799
6913
1138
7841
5970
4193
11540
10602
10362
1424
443
6186
1275
186
4247
8525
8015
6947
6729
2494
8379
9761
7008
206
9264
2527
4308
12206
4612
681
8252
7420
506
285
5116
2482
80
5662
5960
1632
310
9037
8613
7923
7768
3295
10087
11868
6054
7499
75
290
10695
10514
2611
9297
11106
1646
7637
3035
305
38
8899
11076
10545
6784
6416
855
9922
12058
3625
83
7091
5823
5354
11058
103
7860
2347
7190
2986
3931
29
7231
2122
273
6978
9716
9750
5735
8363
12209
4278
684
1705
3713
11588
2245
2754
8409
3849
6956
3160
5915
4687
4256
10572
11139
10253
10144
7333
9177
6726
8376
3030
5651
10268
10785
7842
6544
3801
5141
1132
6189
8358
3175
11825
4402
2196
1988
3857
2924
10351
7496
11128
11063
693
2187
11599
3142
11109
9518
9590
11471
11740
572
1273
12339
7875
667
5119
6005
8540
9752
1410
8261
2000
432
1413
6124
8250
1270
12336
2989
5511
1209
4797
7905
6738
5975
8896
11596
4485
4345
11079
6419
11501
3364
6918
5730
6667
7753
976
4198
11914
9395
6959
3846
259
4259
12280
4764
11136
212
9843
5427
3205
9148
3512
1362
4372
5942
9719
5170
3771
3397
3640
192
6694
6500
9207
8406
6596
7809
3354
8618
12149
7928
4986
10571
10490
7763
10350
6335
6657
10824
41
9440
10017
5160
8085
1552
2687
2390
7384
7444
5816
9635
5650
2419
7232
1431
3932
958
2444
414
8685
4269
11915
6969
10306
1526
11788
551
7092
7003
1291
11287
5836
4754
2001
9921
4303
554
8368
6973
11824
10889
7936
4273
4527
955
3718
411
1973
3867
2612
10276
2268
5661
8844
5600
10258
10199
6840
8251
3894
1200
4611
7214
503
5035
9762
12146
3585
6820
6646
5828
11053
1969
10601
10361
2397
3116
7779
5295
7329
10845
7782
1899
629
8599
4665
11310
4135
5688
12028
2247
2710
7560
5523
5320
365
198
8381
8441
6795
1044
2241
7513
66
3229
12371
6291
2352
10448
10388
1708
5615
8966
11346
11486
6031
3549
9338
7425
2518
10507
10872
10629
10477
10902
4060
1305
3699
6439
11962
8825
1871
11357
11692
4732
10065
1489
5331
1729
7143
7254
4912
3954
2827
11678
2062
8211
261
8470
9783
8049
2680
2731
10218
10684
3786
8913
12173
3332
11280
3284
8649
9326
8733
902
8127
2911
12033
8729
1488
9420
3964
12006
2274
7264
12041
9008
9548
2945
4070
11893
6202
39
10586
6515
1224
5793
4971
4449
4389
2253
9607
11367
8947
6525
10055
9499
5238
11082
3997
849
12118
7297
2972
6423
8460
11394
5098
12426
7541
7037
6613
7570
10633
4324
446
9734
7691
3002
2032
3093
9231
10749
9190
1870
1043
4219
10927
10281
8784
630
10140
6145
870
6899
9091
3233
6398
9914
4655
9577
8956
8288
12453
5226
6172
5539
4041
2395
5001
1144
11011
12009
122
28
8978
1761
9698
2066
3012
4927
5781
9257
10655
7536
7459
648
11864
6573
6094
3255
4028
4633
6000
4163
1628
9904
4749
4209
6234
10166
6442
6382
8292
6475
2495
8632
1204
1220
5011
3489
3349
2626
1701
6067
12498
1829
11226
8032
1050
1803
9682
11001
12010
7285
9380
439
3985
770
10971
10293
9410
7528
9018
12243
4586
9083
4296
5367
6996
3200
2794
9617
10033
11584
6212
7683
6505
4036
3081
1223
4179
3532
8765
397
2638
1299
7900
11098
5394
9874
24
7051
9521
3424
2767
12054
6603
9246
6569
11238
11987
5082
8859
11585
11331
5575
2589
6046
8393
1176
2269
6787
1507
10912
4902
11901
8201
769
5357
143
10732
194
12055
10208
5280
361
7061
2757
8903
1859
1123
8436
8869
7473
842
6559
10029
8755
2307
12231
2901
10147
6283
5542
4684
1298
4432
4153
11320
1629
4244
3265
6944
7798
10156
2871
5692
246
2524
9267
10421
7503
4845
10178
7469
2720
11865
2746
5310
10665
364
7050
8873
9990
350
9034
5486
5346
8428
1256
440
4629
4872
10392
8171
2452
2418
9294
10517
7634
7122
9791
11771
345
6057
12479
10084
5605
8940
7652
3708
2602
8664
642
5758
555
7970
5841
9052
4889
8064
3647
11681
5776
866
1107
10527
537
7365
4601
7204
12012
1586
8237
5939
5053
8697
11295
8556
9977
6866
2695
4454
8097
6810
8578
6262
1734
11035
1140
3106
2497
378
10611
6780
8608
12150
9948
2545
6631
3564
3076
8330
6353
4824
7819
831
12257
4225
10007
8547
12152
6925
3058
4571
7174
7839
10986
9466
2519
9653
2490
5806
3597
3656
10754
5287
12388
941
7013
4313
11160
7941
5870
415
959
2344
3678
7088
2572
3139
10316
3123
3068
5501
6847
1501
7915
11922
5079
1414
9456
10230
3554
6908
6363
7735
9121
1725
9478
4182
11736
11511
1396
10797
1149
6409
7823
11170
12279
5860
3215
727
3502
333
2033
2305
9217
8416
9663
875
9709
11858
10764
3666
1237
11427
5136
12068
9679
9822
8054
9062
4497
3811
1690
8999
7355
135
5637
1036
8654
3831
2886
7662
7960
12276
11141
5923
5768
4412
140
4785
3472
11119
3445
3385
9508
11600
11739
3727
6379
4464
6878
10337
6252
7
5128
8186
5063
9387
9447
6856
3949
1274
5471
12340
8566
6015
7249
5109
9225
4955
11652
10463
7790
3547
867
10509
4466
10071
12383
660
11302
10627
1345
11650
3608
5312
7552
6854
2346
7991
2702
3227
8564
807
881
8184
10933
9998
2595
9313
8678
8056
11816
10711
1141
4701
8597
3311
1576
8078
2884
8656
10880
2438
264
8108
4052
10910
12181
696
8647
11245
4740
12420
4671
48
8129
8708
2645
6531
5134
11819
7115
10766
8047
3664
1518
4920
8414
383
9454
1712
8462
3578
1195
5891
2672
2829
10479
7168
9553
7023
3697
10101
2016
11272
3340
6437
3556
1102
1116
11359
8831
3495
3654
10756
2813
5804
1726
486
11726
9412
1519
7039
3188
10778
2833
8811
1666
11932
6210
9497
10314
4062
3999
1740
9881
7299
5325
12063
2725
7158
2168
4447
4387
9563
11403
257
2236
8949
11369
9609
4826
11090
3566
7888
3074
1949
8452
4508
8133
10984
717
9464
2980
7176
8727
5413
11191
4121
8554
1555
7562
6864
316
3418
9182
4478
3010
7206
10453
9579
10132
5988
2311
4965
3104
4456
659
6113
5537
11853
1242
11373
1026
10929
4217
4838
6897
853
12330
10808
215
6180
8666
5774
7431
11729
4818
220
10747
8066
5183
6025
3022
283
12311
2111
8305
5117
4533
2472
1453
9036
2051
805
5961
7850
11048
5484
5344
4410
73
7318
10086
4018
7636
11107
9296
10555
4083
11556
6673
303
2024
6187
10154
10243
5021
12248
1081
4246
9582
3859
6946
3150
8532
2744
9179
3765
2526
12086
2461
9760
8242
9717
1770
9868
12089
8434
6321
9163
1978
3399
9028
9209
7583
782
6957
4686
4257
7628
3161
37
12402
5429
2223
176
5722
11077
9621
11559
1321
110
6703
6417
4380
280
6669
3520
11465
8985
653
85
6044
1450
3632
5162
105
11975
9935
7861
2538
5950
4799
90
2987
2119
8275
275
6492
4267
3151
995
9876
6967
5396
2110
10482
1664
10342
594
2050
3873
11577
11289
5675
9244
9153
9741
9432
1983
12366
2689
9858
2410
3426
4294
7851
5433
11974
12221
6994
7748
5152
7181
3940
2201
4584
7240
2339
10019
5642
7807
4034
2054
1906
10375
4895
6228
11455
2796
6659
7100
2624
911
7777
2620
7327
1641
10565
10405
11847
3438
10197
5951
11224
5592
7534
6832
462
3755
1212
6096
5705
9770
8483
8343
12369
1512
7411
11770
591
10164
3903
6812
6236
10887
3869
4529
998
9906
2610
5623
8099
10415
7660
12297
7962
5224
12178
8954
1066
5937
619
8699
366
9060
8239
3825
5588
4565
12192
12038
9979
2038
5715
9736
4887
10323
12370
7401
3649
11
3733
4326
10529
1218
999
1568
9916
7193
8786
1168
11769
1660
6270
11673
3913
6802
595
8322
10185
11766
1663
1479
6241
6772
12467
10498
3137
11396
2510
3599
1336
7721
9135
5289
7371
10895
710
3966
4338
8549
10009
7266
2439
9963
5455
9728
12023
7837
11433
5862
11152
8491
10584
6745
757
7817
2580
3784
10686
11802
9219
6625
12090
9707
4091
10222
11429
9324
1225
1478
4231
3286
2285
6931
4190
9648
7278
3510
5852
3978
11162
7641
11560
3043
10799
6407
6713
7256
6195
5077
709
3956
6849
9041
801
5465
6348
6488
11542
9953
620
804
1454
9070
9389
9449
9830
3947
8315
5107
2372
12107
12113
7247
4555
11117
7670
10533
242
477
6377
3729
3480
7308
8964
4420
11344
11484
5048
7591
4008
10339
7952
1569
11872
2276
6260
8223
9598
2995
11021
11898
9677
5743
2361
4499
8997
5639
1616
9485
9345
10965
3408
3896
7216
3020
2057
11835
5373
9893
9198
1357
1371
5992
6103
5551
3487
3347
10435
6390
6450
6644
3114
6069
62
12329
123
12305
10818
580
8640
10274
8771
8300
4207
9
4747
11183
7934
422
8846
4395
888
8040
9259
2773
10838
4929
9372
11730
4808
7457
4148
12094
9690
2769
1182
7446
7386
5814
9402
4778
688
6567
3192
11325
8857
2803
325
4177
984
4756
5834
330
2855
12326
10304
8801
6220
9619
4984
6461
3540
3356
7892
226
6594
6073
12261
11413
5191
6885
5403
1438
10826
4518
5090
8155
3378
12494
1090
2055
5369
11134
2287
12419
4766
10149
7983
983
3271
3844
10920
8118
512
498
2865
2027
6696
8404
9273
2759
4910
8867
8718
10740
6557
10027
5245
11820
7105
10671
1439
8585
11646
5272
5359
6126
1281
8165
1747
6451
2587
1808
268
8894
5550
9535
2938
3366
6789
10111
5561
10519
11312
1547
4440
44
5700
7494
6059
4933
11834
10955
11783
7042
4627
11649
5302
3618
2712
2446
2300
3685
9269
6546
6138
1127
9982
7075
10701
2025
6724
12095
7467
8374
9303
4880
10400
2926
7130
12304
579
2338
12416
4711
1201
5883
8932
3301
775
9336
4004
8723
8968
11348
11488
5044
7304
8137
11195
3322
5417
4443
4383
2721
5799
11407
9567
5492
10446
10386
6162
10852
4110
388
4950
12464
631
9493
45
8815
11523
2837
1304
1846
9885
1782
563
5321
11961
3491
8835
9594
2333
2817
6429
7580
11691
50
4722
6619
1306
5686
2962
7435
9644
10639
5187
7610
10743
9328
3099
6021
2660
12398
6893
12490
4213
11260
11538
634
967
12372
3788
10216
3239
4080
6484
6344
6690
10457
4961
858
11377
5533
102
6117
4125
2258
12005
3974
7274
8593
218
11270
1634
10042
4705
253
3315
11607
11613
5096
2282
1213
8480
5529
1048
10494
2591
9317
2952
7519
2670
11870
10715
5236
1247
2386
1490
3223
324
10588
2206
7995
1422
445
10937
12004
10130
10467
12432
9221
9724
3543
4951
7400
2039
4592
4282
11747
2294
10623
9006
4334
9546
6982
10075
447
3693
11590
8976
10105
4642
7027
9557
5584
9696
156
6152
10862
6433
8958
8286
5228
1493
5895
7149
2375
6535
12060
2641
8043
9789
7111
8510
1045
8919
1717
6396
12481
8643
12042
3890
11241
4675
8739
8192
88
12145
10550
7803
3614
10371
4891
11451
7769
3630
1941
1702
11126
5437
7855
278
884
12497
7498
7185
9772
1408
108
9516
8356
5671
2892
9745
5740
9157
287
1823
1809
6963
3155
8378
4263
77
2504
2097
5920
6728
410
4309
3877
954
307
10266
7009
11919
6134
4279
3907
10883
8714
6979
1151
11916
4352
8408
550
8020
8530
2095
666
3751
8114
1821
3848
9146
11667
5701
11997
8487
8347
11138
7415
1198
10193
8898
9802
2934
5955
4196
6916
1268
12334
3300
33
11059
11594
10700
1072
7323
6736
6312
12512
3040
7773
10561
10401
10308
9112
7339
5180
3761
5838
843
2421
1940
1743
10247
7712
5025
6183
4774
1784
4362
5818
11829
6830
549
11069
11595
3374
4514
11390
11450
6677
1177
10551
11103
4087
10992
11753
4537
5113
6598
8301
12335
1269
8616
5965
7926
2136
1853
4988
2377
3118
6648
5826
7865
9931
1409
1525
8800
2983
8271
7222
6707
9194
6413
9625
3922
11073
1820
12144
7759
3404
11461
8981
4144
11220
4253
4804
6953
11826
3165
10834
10256
9849
409
9430
953
9167
7938
6325
8366
9713
10278
3750
10814
3716
7587
5210
5073
6191
1327
3129
5461
9045
3108
2477
5984
9957
2249
8576
6090
6369
4474
940
3414
1387
6403
7645
6868
6717
8558
1893
3047
1948
7672
7829
12275
4814
4235
11210
3462
12151
6935
738
5778
9669
5220
1017
9072
10804
3706
6621
4095
4834
5756
12485
8340
9703
5747
817
11025
613
341
2321
9673
7086
10318
2790
8993
9102
3676
10774
3184
11180
5808
11830
903
2552
5929
3658
2991
7702
12011
1585
8227
6373
3056
536
1382
12353
6760
10537
11113
10988
9468
1881
7595
4504
11682
11735
7884
6582
3078
5450
5390
5069
8606
9946
5103
4992
7154
7243
149
8311
4551
11948
3943
8418
468
5880
84
8010
3668
3917
5138
7197
8704
2562
5711
528
7405
274
10327
4883
927
104
2252
3737
8104
5933
8882
5059
4700
6906
3821
4561
9476
9812
1597
7164
6302
5627
11883
6770
10411
3066
3574
11734
9832
9458
6359
1676
11437
5126
1472
8188
6272
6741
8568
8495
6858
7813
3604
4550
7482
7342
10891
9506
2012
2152
2076
1762
7833
726
5451
9967
6876
932
10100
1395
9659
523
8074
2888
5766
11563
7725
9131
1880
9290
7375
4319
10181
11920
10240
6245
8674
7019
3452
3133
9994
2404
12274
5910
11921
7980
2583
12208
683
11228
127
214
6455
1765
3242
9531
3434
11589
10115
8399
10642
8581
1494
1922
2475
3522
4862
441
9360
8161
396
2628
4026
8909
9277
8520
328
752
2225
11866
6553
10023
1787
10168
7479
12059
5241
8863
10675
7101
1630
6289
1165
7987
2189
11717
11703
3275
7538
2861
4159
2850
339
5887
11236
1633
8022
9854
4715
1842
1051
9248
3305
2636
11869
3681
7509
1785
12056
7071
10705
360
5270
8622
8879
9307
11096
1049
7463
10592
444
8150
6224
10951
2486
12347
4038
4623
7526
9016
5565
4588
11586
7744
6998
151
4298
4937
4391
2777
8930
7620
5260
2094
1542
7624
7132
11772
6579
7453
906
4169
4639
635
10206
11627
8775
1300
9024
3792
11798
9864
4203
8438
1255
11187
4743
3483
3343
2192
5555
6107
1611
2534
10431
8742
6048
9341
9481
10961
771
4422
5377
9897
6881
11492
270
12077
10299
5407
10950
4014
9370
8151
774
7314
2178
12232
4852
9089
4120
11044
5348
5488
1979
6465
8426
12137
265
1219
10039
11417
7689
6077
5195
1303
10722
4173
11902
2118
2851
1963
10176
8805
2748
6609
7796
2807
8853
2433
11321
6563
10158
590
8681
10542
1484
2484
8200
10174
11283
4307
3879
3622
9925
2528
7007
2683
8081
11957
9159
9631
6948
7794
9780
12084
4248
2350
134
715
4016
5439
5732
2900
7316
10088
10013
7638
12401
9298
5912
1858
2492
8424
6653
7767
11046
10575
9038
11554
6331
2536
3581
10365
10605
1698
11057
8522
8012
5291
4360
919
11708
1448
8255
4615
1080
5031
4688
7626
9810
5665
678
12365
12217
12203
3292
8489
8349
10692
994
4277
3909
9026
6977
9866
3032
4523
6320
3863
10204
12312
11976
4539
5172
625
2147
1449
9120
7871
6001
11637
6226
8265
12443
2007
2798
10355
11067
7746
7720
6822
7524
1154
4370
9014
6679
4089
11475
11442
11382
1574
11234
9856
1828
3171
993
10249
11000
3853
3428
12364
12429
11094
5398
9878
5655
9173
7337
2634
10781
3805
5145
3393
1126
6238
9169
1774
3775
12127
839
12085
9908
8792
4024
7589
9203
6098
3930
9391
589
7230
12222
3201
5423
9847
4481
4341
3436
1173
291
6709
11212
1537
11505
11555
9422
7757
6663
81
2005
5515
11979
5202
2145
11793
3742
7901
5971
4793
311
2455
6427
2819
5764
12358
1377
1523
6617
7033
7545
11814
8076
3330
8658
989
5500
2211
2839
9996
1837
2230
7293
4942
8676
4102
344
10860
11943
6170
3993
8058
5797
9569
11409
6511
4975
12287
608
3606
602
10051
6521
8943
11363
9603
5124
4730
6874
7572
8139
1915
2413
4468
5419
2941
12182
697
9504
2218
11015
2970
7166
11840
9474
2652
7602
6904
743
1575
1917
3558
11252
296
816
1012
1006
9573
10459
11379
4045
5005
3064
3576
6119
10285
12310
10768
585
200
6682
8706
4072
10923
6141
1332
9095
12468
4651
806
3237
1835
12435
1792
1684
8106
10637
1346
195
1392
7695
5189
9235
11725
1520
3097
11651
5611
7178
10469
937
10050
6035
11262
4506
518
664
7421
11568
3054
30
10503
2960
7156
2406
6295
8472
10939
4828
3568
7886
25
8604
9944
2662
1796
9319
7084
5527
10776
3674
1461
1467
11724
6791
10122
8385
8445
7517
12100
4600
7392
10841
10758
4661
4131
3186
6990
2302
1556
4290
4650
4816
8123
10870
8068
6160
8737
2915
1602
716
1675
11888
9787
4836
5754
8917
8668
2735
10806
3704
11815
5986
1444
289
2457
8574
5335
473
2823
4458
7147
1665
8215
11931
8502
825
79
3882
7029
9559
533
10473
487
922
11353
7208
8821
3416
4476
10061
309
661
8751
7989
10836
6287
10143
10254
2905
8848
1091
4806
1775
4146
12167
12415
2160
3250
12262
9279
8907
2753
7065
10650
1077
10816
3714
7477
12096
2131
9352
16
4870
3530
8364
8205
8512
12517
2357
1443
5824
5353
7218
11335
2144
5571
3406
3898
9196
6783
1956
2004
8397
834
2842
9795
10513
5601
10828
4516
665
6053
4939
8030
3376
11645
5262
1440
8614
7924
1150
2506
8175
3358
8630
1968
7507
12099
10425
4758
8142
2113
10600
4841
9263
8877
9309
10661
792
4776
1777
3261
4157
7448
7388
5889
2875
12324
2224
4194
11644
5252
6914
7612
8922
11005
3368
7281
1989
5379
9899
3981
2161
2936
11839
7140
6471
6734
6109
5015
6063
6128
2130
348
3800
4637
985
3251
4167
6698
12325
12309
584
1926
11189
8716
8750
4923
9253
9144
2779
5785
4768
10651
6577
4430
147
8116
2928
9525
7055
131
6607
1693
11500
2763
4860
8354
2809
172
9362
10942
1524
11758
12306
581
6136
6548
8761
10264
4112
988
12414
10730
10037
9613
6501
3085
2280
11419
6079
7687
1651
3616
10975
10297
1159
5409
9514
11836
5363
11124
2513
9087
2254
12440
9667
9918
756
6394
9213
11423
8788
1570
899
6082
7827
9738
3211
2263
1679
1658
4328
7680
7731
9125
9694
6367
8974
6719
10793
3470
11202
3049
11515
5586
1335
12393
6843
9080
11980
5505
1891
5212
621
2355
3127
11533
7911
8332
9959
962
8284
9383
9443
11528
5067
1711
9110
2782
5475
558
624
800
6011
3381
3441
3723
9004
4336
9544
7268
11172
10539
3968
9726
7710
10333
12503
2560
6752
3835
5094
11398
11764
12191
11145
1573
2102
8229
4781
5927
367
4493
5749
5442
5382
3815
6590
5234
10496
7351
393
5000
5633
1615
8002
2691
2086
5872
3958
5629
8093
337
7258
2570
11031
6486
6346
10615
711
8233
1758
3976
1898
4605
8693
5057
7276
11871
9973
11291
918
820
799
3643
12431
1834
10329
4692
8890
138
10523
1943
9820
9646
3288
3739
476
7361
11765
1480
1890
6762
10688
10214
6310
3919
5845
9840
7199
4317
129
7017
852
11541
7945
1417
1483
1659
3
2384
6280
3593
9657
7350
7490
5684
2296
4542
2450
9596
5283
8543
10003
915
10092
4221
12482
11618
6921
714
9334
4006
4575
9282
1226
9969
7306
5046
10232
10444
10384
6635
6357
12476
2541
11439
11801
7972
2392
5902
1914
3460
1252
