380
1957
372
1957
1714
2123
1697
2123
735
2123
2555
2123
1188
2934
2025
3924
371
379
378
379
539
1189
2576
3419
28
241
3282
957
3481
3824
864
3824
3288
3824
3609
1123
1652
1123
476
1379
790
1379
428
1537
2114
2847
3031
3360
3773
1235
2673
1235
3154
2510
3546
2510
406
970
551
970
1578
2437
2509
2437
1412
1410
1269
1454
1658
1454
2601
3026
2758
3026
2053
3943
2206
2554
238
288
255
288
209
288
858
898
3378
4128
2786
4128
838
1970
3755
537
1409
537
3987
410
399
410
2826
2325
1977
3240
1562
2908
3528
3483
2118
454
703
454
1732
454
2548
454
989
454
1856
454
2566
3012
3461
1898
4078
1898
2584
1898
3462
3652
1067
3843
1399
3843
867
3843
1736
3227
2337
3227
2217
1897
809
1720
1567
2907
1566
2907
4138
4137
385
4137
2290
4137
532
538
3755
538
259
256
224
256
3984
3136
3600
3605
3961
897
4253
4269
1723
3438
2230
3438
2349
3646
2106
2438
2110
2438
1006
3762
692
3762
487
3762
1007
3762
792
3762
3859
3762
1603
3762
2364
3762
1735
720
3581
2848
2025
1538
2816
1033
820
1033
1716
1504
2251
331
3364
2221
2587
2221
996
2404
684
2494
2720
2494
3686
1684
1685
1684
959
958
3866
1394
3513
1394
181
316
143
316
2335
504
1738
504
735
1331
2544
1331
2148
1331
769
1331
2066
2033
2641
684
380
1958
390
1958
2799
3221
393
394
3445
4076
1443
2643
555
2643
3518
2875
1575
726
2284
726
653
1712
1408
1665
2426
1665
804
601
600
601
2132
2117
2146
3130
4127
3184
2273
3184
2622
4111
2590
1619
3927
3302
3135
3302
3504
2591
2596
2591
1079
712
3548
1726
836
1601
3869
1601
1655
665
2067
665
2701
665
1806
665
3132
619
1323
619
2499
619
3933
619
2860
619
1324
619
2500
3311
1002
1117
3860
1117
177
264
112
264
2776
3547
422
1174
3506
1829
1329
3787
1039
3787
2179
3520
1063
3737
1549
3737
131
132
323
1883
4059
1883
324
1883
224
281
289
281
216
281
720
3386
3388
3386
721
3386
2537
3998
3464
3998
4004
3998
2181
2174
1927
829
2271
829
2035
3887
4172
883
76
3931
3472
3
3333
2733
705
2733
1316
2733
293
249
104
249
296
249
3106
2962
3137
2984
3321
2984
410
2651
2999
3317
2917
2781
3049
2781
1303
2781
2915
2781
1532
1118
1734
1118
3951
3541
700
3700
3453
3700
2351
3700
1154
3700
2353
3700
2358
3700
84
33
1423
1422
815
416
1647
416
3093
3781
3092
3781
729
3781
2190
2522
1989
3731
1455
3731
1611
1976
3412
1976
2043
1976
2565
2118
94
213
3433
3982
3351
3020
2885
3020
3838
1416
1602
1416
1078
422
1077
422
3993
422
2105
422
4244
4203
4219
4203
3549
976
3983
2516
500
3881
3182
3355
990
480
1760
480
3125
480
2097
3764
1637
3764
1638
3764
3626
1982
3813
1982
2396
700
1359
700
3848
700
3505
1964
2808
1964
477
1480
2703
2690
455
2380
3018
4027
2876
4027
2746
4027
924
3639
923
3639
3349
3639
2752
3153
2882
3153
1591
1700
1745
2927
2936
2927
4066
982
3363
4040
1680
4040
1743
4040
1822
964
469
964
3381
2778
1636
2778
2430
1467
2429
1467
4101
2219
2100
524
3947
524
2686
524
757
524
794
524
2055
524
4074
2567
30
2265
3403
1056
691
1056
2347
1355
617
1355
3487
1243
167
129
1912
3450
3303
467
3395
467
1836
467
1424
1524
1419
1524
2447
2056
2072
2424
2694
2424
3160
2201
3169
2201
3159
2201
3390
355
352
355
87
127
1805
1191
4032
3141
3836
1166
226
293
208
293
3090
3822
1761
3822
2405
3822
990
1103
2982
1103
3128
1103
896
1103
764
1103
1608
1103
3096
468
3275
468
3017
4021
3008
4021
3442
4021
92
135
3903
3093
2849
3618
2085
3618
1478
2166
1697
2166
1561
2166
3436
2750
973
2103
2240
2568
716
2714
721
2714
2139
2714
51
2112
3922
1751
3922
3570
3922
2528
1468
3574
1468
4217
4258
4261
4258
464
996
2781
2777
2912
2777
618
1346
1299
2305
1517
2305
3736
2305
1031
2305
4277
4216
3069
2928
2907
3172
3369
3172
1674
3654
3803
1295
1267
1295
1551
1045
872
1045
619
1996
3380
346
2688
3775
4253
4248
3820
2361
3243
3063
3133
1251
2125
1251
1828
1251
1539
3006
2428
2045
4254
4277
950
949
79
56
693
2756
3365
2756
2708
2473
1891
2160
4168
2635
714
1573
1679
4102
2744
4102
9
1949
211
110
829
3474
927
3474
2325
1160
414
1160
1694
3198
567
573
3379
2913
2629
2913
2632
2913
3859
3795
3551
3795
4223
4230
4191
4230
2852
2078
3940
492
1580
3984
3147
3000
391
402
3304
3276
3112
3276
3851
3276
2568
3333
2866
340
572
1990
2485
1078
2704
2392
2460
2392
2495
2392
2156
3895
2994
3895
2861
3895
515
2682
2202
1492
1859
2859
3642
1402
3805
1402
489
1340
2718
2502
3131
990
2608
2589
2687
3087
2292
2745
3907
3304
2427
3088
933
932
933
932
4115
4099
3592
4099
700
1706
2382
1706
1964
3670
910
3670
2054
1621
3811
1763
2066
2386
2485
1077
2477
2696
2472
2696
3430
2696
2468
1486
2062
1486
3287
1486
3960
1486
818
1486
2698
706
3913
706
20
359
1932
3490
763
2663
621
3875
621
161
170
463
486
2406
3713
3262
3713
2399
3713
1439
3713
2826
3713
3323
2077
1667
2077
1624
2077
1628
2077
3192
3182
3035
3182
548
552
388
2014
2172
809
892
809
1887
809
3564
809
1813
2050
3189
3465
3466
3465
2837
1811
789
2799
2817
2799
2473
1552
633
1552
3957
1552
2109
1552
573
1014
566
1014
2133
2452
2692
1809
1325
1050
2073
1050
2448
1050
3014
811
1903
3160
526
1756
1819
1756
2886
1473
1873
1473
2582
1473
4071
1473
1
913
1410
1635
1745
1635
3782
1635
3765
1635
688
1635
1279
1635
1718
1635
1112
1635
723
1635
1002
1635
1506
1635
1599
1635
754
1635
418
1635
1168
1635
1650
1635
1596
1635
3392
1635
1065
1635
1245
1635
1341
1635
1663
1635
995
1635
3926
1635
849
1635
667
1635
3860
1635
501
1635
747
1635
850
1635
3406
1635
1099
1635
1395
1635
1440
1635
1232
1635
1558
2573
3113
756
2838
756
3532
756
1803
473
2102
3523
879
3523
1845
3523
2766
1913
2473
635
633
635
3957
635
2109
635
3626
2949
3273
2949
2776
3187
3367
4103
2228
4103
3078
3669
1975
3669
3090
502
1761
502
2405
502
577
589
3967
589
3006
2990
2871
2990
2504
1087
3980
1087
2809
3078
558
3078
382
392
1947
682
415
3884
964
859
3840
859
3864
859
899
859
581
2000
2098
2000
936
2000
59
39
2847
2402
3126
2402
3495
2402
1182
2402
2828
2402
1183
2402
2678
3544
2515
2087
2165
2087
751
1502
1555
1502
2349
2340
1211
1589
1553
1589
2431
1589
1646
1392
3841
1392
3490
3995
2513
2492
2515
2492
3316
2492
4272
4225
4192
4225
982
1859
1758
1859
1582
1859
3509
1859
1796
3784
1001
1000
724
1682
1549
3734
1653
3734
2244
2763
2245
2763
3864
1386
2356
1386
294
274
199
274
3485
2621
1935
2621
4005
2486
3859
3759
3552
3759
1694
1696
4134
1696
2159
2088
1505
1745
3541
2706
2498
2706
1185
2706
2752
3314
683
3314
2004
3703
65
4171
2714
386
376
386
2815
3077
3940
696
608
745
1089
1088
1535
2932
681
3181
3366
3181
2635
3050
3053
3050
349
3050
2815
2811
1625
2811
2372
2811
2814
2811
2015
2811
811
799
3162
3014
3635
3014
1900
3014
2885
3014
3597
3014
421
452
3598
3358
1189
2809
3887
2809
3608
2809
2006
2809
2018
2809
2017
2809
3403
2809
760
2809
1407
2809
2687
2809
718
2809
851
2809
1406
2809
611
2809
768
2809
1032
2809
2008
2809
1179
2809
3862
2809
1509
2809
691
2809
1444
2809
3289
2809
630
2809
3909
2809
1784
2809
2011
2809
2662
2809
1228
2809
3257
2809
3815
2809
3254
2809
121
271
291
271
300
271
1423
1799
1315
2552
2583
2552
1722
1452
814
1452
1927
927
861
927
348
927
3500
3499
3001
2982
1544
2982
471
3840
2400
778
2464
2964
4136
690
845
690
3887
3827
691
3827
374
380
334
3243
3081
3243
1829
1153
733
1153
2818
1153
2599
3480
2629
1927
3521
1927
3588
1927
2131
2700
3985
3940
786
3940
3964
3940
2858
3940
4012
3940
2446
3940
750
1778
3038
3426
3371
3426
1308
1690
4119
3363
2573
2480
988
2480
1577
2480
1707
2480
1614
2480
4014
2480
2169
2153
474
1380
1612
1380
839
3927
2856
3927
357
2355
4128
2243
2261
2243
3849
1219
893
1219
3306
1219
2482
2467
980
2467
698
2467
2194
2467
2729
2467
3561
2467
1513
3224
1586
3224
1266
1265
4122
1567
917
1567
1162
424
2676
424
54
3020
2191
1682
2524
944
2524
3645
2524
3594
567
561
567
2437
1201
1367
1201
1576
1424
1439
3056
1735
714
704
568
828
568
763
2141
2176
2141
1744
2141
2102
3821
879
3821
1845
3821
1090
1093
2529
1093
4026
1093
3604
750
1893
4022
1893
4022
2453
3103
2455
3103
1476
1568
3956
1568
1561
1714
2533
2468
2482
2468
1888
2468
4029
2093
4274
4199
3891
1141
3844
1141
648
3921
428
3435
596
3608
777
1750
2750
3166
2215
3166
958
1006
954
1006
955
1006
2539
2172
38
2295
4276
4275
1621
1777
2956
1777
618
2346
4216
4268
4271
4268
4215
4268
3559
1928
1759
361
3573
1305
2028
1063
3973
1063
572
2006
437
1172
2281
2251
4254
4276
4135
3045
2286
3045
4085
2996
120
234
2160
777
1753
777
2511
777
1746
777
1828
2063
3622
2063
2975
928
1875
1361
1071
1361
652
3477
2040
2665
2039
2665
941
2130
2272
2619
3591
2619
715
2619
1331
3117
256
245
219
245
3198
1643
3459
1875
804
591
1015
591
3326
3976
3567
3976
2525
3976
2993
2712
3507
2712
2197
2712
1575
3556
2783
3556
2632
3556
2457
3301
4008
3301
3634
2601
2626
3195
2212
3330
2351
1130
3910
1130
3189
4125
3466
4125
3578
1591
2535
1591
422
3876
338
875
1493
643
2345
643
2812
643
2574
2726
2503
3312
260
111
2693
2829
2886
2883
2582
2883
4071
2883
2023
3798
3076
3798
3458
3798
3629
3798
2391
3798
2324
3798
404
3987
398
3987
90
166
310
306
261
306
35
37
308
164
2122
3898
878
3898
4002
3898
3032
3174
1221
1733
2388
781
2707
781
2042
781
1902
3471
4068
3471
963
962
2166
984
2073
651
2448
651
3293
651
3141
3307
3615
3307
3157
3307
4006
3307
2721
3307
2864
3307
2978
733
3397
733
2979
733
1794
1781
1683
1962
3470
1984
3962
1651
1922
3468
4144
3468
1358
2422
2112
3542
1751
3542
3570
3542
2134
2976
2329
516
1989
516
3722
3710
1444
1522
3815
1522
185
171
697
3782
689
3782
1358
3782
599
1020
1547
1020
746
3732
3747
3732
2654
3673
1965
3673
103
104
2450
2416
3149
3981
4006
3981
2967
522
3495
522
2686
522
1182
522
2055
522
1183
522
2432
1516
2423
1516
3135
3118
105
106
618
2020
2842
3882
2496
3882
2965
3882
3023
4024
993
3123
4137
1934
1636
1934
1416
3453
2380
3453
706
3453
1219
3453
1172
3453
3477
3453
2383
3453
3493
3453
1036
3453
1581
3453
2382
3453
3757
3453
3906
3453
824
3453
459
3453
2816
3453
854
3453
810
3453
3910
3453
975
3453
3886
3453
1672
3453
820
3453
3901
3453
853
3453
597
3453
3519
3453
3486
3453
3103
2957
3896
2957
3639
934
3776
2379
2557
2189
3545
3767
2453
3767
3410
3409
3944
3409
3920
2026
1322
2026
1321
1012
1532
1012
763
2454
3995
2454
2176
2454
1760
4043
1315
1554
2888
1554
1906
1554
1511
1510
2245
2235
2616
2235
2262
2235
4019
2537
1857
1847
299
250
126
250
3902
2410
2538
325
800
1437
495
1437
1945
908
585
2012
2006
1026
718
1026
548
554
4065
2898
1578
847
1199
847
1367
847
2845
2970
1513
510
3915
510
2700
437
2136
437
1080
437
1834
437
2870
437
3324
437
4103
1908
2220
1908
1819
3651
239
205
3293
1325
4204
4188
3757
438
3486
438
3648
1907
4102
2720
1077
848
3993
848
3443
848
3938
1136
3772
3696
2666
3696
3537
3696
2246
2897
680
2897
2269
2897
3377
2897
4150
3379
1718
1438
1112
1438
4170
907
918
2538
1949
1848
2944
3761
2947
3761
1
3998
2136
2549
3615
1534
2684
1170
2684
3524
2684
2552
1494
4022
1494
1896
1494
460
1494
3769
2394
2718
2504
3719
1404
897
1221
702
1221
858
1221
1289
494
1099
494
3979
2958
88
31
1974
3657
3185
3033
2609
3033
2245
3033
792
3222
3623
3222
2445
2331
1493
2331
2345
2331
2812
2331
665
3778
1773
3778
2494
404
2490
404
2181
404
2997
404
2244
3185
3136
3120
2157
3120
3433
3120
2229
2892
4182
4184
1568
2018
1800
2018
3269
2018
514
785
3045
3339
4105
3339
845
3339
4044
1902
3332
736
3007
736
2541
736
2547
736
2551
736
2872
736
15
4166
1070
655
3800
655
234
177
118
177
1547
1018
1531
1018
1797
1785
477
1736
139
179
180
179
3981
902
4023
1655
2154
1655
1713
1655
1758
1655
2897
4107
1605
3997
2832
3084
3876
1449
1175
1449
1904
2549
2211
2549
2742
2549
1851
1839
1363
1839
1364
1839
456
1513
2035
3888
633
2413
3435
449
1709
449
1696
3462
4133
3462
3487
3548
1861
839
2171
839
2835
2973
2080
2973
2075
2973
1978
513
2329
513
2353
3788
3486
3788
2362
3738
3457
2723
942
2723
3343
2723
1086
2074
34
242
2061
2661
2833
2952
3856
646
751
646
4025
1871
2730
1871
710
1871
934
595
3334
595
2874
595
935
595
3000
3318
2150
1074
2625
2605
3560
2605
3376
2605
2035
1646
329
1595
3167
1595
322
1595
1073
871
1073
871
195
298
2127
1842
2898
2532
3437
2532
3016
2532
502
1432
1100
1432
3161
3991
2206
3991
3534
3991
584
1017
203
190
136
190
2481
3892
3598
3354
489
842
3461
4066
4078
4066
2584
4066
837
432
3251
432
2362
3719
649
2017
2226
3030
4095
2886
2049
3792
3248
3792
610
3792
3846
3792
738
3400
3401
3400
1332
3400
2014
967
406
967
2589
3431
3504
3431
1552
3925
2282
2279
2871
2133
2196
2133
1539
2133
778
2924
3799
2924
986
1640
1912
1640
1569
1640
39
2289
3843
1967
402
1967
380
1967
2355
1967
2346
1967
3767
1967
3738
1967
1321
1967
365
1967
1557
1967
407
1967
1532
1967
3891
1967
390
1967
599
1967
550
1967
3609
1967
3844
1967
3890
1967
553
1967
1734
1967
2945
1967
1780
1967
1547
1967
372
1967
1046
1967
1535
1967
3531
1967
1551
1967
1652
1967
872
1967
1657
1967
1649
1967
3908
1967
1531
1967
86
1862
1133
2020
3825
3872
3825
4262
4233
3098
640
3237
640
2604
2880
4131
3036
3042
3036
178
203
615
2427
614
3228
3234
1225
668
1225
3264
3772
3281
3772
2553
1527
3578
1527
1527
464
1869
464
749
464
4015
464
3803
3633
3419
2564
3024
2564
1876
2718
500
2335
1409
527
823
527
2380
1464
459
1464
514
528
3438
3437
17
1874
2717
1700
1730
4043
1730
1339
1730
1474
1730
1475
1730
1338
1730
882
3936
607
3936
69
2703
3112
2025
1528
4190
4211
4250
4211
2774
3370
1929
3370
776
730
1165
730
3610
2428
1597
3686
2704
3836
2460
3836
2495
3836
3492
4129
345
4129
1700
3604
1474
3604
1890
3604
1475
3604
4015
3604
2984
3126
2138
3126
4116
2231
1996
1968
1176
1968
1776
1968
1995
1968
1999
1968
389
1968
2218
321
1734
1023
1531
1023
291
282
207
282
2417
2023
2265
2774
554
968
551
968
556
1321
195
151
145
151
1931
2625
1480
1114
790
1114
108
283
292
283
690
693
2614
693
1944
3197
926
1741
2909
1741
2222
1741
1712
1150
874
1150
1948
383
3499
2114
3489
2114
3478
2114
2712
2703
2496
2703
3497
2703
1866
741
347
3475
1642
3475
2274
3475
2623
3475
2543
2483
3644
1693
1695
1693
2247
2766
3643
2766
1002
1383
3392
1383
3527
2150
3580
2150
1983
1772
2225
3352
2543
2869
33
2240
3393
2815
4093
4086
4225
4264
4193
4264
2754
1679
1624
2177
1708
3985
895
3985
1661
3794
3823
3794
4115
3516
3592
3516
952
772
2107
772
832
772
4107
4098
3178
4098
1862
2988
3776
1177
2498
679
3735
3660
3721
3660
1297
3660
1771
3660
1647
3894
1618
1178
3884
1631
3774
1631
752
1631
3856
1631
1541
1631
1511
1631
2810
1631
806
1631
979
1631
1328
1631
3857
1631
1555
1631
908
1916
3190
1916
1921
1916
2187
1090
1865
2987
1917
922
2757
922
965
922
3177
3346
3193
3191
705
753
326
753
328
753
466
476
2489
3305
143
144
3105
3100
1039
631
803
631
4055
2178
2961
3750
1926
1922
4145
1922
2474
2090
183
146
2904
916
906
916
1619
2576
3439
2576
3029
2576
1895
1753
2129
1476
3102
3266
255
247
257
247
873
3464
947
3464
813
3464
2856
2462
2618
1562
3093
1060
3092
1060
729
1060
552
562
828
562
4008
2060
340
1470
1305
1470
2563
4028
3154
4028
2212
4028
3179
3163
2199
3611
4080
3611
4088
3611
171
182
184
182
821
1508
2377
1508
3764
910
1000
910
1153
910
651
910
2379
910
730
910
844
910
462
910
2432
910
1484
910
2371
910
1752
910
1134
910
2414
910
1754
910
1417
910
2430
910
831
910
2423
910
1095
910
2429
910
2381
910
802
910
2005
910
1266
910
2350
910
857
910
3809
910
668
910
1252
910
1787
910
1368
910
817
910
1405
910
19
3305
2096
3483
2570
3030
2570
2755
2570
524
3765
4184
4247
413
2408
4176
2145
2716
2498
2123
3949
956
954
3888
1688
2365
1688
2004
1688
3707
1688
3086
1688
1329
1688
3773
1688
2021
1688
582
1688
3861
1688
1411
1688
746
1688
3085
1688
3747
1688
759
1688
1039
1688
2368
1688
3808
1688
4064
3602
3767
1398
1649
1398
2692
3106
692
508
762
508
3140
3489
1311
470
1822
470
469
470
1310
470
3072
2937
3707
2937
4241
4257
4207
4257
1097
1096
2296
1910
847
3849
1589
688
752
1954
2649
1954
3924
1145
874
1145
3450
3490
986
3490
1569
3490
3084
3072
2494
398
3314
398
397
398
4034
398
1847
2066
1357
2066
3298
2066
225
201
360
2291
2877
2993
1494
457
2434
457
2484
457
3101
457
556
2003
358
365
694
1301
1293
1301
525
534
2572
2557
2881
2557
2207
2557
2274
2255
3506
1066
3313
1066
796
1066
2344
3413
1189
1457
760
1457
484
2343
4117
3041
3600
1319
1932
4114
2266
4114
3986
2434
2852
2844
1849
1534
3100
1003
987
1365
84
120
3427
2156
2894
2760
2091
3617
67
3861
1458
759
1458
4187
4200
4243
4200
950
2558
3336
2558
3196
894
2270
894
802
1156
857
1156
3372
2904
1494
458
2434
458
2484
458
3101
458
2639
1894
1711
1894
2067
2351
2701
2351
1806
2351
2321
3655
4151
3053
1679
397
3586
397
1552
687
1967
2938
1988
2938
1749
2938
1622
1261
1540
1261
1205
507
1094
507
2198
1082
3767
1397
3531
1397
320
194
3985
2497
1160
1687
629
1687
3675
1687
3479
1687
1654
1687
2940
1687
1685
1687
922
2195
4072
2195
194
196
198
196
2778
2246
3373
2246
1730
2407
880
2407
708
4132
3377
4132
3382
4132
2387
3774
3272
3774
3099
3774
1814
1205
2395
1205
1842
2082
1091
2082
517
1507
2588
4049
1491
2688
1752
1498
1368
1498
3608
3612
2011
3612
4020
3145
4020
3145
2711
2106
3181
4095
3183
4095
3904
1072
2063
2398
2726
2163
3158
2163
3019
2163
2996
2508
2189
2508
2741
2508
2879
2508
2188
2508
1335
3928
2992
3928
3641
3928
3120
2470
3845
3630
3814
3630
938
937
938
937
1873
3601
2698
1408
2108
1570
2110
1570
2101
1570
3107
3096
3109
3096
2411
498
2813
498
3277
2954
805
1106
2370
1106
2707
2072
2707
2072
3888
3828
2368
3828
1835
1163
973
570
972
570
559
570
2777
2910
4159
1937
4270
4267
4245
4267
403
408
2348
408
816
434
3429
434
3074
2301
3071
2301
1083
844
2503
844
1810
844
766
3225
2373
3225
3153
3003
295
272
206
272
3965
557
826
557
3926
3066
1440
3066
2875
3459
3174
3459
3467
3459
3176
3459
3460
3459
2586
3459
570
1993
2289
343
2326
1291
2333
1291
3301
1041
502
1434
3577
1434
2340
2319
1984
2319
1346
2365
1507
2365
3885
2365
1427
2365
1016
2365
835
2365
3637
2365
1698
2365
803
2365
2190
2534
1133
1844
534
1255
1262
1255
1327
1557
1330
3403
2058
2041
2505
2457
1866
993
840
1343
963
1343
1855
2458
3354
1558
3516
1558
1762
3607
1775
3607
2733
1760
753
1760
819
1760
4084
1760
166
133
1943
3156
3982
904
2976
904
1178
904
2157
904
2501
904
3965
558
3401
3434
1332
3434
748
3434
916
2894
2901
2894
522
760
4076
1904
3603
1904
4087
1904
393
1938
400
407
6
2285
2261
2786
2261
2267
2261
1456
3236
3506
2053
977
1351
2660
1351
1724
497
805
497
1636
3373
3364
938
2587
938
1247
1246
514
1407
3614
2507
4140
4133
2672
3082
1913
2205
3180
2205
1645
2205
4152
351
1651
1053
3925
1053
2063
2397
2844
1195
3472
2687
2084
2687
2083
2687
12
994
1497
743
1497
3173
2741
480
483
1869
483
303
186
128
186
3300
766
1554
703
2682
1625
22
184
2773
3188
2117
2693
2020
1483
977
1483
1315
3150
2888
3150
1906
3150
964
1766
899
1766
3814
1766
665
2383
1319
3114
2641
1703
3958
625
886
3177
887
3177
4083
3177
2585
3351
2762
3351
2761
3351
1344
3885
76
4254
3
4254
33
4254
51
4254
56
4254
20
4254
39
4254
54
4254
37
4254
1
4254
31
4254
86
4254
17
4254
69
4254
6
4254
12
4254
14
4254
45
4254
53
4254
36
4254
11
4254
95
4254
50
4254
79
4254
57
4254
48
4254
13
4254
15
4254
2
4254
26
4254
32
4254
4
4254
66
4254
89
4254
52
4254
87
4254
49
4254
44
4254
47
4254
78
4254
92
4254
8
4254
41
4254
65
4254
0
4254
80
4254
30
4254
5
4254
62
4254
71
4254
43
4254
82
4254
88
4254
27
4254
90
4254
29
4254
84
4254
10
4254
93
4254
38
4254
85
4254
64
4254
46
4254
61
4254
40
4254
72
4254
81
4254
63
4254
55
4254
94
4254
9
4254
42
4254
83
4254
7
4254
70
4254
16
4254
25
4254
91
4254
24
4254
68
4254
2416
2679
1591
1869
1760
1869
1474
1869
4114
2772
3044
2772
3454
988
752
1240
806
1240
581
1815
2098
1815
936
1815
4206
4244
3754
3735
3551
3735
14
4179
4229
3608
3785
1032
3785
577
3994
2710
3545
2152
3545
2989
3545
2296
869
3843
1988
2346
1988
3767
1988
3719
1988
1557
1988
1532
1988
390
1988
3844
1988
1547
1988
372
1988
1535
1988
1652
1988
872
1988
2123
815
2524
815
984
815
799
3506
2993
3506
983
3506
1606
3506
834
3506
3508
3506
1778
1987
3083
1987
991
1987
1361
3315
2635
2916
2786
2916
350
2916
2103
576
972
576
2079
576
571
576
1101
1100
3197
3192
3374
3192
2917
2631
2969
3090
767
1576
3990
1576
1887
987
676
2922
2763
2753
3033
2753
725
2476
1689
3679
200
191
140
191
903
2100
680
3178
4120
3178
1680
3357
2061
1462
2880
2562
3484
2562
2241
2562
2949
3060
457
462
1205
3726
2399
3726
4152
2640
3628
1289
2243
3432
1839
3768
3394
3768
3838
3768
3428
1279
1667
3410
3622
3133
1928
1924
2263
1924
2210
4025
180
200
3571
2967
1914
924
2896
924
4272
4195
4201
4195
1814
1427
2836
1427
559
564
826
564
565
718
911
335
2875
2527
3460
2527
2586
2527
3962
3493
82
114
47
2225
2022
3249
2682
3771
801
1880
4013
1880
3286
2036
115
116
3174
1335
1560
1335
3770
427
1167
427
784
427
741
1718
3963
1718
3475
1564
1681
1564
4246
4187
1882
2464
3402
880
1846
880
4017
880
2428
1036
2038
1036
2910
3369
3634
4036
3134
2112
2346
1126
1046
1126
230
313
263
313
4089
2730
871
428
1073
428
1530
428
3525
428
1075
428
2491
428
1703
1717
62
4174
2537
3614
3416
3614
4004
3614
574
2126
3114
1112
3270
1112
913
2528
4273
4212
1422
1428
1095
1428
1568
717
1403
1231
1175
1231
987
774
2441
2968
3091
3777
1639
3658
261
226
311
226
207
121
1632
1774
1772
2321
2764
3023
906
2902
1639
3663
4169
4156
3496
1892
2145
2120
370
2120
2748
3018
2741
2736
2879
2736
4085
2736
351
4146
4147
4146
349
4146
352
4146
3500
3478
1792
2655
718
1120
2008
1120
2539
892
89
45
3371
4110
3386
3194
1573
3194
1572
3194
2253
3194
2787
3194
2636
2785
385
2785
3409
3396
2193
973
2186
973
2183
973
2165
2513
1414
1413
3346
3988
1082
3988
2545
3988
3152
3988
3341
3988
4013
3988
2827
3897
929
2449
3117
2084
2825
1549
3854
1549
2137
2839
2592
3461
573
1973
3761
1973
1017
1973
2342
1973
3889
1973
977
1973
1173
1973
381
1973
2660
1973
1546
1973
3499
3529
3489
3529
3478
3529
193
158
128
158
182
150
147
150
2123
413
1492
413
2204
413
1670
413
3843
3797
3531
3797
2981
1084
3989
549
411
549
1469
3308
2196
2871
2196
2871
470
3074
3892
1661
2679
1661
2036
1661
719
605
598
605
894
1723
3452
1723
3853
1952
1919
2595
1902
1605
946
1605
1334
1605
848
723
53
3798
661
2803
2646
953
952
2361
3753
1548
3753
599
1030
1652
1030
1924
886
4110
886
2189
3992
2173
3992
2734
3992
234
215
119
215
2712
2842
563
1532
808
3866
485
2432
663
3891
576
2030
3363
1886
1680
1886
1743
1886
3170
3017
1560
3467
2004
3709
3773
3709
523
532
464
3966
1360
3791
3839
3791
347
2259
3703
3418
2661
3418
3758
3418
3725
3418
2357
3418
2971
3256
3132
2022
2860
2022
3477
3760
3519
3760
579
1016
490
1738
2753
1315
994
1369
1788
1369
1172
520
1781
520
724
4044
3648
4044
2970
2016
3932
2016
3946
2016
1785
1022
2384
1022
3547
2887
3397
2420
2979
2420
1333
738
1372
1520
3939
1520
368
369
2454
3495
2014
1960
2013
1960
564
704
1712
1149
3513
1149
3087
647
1228
647
454
484
485
484
961
960
3021
4023
4037
4023
3175
4023
3911
3113
483
1704
984
1647
2527
1647
3978
1647
3641
1647
985
1647
1815
2384
4028
2149
3572
2694
1486
1484
949
3454
4081
3454
4075
3454
2216
2199
634
1648
3440
3439
229
305
258
305
486
1209
1627
1209
123
315
233
315
1898
648
2201
648
3332
648
3007
648
2691
1211
67
36
3517
3650
2474
737
1414
3242
2753
2888
1991
1132
1059
1132
4102
4097
1717
4097
223
246
220
246
772
1737
3100
1737
3941
1737
3400
2710
2614
2754
2600
3362
2865
2132
2867
2132
1873
2132
4051
2132
179
268
137
268
2287
344
3077
2801
3771
2801
563
1994
421
843
3806
675
2065
1791
3459
3004
1537
433
816
433
4069
3337
3555
2865
589
1344
595
1344
3959
994
3294
2819
221
99
2556
791
8
97
3762
1675
756
1675
473
1675
452
1675
1737
1675
994
1675
526
1675
1980
1675
3754
1675
762
1675
998
1675
1102
1675
758
1675
1269
1675
2019
1675
1633
1675
743
1675
3552
1675
3623
1675
1203
1675
2813
1675
3551
1675
1658
1675
771
1675
662
1675
2136
1843
2131
1843
3456
2533
3781
3470
573
3470
2014
3470
1017
3470
1648
3470
789
3470
3889
3470
977
3470
825
3470
381
3470
2374
3470
1666
3470
3872
3470
551
3470
3255
3470
3801
3470
3869
3470
1212
1433
501
1433
2728
2164
577
3999
3141
3980
3615
3980
4006
3980
2177
2716
3323
2716
2531
2716
4150
2629
839
3127
3737
3702
3905
3702
1924
3038
3723
1164
3329
2722
1304
2722
976
3711
2026
3711
528
3711
1060
3711
2034
3711
1590
3711
751
3711
600
3711
1485
3711
3253
3711
1783
3711
1015
3711
3839
3711
11
3291
2953
3240
3665
1427
3665
1016
3665
582
3665
2380
512
3906
512
2500
2972
2627
4122
3897
1526
692
1526
1505
1581
1366
2054
1623
2054
739
2054
1341
3674
667
3674
1598
3674
1395
3674
1634
3674
2092
2426
1826
2426
4225
4256
4193
4256
1923
3037
3566
3331
594
2010
4250
4218
217
284
115
284
2456
3300
3124
3300
1840
3300
2459
3300
2177
1851
3323
1851
2531
1851
3131
3128
515
526
3976
1512
767
1512
827
1512
1421
1512
1992
1054
1995
1054
571
581
2104
2412
2095
2412
2461
2412
2003
1010
1998
1010
4251
4246
3540
3755
1190
3755
3315
851
1401
851
2517
903
1281
2941
402
966
407
966
312
310
232
259
2243
1903
2594
1903
2895
1903
1851
3522
3432
2893
1683
1966
3850
3717
3766
3717
1480
3405
964
3405
468
3405
502
3405
3784
3405
3840
3405
1513
3405
476
3405
1343
3405
1100
3405
532
3405
843
3405
3755
3405
3916
3405
488
3405
1242
3405
1441
3405
3845
3405
3864
3405
481
3405
1409
3405
1187
3405
899
3405
1204
3405
491
3405
3814
3405
1171
3405
961
3405
1586
3405
790
3405
3577
3405
3915
3405
823
3405
1197
3405
2202
2550
3117
2083
1528
3446
3447
3446
690
3638
3537
1450
1664
1450
598
3920
3632
2339
1191
1414
1190
1414
3514
1414
2241
2768
4001
974
895
2514
2141
3947
80
102
3772
450
3779
450
2051
3820
2031
3820
3914
3820
1084
1083
3300
3487
412
414
915
3052
2637
3052
3078
1974
2341
1974
534
3223
1268
3223
1162
1229
1403
1229
2409
3847
3605
477
888
477
1866
477
4162
4151
4166
1917
3520
2986
3953
2986
2546
2986
844
2930
3809
2930
3599
4056
4082
4056
1923
3364
2597
3364
2236
4141
328
4141
4005
1477
1934
2275
3591
2275
2219
2577
1559
2577
2288
917
1779
3244
351
2285
2640
2285
3051
2285
1935
2285
2017
3619
3289
3619
1593
4042
745
1390
1047
1390
95
4119
1680
4034
2490
2562
2176
728
1002
3917
1002
1818
1002
2454
2400
1182
2400
2439
2400
3119
2400
3115
2400
3391
3941
48
918
944
2578
783
1500
782
1500
3095
2342
1899
1478
379
390
3482
3481
2096
1176
1843
1176
2094
1176
585
2002
1946
680
3045
3375
2239
1918
1824
3841
1660
3841
3871
3841
50
998
478
2019
478
898
500
897
500
1103
500
702
500
2527
2992
1001
3073
2400
2371
2407
1724
3153
2181
1894
2181
3156
2181
1717
2181
2638
2181
2621
3452
2620
3452
2270
3452
3041
2767
3040
2767
1584
724
4117
724
1307
3162
907
4108
2904
4108
2224
4108
1536
3543
2393
3543
3089
3543
3808
506
1168
445
1232
445
3184
3180
4218
4190
4262
4190
2118
1098
989
1098
2479
1098
584
835
1219
3783
3886
3783
597
3783
330
686
3186
686
3186
686
1172
3733
1672
3733
1849
1170
559
563
826
563
1696
3199
2269
396
708
396
3784
1445
1171
1445
517
1506
3069
3672
3315
1835
581
2098
581
2098
801
2545
1927
2247
2626
2247
4158
2247
1813
2406
2142
2496
3970
2170
2189
2463
2483
2463
1545
2463
2724
2463
2173
2463
2734
2463
1656
3883
3675
1686
3676
1686
3104
1396
1564
1563
455
3108
4165
1923
1746
3134
815
1068
2412
1789
3959
1752
430
3524
429
3524
3476
3524
3984
2157
4227
4223
457
1659
301
175
124
175
2124
2068
924
923
924
923
2848
752
3120
752
2053
789
3902
789
1528
659
3650
659
1153
1157
857
1157
1153
1158
2414
1158
1842
456
1092
456
509
456
1816
456
827
456
1091
456
847
773
1850
773
2709
2067
3973
2821
2163
2158
2418
1456
2839
1773
3310
1773
2442
1773
3171
3024
3171
3024
982
2556
1582
2556
3509
2556
1068
1067
3456
2482
3003
3586
683
3586
1926
2609
3399
4139
3302
3107
1693
1692
4157
1692
354
1692
1737
1382
998
1382
3087
3704
2397
3704
2052
3704
1801
3704
2510
2702
1186
2097
4154
2248
2016
1599
455
692
2250
2611
371
382
378
382
2016
2936
3133
2980
2125
2980
585
599
3150
1097
2732
1097
3319
3313
3319
3313
831
496
2005
496
1494
463
1879
463
3822
1108
842
1108
1979
545
2338
545
400
406
2671
1463
2021
1463
2533
3983
1888
3983
2729
3983
2444
2686
2401
1496
701
3170
2586
3170
3546
2563
3692
3671
1630
3671
3636
3671
2711
2108
2696
2396
2164
2506
1758
2506
2161
2506
981
2506
3928
2445
413
2445
2465
2445
1069
2445
2
238
2208
3334
2677
1247
3300
1406
2832
3098
2850
2835
2874
1545
169
291
3474
3473
557
2659
2570
3157
1886
2134
2559
2134
1410
2923
1745
2923
2754
2752
336
2789
1964
3668
651
3668
1484
3668
1754
3668
304
302
1747
1134
3247
3068
3623
3068
170
219
313
219
2030
1024
3857
1024
2093
556
928
556
2449
556
3965
556
1648
3067
3934
3067
3541
821
679
821
1185
821
2614
4105
4121
4105
169
217
228
217
2420
2024
625
3677
1966
3677
503
3677
1588
3677
3144
2456
2619
2773
2256
2773
3895
3758
2843
3758
2977
3758
2087
1556
2470
1821
2854
1821
2574
3158
3999
936
746
1248
2047
1248
1542
2599
2268
2599
698
980
698
980
1677
3359
3554
3359
2238
3359
3108
3097
2375
1702
100
227
1836
2692
832
2107
832
2107
4248
4186
1346
1482
2664
1482
1968
3714
3446
3714
3449
3714
1969
3714
731
3714
3448
3714
2611
1609
2232
1609
3472
2382
2084
2382
2083
2382
2060
611
2457
611
2974
611
3961
702
4160
1936
1107
1980
1281
1980
2667
1980
1788
1980
728
3303
728
3303
61
4175
480
482
1869
482
2486
609
1477
609
2463
609
1312
609
1340
1107
3821
1611
4017
1339
1557
1052
3908
1052
412
2414
2012
1768
1815
1768
509
1514
1816
1514
1421
1514
856
4047
893
1550
3306
1550
2467
2450
2737
4020
4039
4020
3952
3083
3399
3415
3283
2052
338
339
3500
3498
2505
2974
415
768
2716
514
2981
514
3951
514
3475
2229
1681
2229
411
550
2508
3956
164
278
205
278
258
278
219
168
98
168
289
168
3503
3576
54
4161
79
3353
3457
866
1986
2276
1930
344
2917
924
577
923
577
2162
577
3349
577
1804
3856
1812
3856
781
1285
1426
1285
2859
2477
3539
1577
2408
3763
773
3763
2032
3763
1419
3763
4040
986
3768
1275
1262
1275
4062
930
1579
1578
1401
1400
2538
4041
4057
4041
1082
2478
2545
2478
4013
2478
2143
2500
473
1342
1737
1342
993
992
3949
3942
2968
2390
2972
2390
2830
2390
3032
3176
650
1490
1085
2680
605
3609
399
400
391
400
3307
3482
1402
2918
3253
2918
1797
578
2288
342
3962
1992
1674
3653
2962
3842
3407
3842
2823
3842
480
490
1103
490
811
3002
423
1181
1163
1162
1400
1162
1855
1162
57
1707
767
4014
767
2981
767
4011
767
1372
1371
107
108
1545
2724
1545
2724
3966
3451
2468
2073
2193
2162
2210
2162
2186
2162
4089
2162
2183
2162
1976
1767
1982
1767
1736
1767
2335
1767
2343
1767
427
1767
2655
1767
3074
1767
1738
1767
3073
1767
3842
1767
3241
1767
474
1767
1978
1767
2329
1767
2805
1767
2336
1767
2942
1767
1612
1767
1989
1767
2326
1767
2333
1767
800
1767
2327
1767
2328
1767
1979
1767
2332
1767
2337
1767
2338
1767
1455
1767
3071
1767
495
1767
860
1767
3997
1073
1892
1073
1337
1073
2120
371
4124
371
377
371
2119
371
1536
2004
2393
2004
3089
2004
3778
2791
80
48
1251
533
814
533
1063
865
2408
865
766
865
3244
865
773
865
821
865
1181
865
1426
865
1037
865
805
865
2032
865
2363
865
2378
865
699
865
2668
865
841
865
2373
865
3289
1801
3004
2994
2568
819
705
819
3805
2843
1191
2675
3540
2675
1190
2675
1614
1533
473
1004
1006
1004
2488
2433
1503
2344
886
801
887
801
4083
801
3563
1865
3749
1819
2150
722
3493
3880
3910
3880
1792
1716
1309
953
1864
953
2824
629
2834
629
2685
629
305
255
308
255
1646
1127
2372
1127
608
1038
1915
3164
4074
3164
1803
3899
3067
3780
2939
3780
3054
716
3884
3730
905
3730
539
1722
2577
3527
1541
1953
2034
1953
3857
1953
3088
3701
3267
3701
2820
3701
3018
2127
4052
2127
3514
3540
3256
3712
2950
3712
3698
1629
1748
1629
3043
3183
3562
3183
681
3183
712
3799
1789
3799
2367
3799
3974
2038
3511
3010
2137
3310
4181
4266
4222
4266
2966
2037
2855
2037
812
2037
461
2037
4027
2851
2484
2851
4175
2128
2215
2526
3166
3332
2374
1972
458
1426
4127
4123
2273
4123
4176
3054
2760
2581
1492
412
3459
412
2550
412
1671
412
608
1037
1060
1128
1485
1128
4252
4272
4252
4272
4191
4272
1837
972
1881
2512
2077
1412
793
1412
1441
426
3845
426
1942
1941
1850
893
4252
4205
3337
1893
2878
1893
951
1893
2957
3707
652
3469
3143
941
4146
3521
3647
3521
1093
2966
1929
2903
1049
2315
617
2315
768
420
1228
420
2883
2738
2907
3484
950
4081
85
123
2045
2369
3610
2369
1542
3635
4269
4219
2956
1259
1540
1259
1491
3844
211
260
105
260
329
3022
1920
3022
2554
3408
3161
3408
3534
3408
4091
887
902
1420
3422
1420
1616
1420
313
309
97
309
259
309
1897
2520
3010
2520
323
2520
3955
3944
1628
3944
4076
1887
3172
1887
3603
1887
4087
1887
3345
1887
4065
3016
19
77
383
384
1553
694
2959
694
1189
3220
1406
3220
2056
2960
13
2667
3247
2033
3823
2386
3823
1798
3823
1736
1113
3073
1113
4032
3149
1112
1384
3392
1384
1747
2647
3986
2484
3644
1694
1695
1694
3585
1694
361
3367
3194
3367
3193
3367
3190
3367
3387
3367
2487
2704
2489
2113
3945
3923
2223
2209
437
3626
2509
1199
1585
2648
3850
2648
1904
2211
1904
2211
4162
3378
232
222
2194
1888
880
754
18
2402
3241
59
1844
3296
1617
3296
4053
710
1796
3779
3977
888
3935
1754
3138
3132
4042
1710
1317
1710
330
3361
3186
3361
2232
3361
734
2737
2976
423
1178
423
3975
423
2501
423
1362
423
1081
423
1093
2855
2611
4144
1920
4144
2242
4144
2264
2244
231
225
2594
2585
2895
2585
2845
1423
2071
1423
41
4154
2182
2523
1910
3338
13
1945
2375
1154
2366
1154
3885
3790
3637
3790
2625
2906
333
2906
1925
2906
3047
2906
607
3549
3375
3193
3200
3193
3383
3193
1085
2963
3771
3739
3847
3739
1626
3739
1627
3739
2573
1896
1533
1896
2430
1110
2005
1110
1007
3789
1633
3789
662
3789
2519
2154
2318
3664
808
3890
4101
945
2565
2732
4208
4217
2591
3028
2591
3028
1040
3889
3268
3889
877
3889
3325
3137
3640
2639
1860
896
2711
2110
3810
2795
974
3138
711
3138
2175
3138
1066
1064
2132
882
3143
882
3034
3027
3031
3027
883
861
3379
861
1692
861
2106
2436
2108
2436
1571
2436
3522
1805
1363
1805
1364
1805
1685
3675
1640
2846
3137
2846
2069
1536
3108
2671
3114
2064
992
2064
3014
1882
1753
1882
1891
1882
1396
3754
2024
3754
1061
3754
4202
4182
489
805
3573
1861
2866
1861
1882
3319
3768
536
1415
536
461
1094
3764
1956
1266
1956
492
3718
785
3718
1490
3718
2377
3718
2510
713
2149
713
3923
713
3536
713
3320
713
1878
713
701
3460
241
198
1564
2749
2613
2749
2113
2094
1470
956
3308
956
2358
2642
3901
2642
713
3104
4023
1713
4023
1713
1243
530
3916
530
307
294
122
294
1688
1977
4100
1728
3893
417
1069
417
3553
417
3373
3372
2088
2032
2433
2032
1831
2032
95
359
1050
3816
1661
3816
3347
4080
978
977
2696
3494
3848
3494
1880
2517
3144
2517
3310
2840
3596
2215
1677
2215
3554
2215
3139
1530
1613
728
4138
2269
3975
3417
3148
3417
3482
1417
864
1417
1221
2430
909
2430
86
125
4227
4220
2022
1032
1802
1032
2696
1359
2549
4006
1662
3916
3010
4045
2209
4045
2605
950
2906
950
4
230
368
914
3353
2574
3025
2574
1475
1474
1475
1474
1473
3455
4192
4193
1037
1950
2378
1950
841
3229
908
1914
2234
1914
467
474
3799
2311
1664
2311
3019
3013
233
160
124
160
254
160
253
148
3280
2049
2513
3411
2515
3411
3316
3411
2000
2309
2002
2309
2038
1049
2369
1049
1279
1299
2656
1299
4043
3402
2126
2116
2126
2116
3687
890
1634
890
2026
1122
600
1122
3872
3613
1546
3613
1818
727
1088
1418
2680
1418
2963
1418
2595
2764
1563
2764
2598
2764
1476
978
2463
978
3463
978
1313
978
3436
2518
822
2122
2044
3770
734
1890
4039
1890
1000
1116
1496
1116
212
137
91
139
3432
2900
2502
1727
3307
1727
2504
1727
3954
1727
3894
418
1832
418
2450
3286
456
1978
2576
3993
3024
3993
722
3993
1868
3993
4007
3993
3171
3993
1982
3752
1979
3752
556
825
3919
1553
3924
3080
1712
3080
1251
3080
552
3080
3876
3080
1651
3080
2012
3080
1785
3080
3925
3080
3866
3080
704
3080
2010
3080
1162
3080
2675
3080
1716
3080
1038
3080
1722
3080
1403
3080
2663
3080
3875
3080
3867
3080
807
3080
1188
3080
828
3080
2674
3080
798
3080
1489
3080
3513
3080
814
3080
1175
3080
874
3080
405
3080
2670
3080
744
3080
2676
3080
2111
2453
4003
997
4128
2776
2261
2776
2955
1347
803
1347
3991
3007
1937
4138
3389
4138
548
553
689
1825
15
2
1491
1997
4149
347
458
762
454
2058
82
26
3807
669
2368
669
3527
3525
1336
3525
3526
3525
2392
1167
362
1933
1880
3124
822
615
725
615
1853
615
4098
2879
1748
1762
1328
1058
670
1058
1606
2167
1701
1669
4106
1669
4092
1615
931
933
3587
933
86
32
209
257
428
1403
1876
2503
3151
2168
2180
2168
3178
2566
3348
2566
1166
2393
3403
1057
630
1057
1507
541
3861
541
2021
1466
1298
1466
2170
2683
2998
2683
3146
2683
2059
1493
388
403
2229
3034
100
263
2436
1168
3911
1168
3455
2057
2076
2057
2086
2057
2456
2441
3124
2441
2459
2441
2343
493
2328
493
2107
466
953
466
4003
466
832
466
3979
466
978
2831
1088
1541
2680
1541
2963
1541
1675
3662
1771
3662
549
1998
2271
348
141
142
3014
3536
567
572
571
572
2917
2912
2784
2912
3559
2912
3170
3008
4275
4241
4224
4241
2952
3705
635
2070
392
3746
1143
3746
2859
2472
1643
4127
3380
4127
728
998
727
998
3917
998
976
1348
979
1348
716
1572
392
2926
2355
2926
643
2926
3798
2926
3778
2926
3792
2926
365
2926
578
2926
3929
2926
614
2926
678
2926
656
2926
366
2926
620
2926
409
2926
3810
2926
1031
2926
3620
2926
3865
2926
3238
2926
3853
2926
569
2926
593
2926
3811
2926
1535
2926
3863
2926
3812
2926
676
2926
2803
2926
657
2926
2935
2926
632
2926
3905
2926
373
2926
555
2926
4253
4251
3174
3350
3467
3350
3176
3350
4184
4262
4184
4262
4202
4262
413
1070
2878
460
3015
460
951
460
796
3488
1512
2329
2766
4109
3170
2884
2705
3848
1581
3062
853
3062
980
3404
698
3404
3561
3404
3181
3173
3183
3173
1252
1239
1405
1239
3996
3637
3278
3637
3284
3637
4061
4029
2147
4029
1799
1460
1417
1460
2571
2560
2602
2758
1875
3948
3893
1076
3968
1076
1069
1076
3553
1076
2716
1185
5
2697
1845
2102
1845
2102
690
3365
3191
3365
4121
3365
745
1487
1326
1487
3903
1644
2425
2387
569
2920
1742
1707
1644
3092
1718
1375
995
1375
463
487
1841
2076
657
3206
1103
1102
3770
3245
3924
644
3867
644
3111
707
4171
4160
367
375
2259
3492
1941
3492
1699
3492
395
708
750
488
3952
488
2616
2770
1883
3600
2520
3600
4045
3600
1889
3600
2031
3086
3271
3086
4
1243
1242
3757
3631
1672
3631
3575
1708
2630
3374
2072
2388
2478
2698
2461
2698
876
4092
4104
4092
1651
1488
1038
1488
2522
3433
2534
3433
4038
3433
811
983
695
2757
570
1734
3344
3152
976
1983
3884
1983
1777
1983
528
1983
1060
1983
3774
1983
752
1983
1541
1983
1590
1983
1511
1983
1656
1983
1360
1983
751
1983
600
1983
1485
1983
3253
1983
806
1983
979
1983
1328
1983
2951
1983
670
1983
1015
1983
3857
1983
1540
1983
3745
1983
2827
1281
60
34
3352
734
2214
734
1915
734
1411
1271
1461
1271
1595
1884
1594
1884
1796
758
3544
3414
781
3414
3413
3414
687
3414
3543
3414
1277
3414
2370
3414
2516
2062
2142
3497
422
1173
3885
3829
835
3829
1330
1329
2093
560
2449
560
2975
560
561
560
2898
1758
3437
1758
3016
1758
2584
1758
2592
1758
2804
884
1755
884
3351
4048
2885
4048
3
209
2964
1062
120
207
382
3929
2657
3929
2495
2460
2495
2460
2188
2173
2247
2239
3643
2239
69
4172
2767
1560
1583
1560
2242
329
2855
2707
2493
2707
1717
4135
1711
4135
337
4135
3913
2092
178
156
136
156
2249
1920
343
4140
344
4140
342
4140
4154
4140
310
307
311
307
2690
2375
3304
2375
3851
2375
3997
2487
1892
2487
1337
2487
180
154
140
154
2619
4116
2256
4116
777
3102
3330
2185
2563
2185
3154
2185
1899
1697
2336
1387
2332
1387
578
2644
2174
920
2997
920
3584
4150
3129
1092
2415
3076
3858
697
2801
3216
3950
3458
3314
387
386
387
397
387
2121
387
3492
3491
4131
3491
3039
3491
379
388
387
388
3602
698
2738
698
939
698
427
770
2327
770
3272
3773
2425
3773
3099
3773
2502
1086
2504
1086
3954
1086
2447
1388
4111
4093
3192
4093
3441
3566
2159
2488
2390
3632
3494
1698
3455
2086
3455
2086
1772
1770
2862
2708
606
3610
24
2242
2557
2734
1878
2152
3535
2152
233
301
240
301
1625
1757
787
1757
226
292
4167
2271
3517
1152
43
2281
312
161
314
161
2145
2983
3571
757
2213
2553
2648
3751
3929
3751
1245
1453
1663
1453
2402
1776
1041
2347
717
2347
2850
2080
3928
3893
958
1007
954
1007
955
1007
1844
2825
1617
2825
3052
3190
1725
3190
2209
3335
4047
1080
4182
4189
4262
4189
3772
453
3537
453
3156
2997
4097
2997
871
776
863
776
3839
3793
1555
3793
572
2007
355
3189
2621
3189
1930
3189
2294
3189
2800
2933
3147
2124
66
558
3667
1407
3667
1975
3667
3909
3667
3121
879
130
173
319
173
3406
3058
1800
2669
3269
2669
2611
3167
3186
3167
327
4084
328
4084
1316
4084
2624
2615
2346
1124
3609
1124
3432
2762
83
118
4022
1879
3576
1879
1893
1879
1728
1879
2542
1879
4100
1879
3866
1393
1489
1393
1534
3757
3524
3757
1169
3757
2779
1566
3779
441
1548
441
4022
2493
1893
2493
2542
2493
1966
3678
3415
2466
482
831
2361
1683
486
1683
696
1683
745
1683
2811
1683
778
1683
1646
1683
3772
1683
625
1683
3841
1683
1659
1683
1514
1683
3799
1683
3779
1683
1070
1683
503
1683
3800
1683
2360
1683
1548
1683
1193
1683
1326
1683
1588
1683
783
1683
1047
1683
782
1683
1194
1683
3912
1683
787
1683
1664
1683
627
1683
1479
2403
824
1034
820
1034
2445
1503
3359
3168
560
566
2392
1441
2044
1441
4165
393
3840
3057
1343
3057
1854
1831
2201
2541
4177
683
3956
3463
2727
3326
1733
503
780
503
779
503
560
2034
563
2008
1668
3661
4249
4242
4185
4242
3765
3715
1650
3715
3262
3070
3842
472
2332
472
3970
2998
4091
1912
4083
1912
1641
926
1998
1008
546
1008
4247
4261
4249
4261
795
3596
4192
4252
401
2348
89
3130
1472
1861
1472
3462
1926
3421
1926
2581
2572
0
912
2601
3032
4036
3032
2602
3032
3477
3806
2383
3806
4248
4235
4240
4235
1067
3845
1399
3845
867
3845
3635
3634
2612
3634
3597
3634
3049
3371
2263
3371
3559
3371
3805
2977
809
517
3409
517
1365
517
3282
840
3158
2728
3013
2728
2561
2728
3647
3485
2133
430
4275
4214
3084
2359
2970
3906
3932
3906
3946
3906
132
188
237
188
3157
4016
2721
4016
2864
4016
3332
3945
2541
3945
2551
3945
1886
2530
3611
1840
4047
1840
2530
1840
3151
1840
2180
1840
696
1215
2360
1215
1100
1517
1204
1517
2839
3769
2840
3769
2442
3769
3899
3407
2432
1430
2429
1430
3111
2417
3311
1269
2968
1269
1559
1574
2488
2474
1854
2474
2248
3368
4126
3368
1692
2914
3521
2914
2162
574
3594
574
125
233
3279
3248
3276
2950
3199
3049
2634
3049
382
2013
2462
1311
3127
1311
4138
3377
2636
3377
1570
3412
52
1343
2299
961
2299
791
3430
2148
3430
769
3430
2003
1013
1994
1013
2722
1309
3026
3401
1610
900
2081
2418
3297
2418
743
1518
2813
1518
706
1764
2366
1764
2227
3603
3430
3116
2558
2727
3157
2727
1690
1900
2887
1900
2985
2978
1710
764
1251
518
3876
518
2760
2890
2715
3122
1974
3659
2379
1244
730
1244
1133
1585
3854
1585
2678
3479
292
273
295
273
109
273
2141
523
2100
523
757
523
794
523
2444
523
3295
523
93
212
1361
1855
3967
585
580
585
454
2423
2728
855
68
4164
760
1523
1509
1523
2647
1963
802
1963
2006
1028
2027
1028
3469
1137
1059
1137
418
639
1065
639
1916
2896
3365
2896
2605
3528
2906
3528
2672
2945
2583
1906
1678
732
3102
2028
1311
963
1310
963
910
1639
3688
1639
3118
3110
404
3989
4062
3989
919
3989
2506
2137
2212
3154
2212
3154
1558
3990
988
3990
1577
3990
1614
3990
4011
3990
1742
3990
1554
1732
4178
906
2
2805
488
1436
481
1436
4093
3353
2771
3353
1710
1846
896
1846
2140
1846
1544
1846
2863
1846
2192
2536
1485
671
670
671
2156
1795
1072
1795
2994
1795
3948
1795
2861
1795
1071
1795
1640
2138
3283
2027
3004
2861
418
436
849
436
4003
3309
5
229
3361
846
894
795
3452
795
4277
4181
1060
1138
1360
1138
789
3064
3246
3064
2204
1671
4105
2882
573
1027
2007
1027
1817
2956
414
642
2802
642
403
3708
1969
3708
709
3708
389
3708
490
1104
1890
749
3198
1642
1699
1642
87
721
2713
2986
2104
402
1749
380
1749
2355
1749
1321
1749
365
1749
407
1749
3082
1749
3891
1749
599
1749
550
1749
3609
1749
3890
1749
553
1749
1734
1749
1046
1749
3531
1749
1551
1749
1657
1749
1649
1749
3908
1749
1531
1749
2688
3094
3538
1824
2963
2021
1089
2021
2868
1323
3925
677
1489
677
2090
1179
737
1179
3918
1179
624
824
2736
2867
2223
323
306
295
226
295
2052
1021
2011
1021
2609
2233
2770
2233
2262
2233
3425
2179
1678
2179
795
1677
1611
1780
3412
1780
2043
1780
3
3259
3454
1614
3483
4032
2569
4032
3299
1650
598
3900
2710
3931
2152
3931
2989
3931
49
3426
3425
3357
3425
3147
4010
4204
4196
909
780
620
3203
2982
3125
610
614
1786
3800
2467
650
2164
650
855
650
2161
650
2340
3681
1973
3681
1971
3681
2652
3681
3582
3681
651
3831
844
3831
2429
3831
1801
1226
3862
1226
2622
3035
957
2336
962
2336
840
2336
1589
1212
137
138
3769
3234
3438
3436
2898
3436
1648
1131
2944
1131
1619
1678
3439
1678
2590
1678
2908
3648
926
3648
2909
3648
171
149
197
149
3547
2600
3187
2600
1308
2600
2725
2868
3009
2868
2540
2868
606
3937
146
147
2074
1590
1719
1590
635
678
856
2131
1635
3687
1581
3837
3906
3837
2152
2989
2152
2989
1016
590
835
590
719
3996
4264
4221
4193
4221
1269
1459
792
1459
3522
1792
1363
1792
525
1792
3398
3388
4080
2559
2203
2559
4088
2559
4168
4157
2396
3862
1359
3862
2705
3862
682
3504
2607
3504
2950
2802
1344
2330
4129
4119
2905
4119
4056
1317
97
224
1811
459
1098
459
1823
459
931
4061
3587
4061
3432
2885
2585
2885
2762
2885
539
792
4157
4147
2130
3962
2068
3962
882
3962
2015
1220
589
596
595
596
3889
2939
3934
2939
371
374
367
374
92
44
1528
645
1064
645
2749
873
3628
1596
2558
2721
2593
4078
995
1374
850
1374
619
2663
2134
1184
2501
1184
307
300
169
300
2246
2606
3372
2606
2766
1645
2566
1873
3173
1873
4085
1873
4096
1873
3418
1689
1016
1689
1329
1689
2021
1689
2323
1689
1981
1689
113
199
210
199
3138
2499
2160
1852
1753
1852
2511
1852
58
3935
3392
1068
1399
1422
3724
2394
3724
3831
3724
2401
3724
1747
3724
852
1509
1366
1509
739
1509
4066
1582
184
197
1552
2409
1094
511
1418
511
2843
2971
2977
2971
3642
2971
1365
852
774
852
3396
852
1852
689
1751
689
398
399
387
399
3501
4067
1620
4067
3595
4067
3930
509
1340
2411
576
582
1512
1511
2191
735
3362
735
2599
735
1691
735
943
735
2554
3533
3534
3533
334
2942
3081
2942
1786
656
1731
786
1702
3743
2382
3743
4175
1735
4056
1318
3936
1656
3434
1786
713
1786
2978
1786
2979
1786
417
837
3824
3210
1415
3210
2342
447
3267
447
102
262
3731
3232
1273
3232
2088
3813
2488
3813
1831
3813
3511
4059
3991
2547
561
1837
1388
2810
1622
2810
1817
2810
1926
2245
1174
1447
1180
1447
416
2353
762
1206
487
1206
355
3051
2593
2584
3600
4003
706
1263
810
1263
2143
3913
3120
2854
1902
2196
4068
2196
1334
2196
315
176
192
176
1537
3449
1174
3449
1992
3449
2348
3449
1029
3449
81
47
1871
2155
134
174
235
174
3648
944
3648
944
3196
2620
10
1944
851
1155
768
1155
4179
4207
584
804
3569
2341
3568
2341
2778
3043
4132
3043
3079
366
357
366
2438
2065
2101
2065
888
1001
997
1001
3309
1001
1838
1001
765
1001
4000
1001
3935
2019
4159
2293
4021
2991
4021
2991
733
1804
733
1804
739
1366
739
1366
1007
2794
3897
2001
2403
2001
2411
2001
344
1303
1934
2256
335
2256
3048
2256
715
2256
1066
1065
223
202
2007
1019
2009
1019
2171
2146
4182
4250
1538
3616
1424
3616
1987
3616
1549
3616
1724
3616
837
3616
1653
3616
703
2182
1732
2182
2548
2182
772
3105
772
3105
1174
1448
1176
1448
2257
3560
2409
2372
2478
2095
1729
2548
3605
1838
1698
3695
2352
3695
4186
4240
4197
4240
3094
1146
1140
1146
4018
3161
684
4034
4102
4034
1894
4034
3003
4034
2406
448
1709
448
241
181
194
181
3994
3283
2126
3283
2116
3283
461
1095
1537
838
1174
838
1996
838
1990
838
2000
838
1528
838
2003
838
1993
838
3650
838
1994
838
1176
838
2002
838
1247
838
1992
838
3469
838
1064
838
1049
838
1997
838
403
838
1998
838
2347
838
2348
838
816
838
1991
838
1995
838
617
838
1999
838
1059
838
709
838
1180
838
3429
838
1029
838
389
838
546
838
78
92
46
2250
663
1360
3512
2214
785
529
821
529
862
3517
3874
3517
1602
3394
1514
1529
787
1529
2684
3722
4166
360
3919
2429
2853
2429
3920
3278
2726
633
2723
633
980
633
3013
633
2561
633
2237
1915
605
3875
4242
4238
4209
4238
3842
475
474
475
838
1969
316
153
142
153
4169
3196
3134
1751
3494
1140
3172
3341
3558
3975
2916
2277
4130
2277
1728
2575
869
915
2023
1633
3458
1633
3629
1633
3431
3555
2582
3555
550
969
553
969
753
1475
4084
1475
3117
751
3931
751
2973
3261
40
2287
1884
2140
55
2288
856
2190
2769
4091
2225
3589
1915
3589
1201
1200
3985
3964
2756
3590
3338
3590
965
3590
615
2816
44
2278
3589
3511
3512
3511
1809
3864
3899
3864
916
3502
2901
3502
35
21
2413
2822
3945
3320
2709
2701
476
1381
2356
1381
4161
2626
3360
3347
2892
3347
3034
3347
479
743
2516
2481
818
2481
1900
1691
1865
4124
2128
4124
2151
4124
2869
2719
2724
2719
394
2765
144
152
181
152
1307
2612
374
381
2413
691
2973
691
3426
1743
2684
3267
1603
1214
1203
1214
3804
2360
2133
429
1938
3385
914
3385
3387
3385
4246
4204
2050
1250
3633
1250
1896
2529
1896
2529
462
1429
1095
1429
118
119
3754
3721
1633
3721
210
117
3508
3507
127
192
193
192
3566
2751
2227
4087
704
575
2674
575
2289
2915
898
2969
897
2969
3425
3342
2168
3140
2530
3140
1596
1287
747
1287
4276
4274
3521
1575
1303
2633
1669
4075
3276
3262
1195
1277
1196
1277
1808
1277
3007
2475
2872
2475
198
287
320
287
3501
2200
1620
2200
3595
2200
3182
4064
3028
4064
2606
3356
4142
3356
2508
822
3428
1278
3976
1816
1805
1190
1278
1288
747
1288
1076
816
3468
3512
4141
3512
1416
3740
2380
3740
706
3740
1219
3740
1172
3740
3477
3740
2351
3740
2383
3740
3493
3740
1036
3740
1581
3740
2382
3740
3757
3740
3906
3740
824
3740
459
3740
2816
3740
854
3740
810
3740
3910
3740
975
3740
3886
3740
1672
3740
820
3740
2358
3740
3901
3740
853
3740
597
3740
3519
3740
3486
3740
2354
3740
3927
1822
3118
1822
222
243
289
243
3502
3501
1976
3727
2327
3727
1678
3530
3881
1626
3723
2381
2010
612
3875
612
2853
2691
477
1481
2560
719
2725
719
2874
719
2540
719
3977
765
176
312
4118
1701
2617
1701
2775
1701
466
1612
824
626
975
626
4092
2743
740
481
1376
481
742
481
1420
1719
0
231
3473
701
2239
701
3860
1765
2848
3803
1821
3803
3471
3579
3604
3959
3145
3959
4020
3959
2995
3959
8
524
854
2348
547
546
547
2400
810
1936
3200
4153
3200
678
3231
2788
353
2294
353
586
584
580
584
3847
1051
1326
1051
2701
3903
2469
3903
2287
2263
2082
1196
2198
4013
415
3859
1580
1854
3312
1810
1408
1245
2092
1245
1826
1245
2126
1547
2116
1547
2029
1547
2851
2837
60
829
1584
927
1584
1832
2051
619
2447
2231
2206
2230
2206
2579
2206
1038
1353
744
1353
1195
3428
1196
3428
1808
3428
1901
3155
3249
620
3900
620
1802
620
3291
2944
260
208
4094
1620
903
794
1414
3065
3188
3019
4077
3019
2610
3019
2357
3237
3821
2043
3952
991
3105
1341
3391
1341
58
23
1653
2303
699
2303
528
1256
1590
1256
423
1794
2733
3001
819
3001
650
1991
2654
2804
2528
341
1200
1293
1592
1293
611
1043
1032
1043
1794
2366
2404
1372
885
1372
3960
2448
3960
2448
3911
2838
3532
3095
3292
3095
417
1548
2580
3606
4189
4260
4183
4260
3579
3146
1907
3645
3443
2105
2846
1182
1986
3684
2806
3684
3891
3834
3890
3834
3758
1161
364
372
3987
548
3989
548
1327
3934
3533
2161
842
1105
1704
1105
3434
3397
70
4167
3256
2317
2077
3514
3900
1802
3900
1802
2835
1330
882
1330
4010
1330
3545
3896
3144
2459
522
3861
3959
885
1341
2792
3184
1559
4109
1559
1645
1559
4226
4222
4273
4222
1885
4062
921
4062
339
2220
2765
2220
2597
2220
3302
3275
3109
3275
2087
802
3938
802
2250
330
66
4173
3340
1885
1901
1885
3820
3796
2523
3961
1579
3961
932
559
933
559
4029
559
4050
559
929
559
1473
606
2486
606
3601
606
4155
1939
3544
3878
687
3878
3054
721
1859
663
2506
663
4118
4106
2254
4106
1714
1606
1478
1606
2555
1606
1729
2184
2735
2873
3238
2645
1580
3558
2608
2596
2883
939
18
73
904
1663
1295
1721
593
1721
2524
3978
3095
2374
2523
2509
404
411
398
411
4095
2582
1836
3391
515
1409
2014
1971
2949
1971
3710
1971
1648
1971
789
1971
406
1971
3705
1971
375
1971
566
1971
3934
1971
521
1971
836
1971
94
41
2026
1499
1388
1499
2480
2852
2089
2689
2424
2399
1066
3867
1412
1411
401
409
407
971
550
971
1895
2511
2270
3466
2276
3466
2294
3466
3328
3323
1738
499
495
499
937
3967
938
3967
2155
3967
4090
3967
4030
3967
2065
3264
37
1942
3329
3593
3485
2786
353
2786
3646
2318
2652
2318
3341
2735
3344
2735
3165
2735
65
3345
3344
3025
942
2016
2656
1346
2323
3888
2323
1507
2323
3885
2323
1427
2323
835
2323
3637
2323
3773
2323
2359
2323
582
2323
1140
2323
3861
2323
1411
2323
746
2323
3747
2323
759
2323
2352
2323
1039
2323
2368
2323
3808
2323
803
2323
2588
3021
2693
2824
2683
867
177
122
2847
2677
2143
2677
2828
2677
2099
2677
1179
1233
3815
1233
2764
3179
4061
1867
1613
4000
374
2650
3261
3910
2822
3910
3265
3910
2178
4031
4035
4031
4033
4031
2279
2780
2845
3932
2258
2614
1346
1125
3637
1125
635
3810
2334
3810
129
187
319
187
133
189
235
189
2322
3682
1507
3213
1411
3213
3622
2125
1557
3832
1551
3832
4179
4180
4179
4180
240
299
2440
3280
2467
2035
3408
2035
2062
2035
3287
2035
2096
3776
2094
3776
1833
3776
3988
3299
2471
3299
3119
3299
3115
3299
3372
4120
2269
4120
1943
336
3424
2226
4113
2226
316
180
213
180
369
3563
3415
3563
0
1048
1035
627
1035
2577
1336
80
1903
2212
3169
2212
707
3629
4024
1868
3163
1868
4070
1868
2588
4037
3036
2590
3491
2590
3150
989
2829
2678
2835
2678
2080
2678
2834
2678
2075
2678
2685
2678
2016
1600
2938
868
90
30
1727
1989
1317
3131
1318
3131
1593
3131
596
600
1775
3698
3547
3546
3187
3546
1690
3546
123
124
2375
2320
2842
415
1647
415
3497
415
730
3505
1164
3505
1752
3505
2414
3505
2430
3505
2423
3505
1253
3505
3809
3505
668
3505
1368
3505
1405
3505
3927
469
3110
469
3569
1975
3568
1975
125
126
3082
3786
3890
3786
3758
3736
3086
3736
1083
1415
3274
1415
1759
3387
3030
2569
2755
2569
3322
2515
1537
1230
1176
1230
3958
975
886
4083
886
4083
56
2217
340
1469
3573
1469
1344
3886
2772
4077
3584
2284
565
2653
2629
2783
4149
2274
1181
2929
2363
2929
222
98
870
2731
946
4068
3411
862
3775
3725
2671
3725
2673
3725
3807
3725
3624
3725
2664
3725
4246
4243
3347
881
2203
881
89
131
917
2779
4126
2779
2627
2779
4202
4253
1573
3381
875
3381
3052
3381
4139
3381
1572
3381
3385
3381
3200
3381
2286
3381
2787
3381
736
1862
220
285
239
285
258
285
873
1881
947
1881
813
1881
2679
2672
2036
2672
2481
2672
664
1666
3441
3583
3431
4071
2231
2593
1306
2593
2230
2593
2249
2218
1795
3552
2748
2876
3940
1603
2508
725
3992
725
1323
725
1827
3972
2017
666
3777
666
57
2641
332
4118
2257
4118
5
3322
3316
605
3872
1017
603
1546
603
2291
1725
695
1725
2999
2857
1074
3443
4007
3443
3444
3443
3480
1333
3362
1333
943
1333
3894
2031
3836
3089
1166
1444
2069
1444
3037
2587
3367
2587
2597
2587
2556
2544
3998
1834
62
27
2223
3249
1031
3900
1031
1802
1031
1345
1031
3376
333
756
444
758
444
3750
3226
630
3226
2877
834
3122
808
1827
808
1857
808
3298
808
2251
3424
3560
3424
74
1947
2351
3819
2383
3819
922
4053
4072
4053
1997
660
1152
660
2030
3692
2339
3692
804
3692
1360
3692
905
3692
670
3692
1540
3692
2078
1808
1335
3641
1335
3641
3611
2870
1911
947
1754
2798
6
3135
3964
3919
2115
3919
1847
1660
3122
1660
1357
1660
2862
4009
2591
3025
3355
3025
3028
3025
964
2797
1919
948
843
1236
1171
1236
1407
2312
1846
1807
4277
4179
1779
3235
161
304
1874
3290
12
1948
3194
4121
2258
4121
3542
3289
3296
3289
978
807
1198
2326
1837
2079
3505
3688
2808
3688
1785
1121
2674
1121
1839
3838
1839
3838
4103
4094
2220
4094
170
290
304
290
3644
3647
1695
3647
4086
2588
2603
2588
3423
2588
1840
1079
1863
2858
2331
3620
1786
3620
777
3938
2713
2121
370
2121
2139
2121
3041
3518
3040
3518
1583
3518
3988
539
2439
539
3115
539
1911
813
649
3277
349
350
31
2260
3424
1314
4113
1314
2471
2439
2219
1539
945
1539
1574
1539
2476
2849
110
236
106
236
292
236
952
3395
1320
3395
2090
1813
737
1813
3918
1813
807
1350
744
1350
1472
959
1471
959
3523
2385
2402
1187
3892
2695
260
314
262
314
231
314
261
314
1486
1485
4052
2746
2403
1377
2019
1377
907
4142
1939
4142
3389
4142
3649
3874
2419
3874
1910
761
965
761
1635
1705
1598
1705
2056
623
979
623
4181
4226
2013
1959
381
1959
2514
485
1708
485
1879
485
3575
485
4163
4152
3465
3554
2983
377
376
377
370
377
3468
705
49
4163
852
1623
2969
1761
3455
3974
2076
3974
2086
3974
532
542
1187
542
2536
3539
2731
3539
4046
3539
3987
3965
930
3965
920
3965
919
3965
386
378
2120
378
2121
378
377
378
1366
3749
1623
3749
1165
2040
2051
3271
3914
3271
726
1542
1543
1542
2690
2832
3304
2832
3774
2300
3253
2300
3073
1378
1612
1378
3936
3865
1985
3865
3921
2442
4249
4237
4185
4237
3937
1040
2343
1290
2326
1290
522
1188
264
261
210
261
2226
2755
3942
899
1062
899
1610
899
2293
2636
1939
2636
3937
3268
4025
571
2730
571
710
571
3594
571
3047
2911
3480
1899
2600
1899
1074
1571
722
1571
3444
1571
1715
2909
3137
2471
2138
2471
3321
2471
2897
3348
437
2363
35
2418
3061
2040
3253
775
3253
2039
3253
1774
1674
1675
1674
1253
1296
817
1296
717
1046
2669
1046
3266
3850
2821
3850
2028
3850
2570
2864
3451
995
624
1345
2942
2306
3071
2306
1254
1253
3930
827
3781
674
1666
674
3566
3005
417
2046
844
3209
1417
3209
634
1995
797
345
1940
345
1331
3950
1852
3570
4274
4191
2750
1827
2526
1827
1713
1827
2518
1827
2519
1827
181
318
255
276
218
276
1824
3091
3871
3091
3285
3091
1993
1119
1994
1119
3617
617
2849
617
2085
617
1571
2101
2460
1165
2487
1165
460
4026
2591
3143
3355
3143
3028
3143
3555
3143
4051
3143
2988
1617
71
1934
2630
2987
2119
2128
2119
735
2165
786
1101
3964
1101
2858
1101
4012
1101
2446
1101
1329
1356
3624
1356
2216
2203
2522
1618
4038
1618
3327
1618
91
43
1720
1193
2097
1193
1638
1193
4184
4208
1933
2266
2630
2266
1992
1055
1049
1055
2089
356
3132
618
1323
618
2499
618
3933
618
2443
618
1324
618
82
88
2397
1241
1406
1241
3571
2055
1184
1828
2559
3151
557
828
3764
1272
3809
1272
4016
3422
2751
2740
2580
2740
4054
4035
4258
4259
4208
4259
3700
3694
1590
1282
1511
1282
2059
2345
3593
1864
1304
1864
369
2253
914
2253
3046
2253
1723
1306
88
167
570
2674
2074
2061
1420
2061
1604
2061
1006
1005
311
169
1870
1363
29
2296
4276
4192
4063
4050
1087
864
2521
2995
1576
2827
880
2005
1848
363
2466
363
3104
1061
2937
3219
4139
3046
3384
3046
2057
630
3937
630
4027
3101
7
232
3493
3826
1036
3826
2122
2091
878
2091
4002
2091
1585
1143
788
1143
1631
1630
3969
3119
3652
2617
2279
2617
2911
2617
3997
3427
3496
3427
3346
3165
176
311
4129
3440
2905
3440
3520
2143
1080
2143
2870
2143
3324
2143
2546
2143
3950
3926
3111
3926
3129
1091
108
109
3590
2193
761
2193
2371
1266
523
3623
772
2356
1003
2356
3941
2356
1201
1203
2041
1203
1592
1203
1715
2618
78
107
2910
2241
75
74
3064
3055
2650
3238
364
3238
4277
4271
4273
4271
4200
4234
4246
4234
2687
3835
3862
3835
4205
4239
875
3644
383
3644
1703
3644
3054
3644
4160
3644
336
3644
911
3644
362
3644
1759
3644
368
3644
395
3644
865
3685
3718
3685
3414
3685
3616
3685
2806
3685
2943
3685
2114
2828
3563
2151
2253
2151
4216
4215
3960
3293
741
740
4202
4249
888
3935
1838
3935
765
3935
1613
3935
2265
3421
2279
3421
1929
3421
1931
3421
171
297
3887
3569
2006
3569
3750
3569
558
3569
760
3569
1407
3569
1032
3569
2008
3569
1179
3569
1509
3569
691
3569
630
3569
3909
3569
1228
3569
3815
3569
42
2282
335
2272
2628
2272
782
1151
3912
1151
341
1740
3574
1740
3415
3384
1682
3508
1907
3508
2578
3508
3543
439
2032
439
1076
849
482
2813
1799
2350
3769
2350
2048
2350
1654
1439
2032
2314
2363
2314
3765
1260
1506
1260
1530
1849
1075
1849
2491
1849
3450
2539
1569
2539
2750
1746
3160
1746
2526
1746
2518
1746
4060
1746
523
2377
2492
2705
2295
4143
1941
4143
1940
4143
4149
4143
3840
1385
3864
1385
4021
2485
2512
2485
2991
2485
1896
2187
869
1695
393
1695
1735
1695
360
1695
4153
1695
385
1695
3398
1695
4159
1695
4155
1695
3640
1695
3399
1695
715
1695
2470
746
2854
746
3581
746
179
155
138
155
52
4162
2900
2761
3512
4074
4173
4153
2782
2623
1211
2959
2451
2959
1922
3186
1947
385
869
695
4117
3040
2394
3728
1134
3728
4041
832
465
832
3188
4065
4077
4065
2610
4065
3852
3272
3784
442
1441
442
384
2290
708
2290
3012
2188
3011
2188
925
2188
321
3599
1609
3599
3167
3599
1908
4090
1563
3580
948
3580
2598
3580
2552
2542
815
1832
2424
1300
1293
1300
851
1442
1444
1442
3898
2378
3280
2378
1913
1911
3180
1911
4109
1911
990
909
3128
909
3125
909
954
471
959
471
1803
471
78
27
129
130
3924
1755
1712
1755
1251
1755
552
1755
3876
1755
1651
1755
2012
1755
1785
1755
3925
1755
1815
1755
3866
1755
704
1755
2010
1755
1162
1755
1716
1755
1038
1755
1722
1755
1403
1755
2663
1755
3875
1755
3867
1755
807
1755
1188
1755
828
1755
2674
1755
798
1755
1489
1755
3513
1755
814
1755
1175
1755
874
1755
405
1755
744
1755
2676
1755
3386
1636
875
1636
4135
1636
1725
1636
3384
1636
755
1636
3383
1636
257
218
2890
2571
2889
2571
53
911
4182
4183
4173
1909
1861
1471
2146
1471
394
755
361
755
369
755
2773
2899
2610
2899
1656
636
1328
636
918
3329
4057
3329
992
1587
685
2089
1887
2444
2117
2834
1884
1544
4023
1857
2154
1857
1713
1857
3036
3031
3491
3031
2037
2333
3990
1089
1990
587
2000
587
2655
544
3241
544
3822
1223
694
1223
2964
857
3942
857
900
857
3938
1135
410
798
2564
3953
517
3809
913
3573
3574
3573
3030
870
3528
870
2421
2947
3700
3691
2205
4019
3017
4019
2884
4019
549
3853
2659
3853
3895
3642
4042
2135
1317
2135
1318
2135
3972
1798
2427
2660
557
3909
3764
2808
1000
2808
1153
2808
1177
2808
462
2808
2432
2808
1484
2808
1754
2808
1417
2808
831
2808
3724
2808
1095
2808
802
2808
2005
2808
857
2808
817
2808
2000
3250
1993
3250
2002
3250
403
3250
1998
3250
2347
3250
1059
3250
1396
3766
2024
3766
1061
3766
3988
1870
25
2236
166
317
235
317
3383
4136
2236
326
1781
2807
1702
2807
3601
1312
1331
2025
3400
2025
2989
2025
3370
4115
2617
4115
567
1797
574
1797
2050
2948
3803
2948
1327
1326
2319
3656
1990
1025
1993
1025
2295
797
358
3079
896
858
764
858
1608
858
3705
3697
3869
3697
3999
588
2098
588
586
588
291
248
119
248
204
248
2537
1858
3416
1858
881
4038
4021
3121
2512
3121
2991
3121
624
1588
316
266
141
266
90
2107
1320
3516
3515
564
569
2077
515
793
515
929
2975
313
289
304
289
144
172
318
172
3326
3986
1877
3986
2525
3986
4174
3398
3167
4082
2218
4082
4040
1569
649
2415
855
2469
3533
2469
981
2469
492
1217
773
1217
2503
3274
1810
3274
4116
2230
3901
1515
29
2003
731
1994
731
3469
731
1064
731
1049
731
1152
731
617
731
3250
731
3429
731
546
731
1858
3476
456
1783
1193
1274
2389
1274
2278
1929
664
1653
3145
3977
4020
3977
2995
3977
3915
1284
1197
1284
2913
3557
2914
3557
2514
1731
1708
1731
3575
1731
664
783
192
254
930
929
920
929
919
929
2008
3877
3909
3877
648
653
2702
653
3923
653
3320
653
3782
672
1395
672
984
3968
3978
3968
985
3968
1221
779
2894
2881
395
3382
1791
1672
2681
1672
1673
1672
1538
3868
2408
3868
81
112
3602
2862
2865
2862
2738
2862
2867
2862
939
2862
4051
2862
1419
1779
4267
4263
4180
4263
2211
1876
3606
1876
3583
1876
3005
1876
4058
1876
492
1218
2370
1218
2973
3265
2756
4072
2759
4072
4093
2603
2389
2666
3943
3551
2410
3551
3870
3551
1595
1593
1594
1593
2353
641
2320
641
1827
3971
3177
3345
342
876
3368
876
2200
2725
1850
3306
1660
3871
3556
1641
3557
1641
588
593
941
940
2601
2877
4036
2877
2758
2877
3068
3214
2497
2115
2135
2115
317
237
4203
4236
4206
4236
2070
3855
1615
1667
2743
1667
4073
1667
1885
2169
921
2169
63
4170
1302
1940
2102
3281
3121
3281
2740
3955
1480
1115
481
1115
1932
2624
2275
2624
1933
2624
2628
2624
1849
1169
3576
3575
1728
3575
2033
667
2386
667
3972
667
2560
3009
4151
349
594
1999
975
3817
3886
3817
84
2862
2850
3236
2313
1509
2313
3464
3416
4096
3011
3302
3258
2697
3258
976
1349
1656
1349
3445
2580
2227
2580
2150
4007
1000
999
3537
2814
3395
3917
3983
3287
2066
668
1798
668
3241
3802
2338
3802
2873
3564
564
3811
2653
3811
1562
2222
3949
2059
1610
2059
1610
2059
4252
4227
1778
800
3083
800
991
800
2625
332
2780
332
1750
3649
3689
1668
177
228
2135
4012
3865
2790
3313
3902
3319
3902
3488
3902
3317
3911
3614
3911
2857
3911
1872
4030
1619
2216
3440
2216
2891
2878
1644
1059
3971
1059
934
4001
3334
4001
935
4001
1820
1800
1333
1332
3863
1955
1538
1144
1063
1144
1339
489
3402
489
1846
489
1338
489
2002
602
1999
602
3640
1711
712
709
1789
709
2367
709
1097
2144
3393
2389
956
955
650
1489
4155
3389
1365
1602
774
1602
3396
1602
1848
2699
3415
2699
3046
2699
4067
711
4156
3390
1791
1709
2681
1709
1673
1709
3465
2592
795
2592
3417
2435
2474
2435
2469
1806
767
2845
2435
2673
4053
2210
1170
1535
3524
1535
1169
1535
112
113
1870
1364
843
1237
3916
1237
3361
4079
3792
2796
2278
2254
1879
1863
146
277
182
277
652
3513
3523
2327
2046
2327
10
848
806
358
364
367
364
1416
535
854
535
179
178
212
178
2248
4104
342
4104
833
4104
3525
863
1582
1895
3510
1895
932
3594
2195
3594
933
3594
4050
3594
2183
3594
2130
3960
2124
3960
940
3960
11
1946
3025
3343
1101
2328
4195
4210
4228
4210
797
2905
4131
2905
2252
2905
1942
2782
1917
2759
915
2759
695
2759
467
3860
4033
895
4055
895
1177
1238
1405
1238
3470
2652
3474
946
1918
946
3473
946
3279
3263
3618
2961
3617
2961
4045
2521
1889
2521
3930
1421
2041
1204
1200
1204
1592
1204
3518
2586
8
2856
4047
3324
4049
2194
3021
2194
2899
2194
1078
421
1077
421
3993
421
2105
421
740
1654
1376
1654
742
1654
1198
1981
1978
1283
2333
1283
23
183
360
2637
2170
3139
2998
3139
3146
3139
2464
1610
3242
1273
1455
1273
1727
1784
93
1219
3207
2728
981
1065
654
1440
654
1476
610
2060
610
2457
610
2974
610
3463
610
1313
610
58
38
412
784
1615
4058
1314
4058
193
303
4170
4159
3539
4014
3556
4117
3557
4117
2550
3904
1671
3904
1670
3904
217
252
117
252
113
252
3301
1820
2377
1192
2373
1192
1990
3448
1997
3448
816
3448
1991
3448
709
3448
1180
3448
3711
3636
3883
3636
4164
4149
3849
3804
1550
3804
3373
3562
396
3562
3358
2748
3354
2748
3515
2748
2954
3085
1462
3085
3098
3085
3097
3085
3094
3085
1161
3085
3855
3085
2047
3085
2955
3085
3026
2202
738
2202
748
2202
17
4178
609
820
1609
1594
3022
1594
1936
2747
1909
2747
2292
2747
3963
1376
3992
3933
3139
1075
85
903
1186
3947
1186
3369
2604
3012
3142
2571
3142
3011
3142
925
3142
2540
3142
643
3230
595
594
586
594
3571
3295
720
376
714
376
2151
376
365
3201
372
3201
1601
3683
375
3683
1173
3683
381
3683
3697
3683
1410
3212
1506
3212
4010
2075
1586
3833
823
3833
3027
3171
3179
3171
2590
3029
1703
2638
1254
1252
64
2385
2362
2046
2362
656
3625
3943
3531
2410
3531
3870
3531
2064
2048
2534
3500
881
3500
3327
3500
4189
4198
4183
4198
720
370
1865
370
2408
3741
1607
3741
2440
3279
1462
1298
2774
3592
2903
3592
4118
3592
904
1180
2376
1048
213
141
1752
1370
2048
1370
1173
2308
3684
2925
2378
2925
2668
2925
841
2925
3018
2565
2876
2565
2746
2565
1486
2334
3481
1419
864
1419
3288
1419
3378
2267
3097
1465
3808
1465
2532
2519
610
979
399
401
391
401
482
491
2914
1543
1575
1543
2280
1543
2453
2833
3896
2833
2455
2833
2719
2443
2715
1357
3884
419
3856
419
1618
2501
1662
1979
2994
1401
3427
1401
1704
1224
3939
1224
325
465
4057
465
3548
543
1187
543
3281
2681
736
1491
2702
1491
3923
1491
791
3322
2185
3322
2544
3322
2689
357
356
357
2415
2391
135
136
2689
358
356
358
363
358
2699
358
114
210
2054
1622
421
3537
416
3720
427
3720
1046
616
872
616
59
28
3339
931
2747
931
133
134
2575
1729
4100
1729
3503
1729
2819
3747
2972
3747
2441
3747
4228
4201
736
1358
883
3588
3981
1616
1996
622
1029
622
2281
1931
2277
2268
3971
729
3198
4131
2255
4131
1941
4131
825
2307
566
2307
2153
826
3989
826
1867
826
2147
826
1829
1812
2254
2775
2941
1297
771
1297
2376
1047
411
551
2493
812
3913
1826
3590
4063
761
4063
2435
2047
2853
2451
1040
1551
3268
1551
877
1551
2436
3532
1770
3666
4096
925
2893
3510
2761
3510
2594
3510
700
3742
3519
3742
1933
3048
1733
2370
780
2370
779
2370
4276
4270
4229
4270
3652
1925
2257
1925
2785
3591
3381
3591
3382
3591
2283
3591
2916
1308
4130
1308
3074
2298
2336
2298
2559
2180
2881
2543
2739
2543
2207
2543
1843
1833
1839
3393
3394
3393
3838
3393
1948
681
730
1443
1164
1443
3086
2357
387
391
378
391
4044
1334
1750
2419
1665
1267
2969
501
1807
501
3000
1565
831
1519
1368
1519
3968
2465
2990
2491
2627
833
1643
1681
2274
1681
2782
1681
3841
1391
783
1391
758
443
3552
443
2103
565
972
565
560
565
2079
565
3259
334
1666
1501
836
1501
3325
3321
723
519
1663
519
2985
2979
2064
2401
4155
2224
87
46
3456
2729
3197
2622
2275
2622
2630
2622
1416
2931
853
2931
2277
3597
1665
1268
463
2358
4274
4202
2260
2616
687
2297
1490
2297
3887
3756
3254
3756
3738
451
1657
451
2707
3260
3882
2812
2268
1307
1797
3863
2658
3863
3405
1775
2356
1775
302
267
227
267
452
1451
1658
1451
2752
3340
845
3340
167
193
319
193
1931
3047
3166
2551
2190
3327
2971
2826
185
253
343
4126
3199
4126
2633
4126
776
775
464
3963
4174
2139
302
162
290
162
101
162
2772
2610
346
2273
1643
2273
1642
2273
1720
1637
2915
2784
1358
3858
383
2283
1904
2981
2211
2981
2536
2981
870
2981
2742
2981
3080
2654
3867
637
2676
637
3781
1139
2953
1139
2567
3578
889
3578
2483
3958
974
3958
1545
3958
2724
3958
711
3958
2175
3958
61
2235
4100
2233
4100
778
3217
1193
3217
1333
748
3307
1085
2219
3496
945
3496
1574
3496
20
4176
2421
2820
1832
3914
50
4169
4019
4004
462
1202
2423
1202
2476
2085
416
3429
1726
1748
1480
1748
502
1748
859
1748
3784
1748
1513
1748
476
1748
1343
1748
1100
1748
532
1748
843
1748
3755
1748
3916
1748
488
1748
1441
1748
3845
1748
481
1748
1409
1748
1187
1748
2356
1748
1204
1748
491
1748
3814
1748
1171
1748
961
1748
1586
1748
790
1748
3577
1748
3915
1748
823
1748
1197
1748
16
4177
2723
3561
2953
3255
1615
2192
2743
2192
4073
2192
3882
3814
1493
3814
1086
1604
4054
4033
2195
2186
3002
2142
2167
2142
983
2142
3920
3284
4125
2594
2422
1747
1825
1747
697
1747
2049
2376
3263
2376
3846
2376
3088
3075
76
143
2012
604
2010
604
3823
1142
788
1142
503
3202
3824
3211
1418
3211
458
747
1944
362
3278
1029
3284
1029
1322
1029
1064
638
3429
638
7
2171
3148
1362
1877
3567
3994
2029
1570
1171
2043
1171
1940
2252
1186
1638
2991
2711
1881
2711
1017
592
2009
592
379
389
2831
2955
3871
699
3538
699
2058
1592
3318
2709
2158
2709
1565
2709
132
157
317
157
126
159
254
159
240
159
2179
3144
3953
3144
2546
3144
1996
1389
2347
1389
1694
1699
3317
2489
2507
2489
2618
2602
1641
2602
2980
1254
1184
1254
2452
1796
2990
1796
1530
1796
429
1796
1858
1796
3001
2863
234
204
326
327
2634
3559
3251
2806
488
1435
491
1435
106
206
211
206
957
2364
962
2364
840
2364
26
2237
4000
3979
2213
2535
139
140
3553
1845
3281
1673
486
1210
1659
1210
799
796
3002
796
2167
796
849
435
1232
435
2117
1327
2130
1327
2068
1327
4009
1327
940
1327
1991
673
1995
673
4135
845
3544
3879
1037
3879
686
3503
846
3503
648
652
2506
652
1247
2946
60
40
323
1905
2217
1905
470
961
1330
1328
653
782
3299
759
3168
4060
3169
4060
4125
2895
4018
3534
596
1652
795
2238
402
1961
390
1961
2240
328
1402
905
4207
4224
1945
1759
1006
1782
3651
1782
994
1782
692
1782
487
1782
1007
1782
1269
1782
792
1782
3859
1782
1603
1782
3623
1782
1658
1782
883
3585
4156
3585
4151
3585
4161
3585
4150
3585
4157
3585
4152
3585
4158
3585
2820
3744
3801
3744
242
320
195
320
111
296
306
296
2082
1194
2852
1194
2732
1856
723
1521
1168
1521
1576
1586
3350
2204
2445
2421
3360
856
2892
856
2749
856
3034
856
813
856
107
211
1662
521
2458
3723
1835
3723
1400
3723
934
586
1871
586
2155
586
4030
586
2208
586
1914
4089
2896
4089
2463
624
3958
624
3969
3115
3359
3169
2945
3204
3908
3204
3749
2667
3565
1877
3331
1624
3606
1624
3583
1624
3599
4055
4082
4055
1472
3282
1471
3282
2806
2940
2943
2940
2057
877
3277
3807
1871
580
2162
580
2155
580
1872
580
3006
2999
2871
2999
2196
2999
238
165
2412
814
1079
814
2116
2009
2029
2009
483
850
1321
1011
553
1011
19
72
18
72
34
72
21
72
23
72
28
72
75
72
22
72
2949
2349
2020
2349
554
2349
406
2349
3701
2349
375
2349
1173
2349
2007
2349
566
2349
2013
2349
3934
2349
2009
2349
836
2349
2817
2349
1546
2349
3313
3907
3319
3907
3488
3907
3163
1580
3023
1580
3527
1580
1336
1580
3526
1580
4070
1580
1098
1814
2140
4017
1544
4017
2863
4017
552
1009
798
1009
2717
1850
1096
1850
2144
1850
3407
3406
1790
3406
588
2011
2129
1313
876
3445
4104
3445
2715
3298
81
1970
3680
1188
3680
1755
3680
798
3680
1965
3680
405
3680
1107
1222
1102
1222
3888
3830
3855
3830
822
878
1795
3801
373
3059
1161
3233
2330
3812
588
3812
79
105
2282
3376
3722
3699
3801
3699
2958
790
997
790
3309
790
4016
3930
1616
3930
2694
3628
2388
3628
3260
3628
696
1216
1626
1216
4028
1878
3539
4011
3889
2800
3075
2800
484
3901
471
2332
1750
3912
3411
3912
609
2668
1853
4002
2962
1790
2823
1790
1306
2579
920
919
920
919
1319
1479
1587
1479
1830
1479
302
265
263
265
221
265
4171
1901
693
965
2763
2891
3033
2891
2613
1919
1755
1965
1730
479
3604
479
1116
901
3620
901
63
866
2943
3053
354
2640
354
3390
354
3902
3870
2030
583
1015
583
3800
1227
3912
1227
1412
853
3813
3273
1514
1525
1194
1525
2700
2425
2136
2425
1834
2425
1669
3336
1584
1583
2018
1354
3257
1354
3507
3970
834
3970
2197
3970
309
308
161
308
1180
3550
2946
3550
2172
525
2104
525
2095
525
3564
525
2461
525
891
525
1473
1853
839
1310
2462
1310
996
2337
885
2337
45
2264
2163
2715
1565
2715
4098
4085
2677
2338
2221
1872
923
1872
2781
2769
2912
2769
4094
3595
2390
2951
1555
2951
4205
4265
4239
4265
4194
4265
2398
2662
1456
2662
2027
2662
4099
4069
733
1228
1812
1228
2818
1228
615
872
76
55
3747
3716
759
3716
4253
4206
4253
4206
665
676
732
3325
3342
3325
3530
3325
94
784
2044
784
2044
688
1431
1099
1431
3410
793
2536
793
2731
793
3955
793
4046
793
1628
793
3143
1841
3328
2531
3691
1676
2316
1676
357
2803
1036
1044
2816
1044
781
1294
773
1294
4
2866
3435
431
2317
431
483
841
1490
2304
699
2304
3804
1793
1505
787
3542
3854
785
3215
3235
3215
2414
1159
2381
1159
3076
657
2391
657
2324
657
3113
3292
2838
3292
912
3574
3329
3574
466
1787
1696
2634
2779
4112
3980
3954
1795
1657
4192
4228
871
2159
1073
2159
863
2159
1634
1598
3975
3622
1362
3622
1081
3622
32
2249
2961
3257
215
270
300
270
2719
2860
3417
3918
682
2608
384
2608
3043
2608
2283
2608
3142
4008
2202
1670
1102
1213
1603
1213
974
598
4067
598
3967
598
99
163
263
163
290
163
1050
3818
3479
3818
634
670
2472
3111
3116
3111
1087
3288
485
1099
589
597
2697
3109
384
2607
3562
2607
4143
4134
1711
2744
3824
1597
3822
1597
3713
1597
1050
1597
3435
1597
842
1597
3633
1597
534
1597
1205
1597
3768
1597
1661
1597
1704
1597
414
1597
629
1597
694
1597
3823
1597
1094
1597
1418
1597
1585
1597
3479
1597
1481
1597
1293
1597
1372
1597
1415
1597
3850
1597
3766
1597
1709
1597
1267
1597
3939
1597
788
1597
1262
1597
3126
2099
1920
322
9
3468
1316
1922
2232
904
1658
1503
3251
3968
1069
3358
3565
3354
3565
3515
3565
479
3939
579
1015
1479
1788
102
103
3996
1322
1762
3690
1748
3690
3775
658
2954
658
2452
2069
430
2069
3476
2069
3881
2015
1825
3839
3858
3839
663
788
486
3689
696
3689
745
3689
778
3689
3696
3689
1646
3689
625
3689
3841
3689
1659
3689
1514
3689
3799
3689
3779
3689
3739
3689
1070
3689
503
3689
1104
3689
3800
3689
1548
3689
3796
3689
1193
3689
1326
3689
1588
3689
783
3689
1048
3689
782
3689
1194
3689
3912
3689
787
3689
1664
3689
627
3689
293
279
225
279
262
279
1314
4073
3485
2270
4123
2613
459
1208
2358
1208
3529
3581
949
1742
4081
1742
4075
1742
2169
2147
1136
1649
1556
1649
1135
1649
2284
2280
732
2198
3342
2198
3530
2198
1167
2935
3245
2935
784
2935
3963
742
3922
3519
2391
3519
75
2547
649
2475
649
1746
649
3469
1147
1997
1147
4108
2889
3356
2889
2480
455
2127
455
1092
455
1091
455
1809
2823
4124
367
2119
367
363
367
2699
367
3922
2324
1632
1771
2081
1455
3252
1455
2292
3383
4148
3383
1899
2555
3462
2257
2182
1367
3774
1234
806
1234
2074
771
1719
771
1604
771
2745
3587
1909
3587
3340
3587
1976
1739
1982
1739
3339
921
3155
921
3340
921
479
1368
3386
2258
3563
2258
756
1632
473
1632
452
1632
1737
1632
526
1632
3754
1632
762
1632
998
1632
1102
1632
758
1632
2019
1632
2001
1632
1633
1632
743
1632
3552
1632
1203
1632
2813
1632
3551
1632
1782
1632
771
1632
662
1632
93
42
1655
3538
809
739
1725
1921
1949
368
3936
632
96
223
1070
3748
3796
3748
83
73
685
3844
1148
1649
1148
1946
395
4209
4185
182
195
183
195
14
4165
2335
505
2328
505
2949
446
1972
446
1741
1561
2221
3349
2986
2461
653
836
2998
2495
3579
2495
2185
2148
4251
4197
2877
2197
414
1685
3712
1685
3479
1685
1372
1685
1415
1685
3420
1685
3921
1395
2137
1395
756
1446
452
1446
1041
3269
932
561
2153
561
1867
561
4063
561
2147
561
487
1207
1203
1207
902
1505
3422
1505
1616
1505
793
1505
2564
2546
1468
1836
1309
1836
1864
1836
1740
1836
1807
2405
201
251
262
251
296
251
1859
664
1655
664
3565
3129
2525
3129
1541
3208
343
2627
2631
2627
2634
2627
3511
4057
1905
4057
3474
4101
1918
4101
3473
4101
423
1664
3096
3071
3275
3071
525
2373
308
220
937
2874
938
2874
3502
2874
1620
2874
4090
2874
2193
2183
2193
2183
127
128
2833
2817
2200
2540
3123
1830
36
1302
2946
3447
7
2420
1440
1396
1440
4160
2292
2651
3905
401
3905
2071
3946
1527
4015
1527
4015
4001
2175
6
96
3824
3420
2424
3420
3822
3420
1050
3420
3435
3420
842
3420
534
3420
1205
3420
3768
3420
1661
3420
1704
3420
629
3420
694
3420
3823
3420
1094
3420
1418
3420
1585
3420
1293
3420
3850
3420
3766
3420
2948
3420
1709
3420
1654
3420
1268
3420
3939
3420
788
3420
1262
3420
2390
830
1817
830
3543
440
837
440
1076
3486
229
239
4194
4231
1302
3042
1072
3805
3948
3805
1071
3805
2113
1175
1833
1175
70
3898
3846
2717
3572
1096
3572
4153
4148
1730
3952
242
145
2736
4051
2149
2985
1878
2985
3535
2985
2789
2286
2639
2286
2638
2286
4167
4158
2841
3852
3195
3643
861
3643
4158
3643
3311
3294
1804
2818
4163
2276
2768
3441
3484
3441
2604
3441
1186
1262
1637
1262
3558
1081
2957
2352
3312
2081
1084
2081
2070
3624
227
101
4260
4213
4183
4213
362
2628
3042
3039
862
874
3649
874
2419
874
3404
3957
490
3577
1427
3218
3904
1071
364
373
3457
3456
942
3456
3343
3456
1793
1627
3142
2129
1732
1874
2184
1874
565
3857
21
185
2846
1183
1112
1373
1002
1373
1650
1373
1212
1373
1278
1373
995
1373
3860
1373
850
1373
1099
1373
2831
2664
3990
2071
1484
1129
668
1129
609
627
2018
1042
611
1042
1204
1292
1197
1292
3142
4005
2899
3175
457
3915
2192
4046
554
2302
825
2302
3294
2830
524
1540
3299
1817
725
2440
3572
2042
4272
4232
2387
3815
3852
3815
3091
3254
2847
817
2099
817
1716
540
1722
540
892
3571
2873
3571
891
3571
2678
1985
4252
4194
4191
4194
3408
818
1876
3951
1660
3285
3703
3693
3233
3693
2891
4052
4069
4052
4069
4052
3782
3239
3926
3239
3907
3851
2166
985
1659
1276
1194
1276
3303
1818
1426
1286
1277
1286
71
4168
2205
3442
135
235
178
235
1588
628
627
628
2045
1039
3610
1039
3974
1039
2663
1352
807
1352
1189
3568
3608
3568
2018
3568
2017
3568
3403
3568
718
3568
3777
3568
851
3568
3704
3568
1406
3568
611
3568
768
3568
2418
3568
3862
3568
1444
3568
2011
3568
2264
2262
2740
1628
3621
2039
4156
352
3259
3081
3258
3081
197
280
297
280
3632
2649
1096
1198
2966
1198
2855
1198
3290
1198
2144
1198
812
1198
3781
3582
2020
3582
554
3582
825
3582
2007
3582
2013
3582
1666
3582
3872
3582
551
3582
2009
3582
3801
3582
3869
3582
1424
1280
1277
1280
4086
3147
2738
3147
4064
3147
2603
3147
3423
3147
1883
1613
4041
1613
2520
1613
465
1613
526
1270
771
1270
3639
935
1882
3973
4058
2742
1335
3553
2992
3553
3008
3553
2884
3553
3641
3553
3442
3553
1908
2208
937
2208
1587
3270
1830
3270
800
3873
2337
3873
3510
3509
1693
1935
3647
1935
1999
613
1029
613
2868
1324
4114
2771
2615
2771
3010
1889
3335
1889
4059
1889
549
555
2836
1823
1079
2367
693
2234
1921
2234
1897
324
2237
889
2111
2455
1621
1257
528
1257
1727
823
1136
1555
1556
1555
1135
1555
4172
2632
854
1258
810
1258
192
240
1701
3598
4106
3598
2581
2739
808
2368
298
275
145
275
3070
3729
3766
3729
491
2921
3577
2921
2574
2561
4178
4155
410
546
2661
1461
400
405
2407
495
3995
3328
2562
3328
1744
3328
3686
3676
2260
4145
2262
4145
719
2505
1863
2446
3050
4130
2285
4130
2889
2207
848
1405
2851
2836
2480
461
2529
461
4026
461
1425
461
594
1546
4009
2685
1198
1197
3419
3148
3024
3148
3171
3148
1724
1495
1811
2395
1823
2395
16
366
3205
2450
3291
2695
3291
2473
634
3318
634
2158
634
3404
634
1565
634
2947
3246
4275
4273
4179
4273
3168
3159
131
319
317
319
388
2657
2771
3423
67
22
3562
3366
3398
2787
331
4113
3560
4113
1925
4113
686
4054
4079
4054
1410
1634
1745
1634
3782
1634
3765
1634
1289
1634
1718
1634
723
1634
1506
1634
754
1634
418
1634
1168
1634
3392
1634
1065
1634
1245
1634
1341
1634
1663
1634
1600
1634
3926
1634
849
1634
667
1634
501
1634
747
1634
1395
1634
1440
1634
1373
1634
1232
1634
1860
1608
1165
3621
1165
3621
230
221
4049
4018
4037
4018
3175
4018
3261
3908
2822
3908
3265
3908
2214
2213
4074
2213
889
2213
2384
2670
4123
2598
2398
1249
1179
1249
2178
1860
4035
1860
4033
1860
164
286
202
286
220
286
1868
3444
2086
608
606
608
1841
608
2037
3808
83
25
1976
860
1982
860
3243
860
1736
860
2335
860
2343
860
427
860
2655
860
1413
860
3074
860
1738
860
3073
860
3842
860
3241
860
474
860
1978
860
2329
860
2336
860
2942
860
1612
860
1989
860
2326
860
2333
860
800
860
2327
860
2328
860
1979
860
2332
860
2337
860
2338
860
1455
860
3071
860
495
860
1
100
2476
744
2091
744
713
2111
754
1109
850
1109
2486
607
2132
607
1477
607
1312
607
2706
3297
3490
1744
96
258
2841
3099
361
2597
3638
2597
2258
2597
1921
2597
754
1111
501
1111
2344
1607
2708
2109
4108
4096
3356
4096
3352
4039
3164
4039
351
2788
1650
3627
1245
3627
2706
3252
700
2316
2353
2316
3740
2316
2807
2316
4177
3640
579
2658
2665
1232
775
1232
1688
3069
253
214
3347
4088
4069
3015
1988
2322
1749
2322
259
216
4048
1891
1691
1891
2600
943
685
3399
4164
3380
4031
1579
91
1856
2479
2904
2901
2902
2901
2606
2901
3580
3526
293
244
103
244
77
1943
2539
891
632
2919
574
579
580
579
3497
2965
2727
2525
1567
2227
4112
2227
2187
1425
336
337
2858
2853
1731
2853
1605
1337
2371
1264
817
1264
3843
425
1657
425
709
2310
1101
2354
3027
4070
2235
2583
2233
2583
114
115
2655
1951
3065
1951
3136
1662
3982
1662
2157
1662
1840
1662
4271
4255
4017
1338
726
1715
1543
1715
3266
3869
2821
3869
2028
3869
3812
1769
1898
2872
3066
3706
3239
3706
4099
951
4180
4245
51
3584
1402
3745
2026
3745
2030
3745
3856
3745
2960
3745
2034
3745
804
3745
3839
3745
2477
662
2472
662
3116
662
85
24
359
715
3498
3969
3140
3969
64
338
4184
4209
116
269
217
269
294
269
3536
3535
394
2228
1938
2228
339
2228
2556
769
2451
2431
1538
866
492
866
3544
866
1424
866
1063
866
781
866
785
866
687
866
766
866
1549
866
1724
866
3543
866
821
866
3763
866
1490
866
1181
866
1426
866
1037
866
805
866
837
866
1277
866
2363
866
2377
866
2378
866
1653
866
2370
866
699
866
2668
866
841
866
2373
866
68
3317
2841
2507
2841
2857
2841
576
1531
607
803
2624
3044
1527
1866
3145
1866
749
1866
2521
1866
4015
1866
409
2793
766
531
1181
531
912
1304
1068
2676
2683
2676
352
2294
1468
1803
1470
1803
1469
1803
1740
1803
