1957
2123
2934
3924
379
1189
3419
241
957
3824
1123
1379
1537
2847
3360
1235
2510
970
2437
1410
1454
3026
3943
2554
288
898
4128
1970
537
410
2325
3240
2908
3483
454
3012
1898
3652
3843
3227
1897
1720
2907
4137
538
256
3136
3605
897
4269
3438
3646
2438
3762
720
2848
1538
1033
1504
331
2221
2404
2494
1684
958
1394
316
504
1331
2033
684
1958
3221
394
4076
2643
2875
726
1712
1665
601
2117
3130
3184
4111
1619
3302
2591
712
1726
1601
665
619
3311
1117
264
3547
1174
1829
3787
3520
3737
132
1883
281
3386
3998
2174
829
3887
883
76
3472
3
2733
249
2962
2984
2651
3317
2781
1118
3541
3700
33
1422
416
3781
2522
3731
1976
2118
213
3982
3020
1416
422
4203
976
2516
3881
3355
480
3764
1982
700
1964
1480
2690
2380
4027
3639
3153
1700
2927
982
4040
964
2778
1467
2219
524
2567
2265
1056
1355
1243
129
3450
467
1524
2056
2424
2201
355
127
1191
3141
1166
293
3822
1103
468
4021
135
3093
3618
2166
2750
2103
2568
2714
51
3922
1468
4258
996
2777
1346
2305
4216
2928
3172
3654
1295
1045
1996
346
3775
4248
2361
3063
1251
3006
2045
4277
949
56
2756
2473
2160
2635
1573
4102
1949
110
3474
1160
3198
573
2913
3795
4230
2078
492
3984
3000
402
3276
3333
340
1990
1078
2392
3895
2682
1492
2859
1402
1340
2502
990
2589
3087
2745
3304
3088
932
4099
1706
3670
1621
1763
2386
1077
2696
1486
706
20
1932
763
621
170
486
3713
2077
3182
552
2014
809
2050
3465
1811
2799
1552
1014
2452
1809
1050
811
3160
1756
1473
913
1635
2573
756
473
3523
1913
635
2949
3187
4103
3669
502
589
2990
1087
3078
392
682
3884
859
2000
39
2402
3544
2087
1502
2340
1589
1392
3995
2492
4225
1859
3784
1000
1682
3734
2763
1386
274
2621
2486
3759
1696
2088
1745
2706
3314
3703
4171
386
3077
696
745
1088
2932
3181
3050
2811
799
3014
452
3358
2809
271
1799
2552
1452
927
3499
2982
3840
778
2964
690
3827
380
3243
1153
3480
1927
2700
3940
1778
3426
1690
3363
2480
2153
1380
3927
2355
2243
1219
2467
3224
1265
1567
424
54
2191
2524
567
1201
1424
3056
714
568
2141
3821
1093
750
4022
3103
1568
1714
2468
2093
4199
1141
3921
3435
3608
1750
3166
1006
2172
2295
4275
1777
2346
4268
1928
361
1305
1063
2006
1172
2251
4276
3045
2996
234
777
2063
928
1361
3477
2665
2130
2619
3117
245
1643
1875
591
3976
2712
3556
3301
2601
3195
3330
1130
4125
1591
3876
875
643
2726
3312
111
2829
2883
3798
3987
166
306
37
164
3898
3174
1733
781
3471
962
984
651
3307
733
1781
1962
1984
1651
3468
2422
3542
2976
516
3710
1522
171
3782
1020
3732
3673
104
2416
3981
522
1516
3118
106
2020
3882
4024
3123
1934
3453
2957
934
2379
2189
3767
3409
2026
1012
2454
4043
1554
1510
2235
2537
1847
250
2410
325
1437
908
2012
1026
554
2898
847
2970
510
437
1908
3651
205
1325
4188
438
1907
2720
848
1136
3696
2897
3379
1438
907
2538
1848
3761
1
2136
3615
2684
1494
2394
2504
1404
1221
494
2958
31
3657
3033
3222
2331
3778
404
3185
3120
2892
4184
2018
785
3339
1902
736
4166
655
177
1018
1785
1736
179
902
1655
4107
3997
3084
1449
2549
1839
1513
3888
2413
449
3462
3548
839
2973
513
3788
3738
2723
2074
242
2661
2952
646
1871
595
3318
1074
2605
1646
1595
871
298
1842
2532
1432
3991
1017
190
3892
3354
842
4066
432
3719
2017
3030
2886
3792
3400
967
3431
3925
2279
2133
2924
1640
2289
1967
86
1133
3825
4233
640
2880
3036
203
2427
3228
1225
3772
1527
464
3633
2564
2718
2335
527
1464
528
3437
17
2717
1730
3936
69
3112
1528
4211
3370
730
2428
3686
3836
4129
3604
3126
2231
1968
321
1023
282
2023
2774
968
1321
151
2625
1114
283
693
3197
1741
1150
383
2114
2703
741
3475
2483
1693
2766
1383
2150
1772
3352
2869
2240
2815
4086
4264
1679
2177
3985
3794
3516
772
4098
2988
1177
679
3660
3894
1178
1631
1916
1090
2987
922
3346
3191
753
476
3305
144
3100
631
2178
3750
1922
2090
146
916
2576
1753
1476
3266
247
3464
2462
1562
1060
562
2060
1470
4028
3163
3611
182
1508
910
19
2096
2570
3765
4247
2408
2145
2498
3949
954
1688
3602
1398
3106
508
3489
470
2937
4257
1096
1910
3849
688
1954
1145
3490
3072
398
2066
201
2291
2993
457
2003
365
1301
534
2557
2255
1066
3413
1457
2343
3041
1319
4114
2434
2844
1534
1003
1365
120
2156
2760
3617
67
1458
4200
2558
894
1156
2904
458
1894
2351
3655
3053
397
687
2938
1261
507
1082
1397
194
2497
1687
2195
196
2246
2407
4132
3774
1205
2082
1507
4049
2688
1498
3612
3145
2106
4095
1072
2398
2163
2508
3928
2470
3630
937
3601
1408
1570
3096
498
2954
1106
2072
3828
1163
570
2910
1937
4267
408
434
2301
844
3225
3003
272
557
3066
3459
1993
343
1291
1041
1434
2319
2365
2534
1844
1255
1557
3403
2041
2457
993
1343
2458
1558
3607
1760
133
3156
904
558
3434
2894
760
1904
1938
407
6
2261
3236
2053
1351
497
3373
938
1246
1407
2507
4133
3082
2205
351
1053
2397
1195
2687
12
1497
2741
483
186
766
703
1625
184
3188
2693
1483
3150
1766
2383
3114
1703
625
3177
3351
3885
4254
2679
1869
2772
988
1240
1815
4244
3735
14
4229
3785
3994
3545
869
1988
815
3506
1987
3315
2916
576
1100
3192
2631
3090
1576
987
2922
2753
2476
3679
191
2100
3178
3357
1462
2562
3060
462
3726
2640
1289
3432
3768
1279
3410
3133
1924
4025
200
2967
924
4195
1427
564
718
335
2527
3493
114
2225
3249
3771
1880
2036
116
1335
427
1718
1564
4187
2464
880
1036
3369
4036
2112
1126
313
2730
428
1717
4174
3614
2126
1112
2528
4212
1428
717
1231
774
2968
3777
3658
226
121
1774
2321
3023
2902
3663
4156
1892
2120
3018
2736
4146
3478
2655
1120
892
45
4110
3194
2785
3396
973
2513
1413
3988
3897
2449
2084
1549
2839
3461
1973
3529
158
150
413
3797
1084
549
3308
2871
3074
1661
605
1723
1952
2595
1605
723
53
661
2646
952
3753
1030
886
3992
215
2842
1532
3866
2432
3891
2030
1886
3017
3467
3709
532
3966
3791
2259
3418
3256
2022
3760
1016
1738
1315
1369
520
4044
2016
1022
2887
2420
738
1520
369
3495
1960
704
1149
647
484
960
4023
3113
1704
1647
2384
2149
2694
1484
3454
2199
1648
3439
305
1209
315
648
1211
36
3650
737
3242
2888
1132
4097
246
1737
2710
2754
3362
2132
268
344
2801
1994
843
675
1791
3004
433
3337
2865
1344
994
2819
99
791
97
1675
1843
2533
3470
1433
2164
3999
3980
2716
2629
3127
3702
3038
1164
2722
3711
11
2953
3665
512
2972
4122
1526
1581
2054
3674
2426
4256
3037
3331
2010
4218
284
3300
1851
3128
526
1512
1054
581
2412
1010
4246
3755
851
903
2941
966
310
259
1903
3522
2893
1966
3717
3405
2550
2083
3446
3638
1450
3920
2339
1414
2768
974
2514
3947
102
450
3820
1083
3487
414
3052
1974
3223
1229
3847
477
4151
1917
2986
2930
4056
3364
4141
1477
2275
2577
917
3244
2285
3619
4042
1390
95
1680
2490
2176
1002
2400
3941
918
2578
1500
2342
1478
390
3481
1176
2002
680
3375
1918
3841
50
478
500
2992
3073
2371
1724
2181
3452
2767
724
3162
4108
3543
506
445
3180
4190
1098
835
3783
686
3733
1170
563
3199
396
1445
1506
3672
1835
2098
2545
2247
2406
2496
2170
2463
3883
1686
1396
1563
3108
1923
3134
1068
1789
1752
3524
2157
4223
1659
175
2068
923
752
789
659
1157
1158
456
773
2067
2821
2158
1456
1773
3024
2556
1067
2482
3586
2609
4139
3107
1692
1382
3704
2702
2097
2248
1599
692
2611
382
2936
2980
599
1097
3313
496
463
1108
545
406
1463
3983
2686
1496
3170
2563
3671
2108
2396
2506
2445
238
3334
1247
1406
3098
2835
1545
291
3473
2659
3157
2134
2923
2752
2789
3668
302
1134
3068
219
1024
556
3067
821
4105
217
2024
3677
2456
2773
3758
1556
1821
3158
936
1248
2599
980
3359
3097
1702
227
2692
2107
4186
1482
3714
1609
2382
611
702
1936
1980
3303
4175
482
609
1107
1611
1339
1052
2414
1768
1514
4047
1550
2450
4020
3083
3415
2052
339
3498
2974
768
514
2229
550
3956
278
168
3576
4161
79
3457
1986
1930
2917
577
3856
1285
2477
1577
3763
986
1275
930
1578
1400
4041
2478
2500
1342
992
3942
2390
3176
1490
2680
3609
400
3482
2918
578
342
1992
3653
3842
490
3002
1181
1162
57
767
1371
108
2724
3451
2073
2162
1767
1073
371
2004
2791
48
533
865
1801
2994
819
2843
2675
1533
1004
2433
2344
801
1865
1819
722
3880
1716
953
629
255
1127
1038
3164
3899
3780
716
3730
1722
3527
1953
3701
2127
3540
3712
1629
3183
3799
2038
3010
3310
4266
2037
2851
2128
2526
3332
1972
1426
4123
3054
2581
412
1037
1128
4272
972
2512
1412
426
1941
893
4205
1893
3707
3469
941
3521
2966
2903
2315
420
2738
3484
4081
123
2369
3635
4219
1259
3844
260
3022
3408
887
1420
309
2520
3944
1887
3016
77
384
694
3220
2960
13
3247
3823
1113
3149
1384
2647
2484
1694
3367
2704
2113
3923
2209
3626
1199
2648
2211
3378
222
1888
754
18
3241
59
3296
710
3779
888
1754
3132
1710
3361
2737
423
2855
4144
2244
225
2585
1423
4154
2523
3338
1945
1154
3790
2906
3549
3193
2963
3739
1896
1110
3789
2154
3664
3890
945
2732
4217
3028
3889
3137
2639
896
2110
2795
3138
1064
882
3027
861
2436
1805
3675
2846
1536
2671
2064
1882
3754
4182
805
1861
3319
536
1094
1956
3718
713
3460
198
2749
2094
956
2642
3104
1713
530
294
1977
1728
417
3372
2032
359
3816
4080
977
3494
2517
2840
2215
1530
728
2269
3417
1417
2430
125
4220
1032
1359
4006
3916
4045
950
230
914
2574
1474
3455
4193
1950
3229
1914
474
2311
3013
160
148
2049
3411
2309
1049
1299
3402
2116
890
1122
3613
727
1418
2764
978
2518
2122
3770
1890
1116
137
139
2900
1727
418
3286
1978
3993
3752
825
1553
3080
2453
997
2776
1347
3007
4138
553
1825
15
2
1997
347
762
2058
26
669
3525
1167
1933
3124
615
2879
1762
1058
2167
1669
1615
933
32
257
1403
2503
2168
2566
2393
1057
541
1466
2683
1493
403
3034
263
1168
2057
2441
493
466
2831
1541
3662
1998
348
142
3536
572
2912
3008
4241
3705
2070
3746
2472
4127
998
1348
1572
2926
4251
3350
4262
1070
460
3488
2329
4109
2884
3848
3062
3404
3173
1239
3637
4029
1460
2560
2758
3948
1076
1185
2697
2102
3365
1487
1644
2387
2920
1707
3092
1375
487
2076
3206
1102
3245
644
707
4160
375
3492
708
488
2770
3600
3086
4
1242
3631
1708
3374
2388
2698
4092
1488
3433
983
2757
1734
3152
1983
1281
34
734
1271
1884
758
3414
2062
3497
1173
3829
1329
560
1758
884
4048
209
1062
207
3929
2460
2173
2239
4172
1560
329
2707
4135
2092
156
1920
4140
307
2375
2487
154
4116
3102
2185
1697
1387
2644
920
4150
1092
3076
697
3216
3458
387
3491
388
698
770
3773
1086
1388
4093
3566
2488
3632
1698
2086
1770
2708
3610
2242
2734
2152
301
1757
292
2271
1152
2281
161
2983
757
2553
3751
1453
1776
2347
2080
3893
1007
2825
3190
3335
1080
4189
453
2997
776
3793
2007
3189
2933
2124
66
3667
879
173
3058
2669
3167
4084
2615
1124
2762
118
1879
1393
3757
1566
441
2493
3678
2466
831
1683
2403
1034
1503
3168
566
1441
393
3057
1831
2541
683
3463
3326
503
2034
2008
3661
4242
3715
3070
472
2998
1912
926
1008
4261
3596
4252
2348
89
1472
1926
2572
912
3032
3806
4235
3845
3634
3371
2977
517
840
2728
3485
430
4214
2359
3906
188
4016
3945
2530
1840
1215
1517
3769
3407
1430
2417
1269
1574
2474
3368
2914
574
233
3248
2950
3049
2013
1311
3377
3412
52
2299
3430
1013
1309
3401
900
2418
1518
1764
3603
3116
2727
1900
2978
764
518
2890
3122
3659
1244
1585
3479
273
523
212
1855
585
2423
855
4164
1523
1963
1028
1137
639
2896
3528
2945
1906
732
2028
963
1639
3110
3989
2137
3154
3990
1732
906
2805
1436
3353
1846
2536
671
1795
2138
2027
2861
436
3309
229
846
795
4181
1138
3064
1671
2882
1027
2956
642
3708
1104
749
1642
87
2713
2104
1749
3094
1824
2021
1323
677
1179
824
2867
323
295
1021
2233
2179
1677
1780
3259
1614
4032
1650
3900
3931
49
3425
4010
4196
780
3203
3125
614
3800
650
3681
3831
1226
3035
2336
1212
138
3234
3436
1131
1678
3648
149
2600
2868
3937
147
1590
678
2131
3687
3837
2989
590
3996
4221
1459
1792
3388
2559
4157
3862
3504
2802
2330
4119
1317
224
459
4061
2885
792
4147
3962
1220
596
2939
374
44
645
873
1596
2721
4078
1374
2663
1184
300
2606
1645
1873
1689
199
2499
1852
58
3392
1399
3724
1509
1582
197
2409
511
2971
852
689
399
4067
509
2411
582
1511
735
3533
2942
656
786
3743
1735
1318
1656
1786
837
3210
447
262
3232
3813
4059
2547
1837
2810
2245
1447
2353
1206
3051
2584
4003
1263
3913
2854
2196
176
3449
47
2155
174
944
2620
1944
1155
4207
804
2341
3043
366
2065
1001
2019
2293
2991
1804
1366
2794
2001
1303
2256
1065
202
1019
2146
4250
3616
2182
3105
1448
3560
2372
2095
2548
1838
3695
4240
1146
3161
4034
448
181
3283
1095
838
78
92
2250
1360
2214
529
3517
3394
1529
3722
360
2429
3278
633
1915
3875
4238
475
1969
153
3196
1751
1140
3341
3975
2277
2575
915
1633
3555
969
1475
751
3261
2287
2140
2288
2190
4091
3589
1200
3964
3590
2816
2278
3511
3864
3502
21
2822
3320
2701
1381
2626
3347
743
2481
1691
4124
2719
2765
152
2612
381
691
1743
3267
1214
2360
429
3385
4204
1250
2529
1429
119
3721
117
3507
192
2751
4087
575
2915
2969
3342
3140
1287
4274
1575
2633
4075
3262
1277
2475
287
2200
4064
3356
822
1278
1816
1190
1288
816
3512
3740
1822
243
3501
3727
3530
1626
2381
612
2691
1481
719
765
312
1701
1612
626
2743
481
1719
231
701
1765
3803
3579
3959
8
854
547
810
3200
3231
353
584
1051
3903
2263
1196
4013
3859
1854
1810
1245
1547
2837
60
1584
2051
2447
2206
1353
3428
3155
620
2944
208
1620
794
3065
3019
3237
2043
991
1341
23
2303
1256
1794
3001
1991
2804
341
1293
1043
2366
1372
2448
2838
3095
1548
3606
4260
3146
3645
2105
1182
3684
3834
1161
372
548
3934
2161
1105
3397
4167
2317
3514
1802
1330
3896
2459
3861
885
2792
1559
4222
4062
2220
3275
802
330
4173
1885
3796
3961
559
606
1939
3878
721
663
4106
1606
2184
2873
2645
3558
2596
939
73
1663
1721
3978
2374
2509
411
2582
3391
1409
1971
41
1499
2852
2689
2399
3867
1411
409
971
2511
3466
3323
499
3967
3264
1942
3593
2786
2318
2735
65
3344
942
2656
2323
3021
2824
867
122
2677
1233
3179
1867
4000
2650
3910
4031
2780
3932
2614
1125
3810
187
189
3682
3213
2125
3832
4180
299
3280
2035
3776
3299
4120
336
2226
180
3563
0
1035
1336
80
2212
3629
1868
4037
2590
989
2678
1600
868
30
1989
3131
600
3698
3546
124
2320
415
3505
469
1975
126
3786
3736
1415
3387
2569
2515
1230
975
4083
2217
1469
3886
4077
2284
2653
2783
2274
2929
98
2731
4068
862
3725
4243
881
131
2779
4253
3381
1862
285
1881
2672
1666
3583
4071
2593
2218
3552
2876
1603
725
3972
666
2641
4118
5
3316
3872
603
1725
2857
3443
1333
2031
3089
1444
2587
2544
1834
62
2223
1031
333
444
3226
834
808
3424
1947
3819
4053
660
3692
1808
3641
2870
947
2798
3135
3919
1660
4009
3025
2797
948
1236
2312
1807
4179
3235
304
3290
1948
4121
3289
807
2326
2079
3688
1121
3838
4094
290
3647
2588
1079
2858
3620
3938
2121
3518
539
813
3277
350
2260
1314
2439
1539
2849
236
3395
1813
1350
959
2385
1187
2695
314
1485
2746
1377
4142
3874
761
1705
623
4226
1959
485
4152
3554
377
705
4163
1623
1761
3974
542
3539
3965
378
3749
2040
3271
1542
2832
2300
1378
3865
2442
4237
1040
1290
1188
261
2755
899
2636
3268
571
2911
1899
1571
2909
2471
3348
2363
35
3061
3253
1674
1296
1046
3850
2864
995
1345
2306
1253
827
674
3005
2046
3209
1995
345
3950
3570
4191
1827
318
276
3091
1119
617
2101
1165
4026
3143
1617
71
2630
2119
2165
1101
1356
2203
1618
43
1193
4208
2266
1055
356
618
82
88
1241
2055
1828
3151
828
1272
3422
2740
4035
4259
3694
1282
2345
1864
2253
1306
167
2674
2061
1005
169
1363
2296
4192
4050
864
2995
2827
2005
363
1061
3219
3046
630
3101
232
3826
2091
1143
1630
3119
2617
3427
3165
311
3440
2143
3926
1091
109
2193
1266
3623
2356
1203
2618
107
2241
74
3055
3238
4271
4234
3835
4239
3644
3685
2828
2151
4215
3293
740
4249
3935
3421
297
3569
2282
2272
1151
1740
3384
3508
439
849
2813
2350
1439
2314
1260
1849
2539
1746
2377
2705
4143
1385
2485
2187
1695
746
155
4162
2761
4074
4153
2623
2959
3186
385
695
3040
3728
832
4065
3272
442
2290
2188
3599
4090
3580
2542
1832
1300
1442
2378
1911
909
471
27
130
1755
1636
218
2571
911
4183
1909
1471
755
2899
636
3329
1587
2089
2444
2834
1544
1857
3031
2333
1089
587
544
1223
857
1135
798
3953
3809
3573
870
2947
3691
4019
3853
3642
2135
1798
2660
3909
2808
3250
3766
1870
2236
317
4136
326
2807
1312
2025
4115
1797
2948
1326
3656
1025
797
3079
858
3697
588
248
1858
4038
3121
1588
266
90
1320
3515
569
515
2975
289
172
3986
3398
4082
1569
2415
2469
1217
3274
2230
1515
29
731
3476
1783
1274
1929
1653
3977
1284
3557
1731
783
254
929
3877
653
672
3968
779
2881
3382
1672
3868
112
2862
1779
4263
1876
1218
3265
4072
2603
2666
3551
1593
641
3971
3345
876
2725
3306
3871
1641
593
940
2877
3214
2115
237
4236
3855
1667
2169
4170
1940
3281
3955
1115
2624
1169
3575
667
3009
349
1999
3817
84
2850
2313
3416
3011
3258
1349
2580
4007
999
2814
3917
3287
668
3802
3564
3811
2222
2059
4227
800
332
3649
1668
228
4012
2790
3902
3911
4030
2216
2878
1059
4001
1800
1332
1955
1144
489
602
1711
709
2144
2389
955
1489
3389
1602
2699
711
3390
1709
2592
2435
1806
2845
2673
2210
1535
113
1364
1237
4079
2796
2254
1863
277
3513
2327
10
806
364
535
178
4104
863
1895
3594
3960
1946
3343
2328
4210
2905
2782
2759
3860
895
1238
2652
946
3263
2961
2521
1421
1204
2586
2856
3324
2194
421
1654
1981
1283
183
2637
3139
1610
1273
1784
93
3207
981
654
610
38
784
4058
303
4159
4014
4117
3904
252
1820
1192
3448
3636
4149
3804
3562
2748
3085
2202
4178
820
1594
2747
1376
3933
1075
85
1186
2604
3142
3230
594
3295
376
3201
3683
3212
2075
3833
3171
3029
2638
1252
64
2362
3625
3531
2048
3500
4198
370
3741
3279
1298
3592
1180
1048
141
1370
2308
2925
2565
2334
1419
2267
1465
2519
979
401
491
1543
2833
2443
1357
419
2501
1979
1401
1224
465
543
2681
1491
3322
357
2391
136
358
210
1622
3537
3720
616
28
931
134
1729
3747
4201
1358
3588
1616
622
1931
2268
729
4131
2307
826
1812
2775
1297
1047
551
812
1826
4063
2047
2451
1551
3532
3666
925
3510
3742
3048
2370
4270
1925
3591
1308
2298
2180
2543
1833
3393
681
1443
2357
391
1334
2419
1267
501
1565
1519
2465
2491
833
1681
1391
443
565
334
1501
3321
519
2979
2401
2224
46
2729
2622
2931
3597
1268
2358
4202
2616
2297
3756
451
3260
2812
1307
3863
1775
267
1451
3340
193
3047
2551
3327
2826
253
4126
775
3963
2139
162
2610
2273
1637
2784
3858
2283
2981
2654
637
1139
3578
3958
61
4100
3217
748
1085
3496
4176
2820
3914
4169
4004
1202
2085
3429
1748
4177
3561
3255
2192
3814
1604
4033
2186
2142
3284
2594
1747
2376
3075
143
604
1142
3202
3211
747
362
1029
638
2171
1362
3567
2029
1171
2252
1638
2711
592
389
2955
699
1592
2709
157
159
3144
1389
1699
2489
2602
1254
1796
2863
204
327
3559
2806
1435
206
2364
2237
3979
2535
140
1845
1673
1210
796
435
1327
673
845
3879
3503
652
2946
40
1905
961
1328
782
759
4060
2895
3534
1652
2238
1961
328
905
4224
1759
1782
3585
3744
320
296
1194
1856
1521
1586
2204
2421
856
211
521
3723
586
4089
624
3115
3169
3204
2667
1877
1624
4055
3282
2940
877
3807
580
2999
165
814
2009
850
1011
72
2349
3907
1580
1814
4017
1009
1850
3406
2011
1313
3445
3298
81
3680
1222
3830
878
3801
3059
3233
3812
105
3376
3699
790
3930
3628
1216
1878
4011
2800
3901
2332
3912
2668
4002
1790
2579
919
1479
265
1901
965
2891
1919
1965
479
901
63
2943
354
3870
583
1227
853
3273
1525
2425
3336
1583
1354
3970
308
3550
525
1853
1310
2337
2264
2715
4085
2338
1872
2769
3595
2951
4265
2662
4069
1228
872
55
3716
4206
676
3325
94
2044
1431
793
1841
2531
1676
2803
1044
1294
2866
431
841
2304
1793
787
3854
3215
1159
657
3292
3574
1787
2634
4112
3954
1657
4228
2159
1598
3622
2249
3257
270
2860
3918
2608
4008
1670
1213
598
163
3818
670
3111
3288
1099
597
3109
2607
4134
2744
1597
2099
322
9
1316
2232
1658
3251
1069
3565
3939
1015
1788
103
1322
3690
658
2069
2015
3839
788
3689
279
4073
2270
2613
1208
3581
1742
2147
1649
2280
2198
2935
742
3519
75
649
1147
2889
455
2823
367
2324
1771
1455
3383
2555
2257
1367
1234
771
3587
1739
921
1368
2258
1632
42
3538
739
1921
368
632
223
3748
83
685
1148
395
4185
195
4165
505
446
1561
3349
2461
836
2495
2148
4197
2197
1685
1395
1446
3269
561
1207
1505
2546
1836
2405
251
664
3129
3208
2627
4057
4101
1664
3071
2373
220
2874
2183
128
2817
2540
1830
1302
3447
7
1440
2292
3905
3946
4015
2175
96
3420
830
440
3486
239
4231
3042
3805
1175
70
3846
3572
4148
3952
145
4051
2985
2286
4158
3852
3643
3294
2818
2276
3441
1262
1081
2352
2081
3624
101
4213
2628
3039
874
3957
3577
3218
1071
373
3456
1627
2129
1874
3857
185
1183
1373
2664
2071
1129
627
1042
1292
4005
3175
3915
4046
2302
2830
1540
1817
2440
2042
4232
3815
3254
817
540
3571
1985
4194
818
3951
3285
3693
4052
3239
3851
985
1276
1818
1286
4168
3442
235
628
1039
1352
3568
2262
1628
2039
352
3081
280
2649
1198
3582
1280
3147
1613
1270
935
3973
2742
3553
2208
3270
3873
3509
1935
613
1324
2771
1889
555
1823
2367
2234
324
889
2455
1257
823
1555
2632
1258
240
3598
2739
2368
275
3729
2921
2561
4155
546
1461
405
495
3328
3676
4145
2505
2446
4130
2207
1405
2836
461
1546
2685
1197
3148
1495
2395
16
3205
3291
634
3246
4273
3159
319
2657
3423
22
3366
2787
4113
4054
1634
1608
3621
221
4018
3908
2213
2670
2598
1249
1860
286
3444
608
3808
25
860
100
744
2111
1109
607
3297
1744
258
3099
2597
1111
1607
2109
4096
4039
2788
3627
3252
2316
3640
2658
1232
3069
214
4088
3015
2322
216
1891
943
3399
3380
1579
91
2479
2901
3526
244
1943
891
2919
579
2965
2525
2227
1425
337
2853
1337
1264
425
2310
2354
4070
2583
115
1951
1662
4255
1338
1715
3869
1769
2872
3706
951
4245
3584
3745
662
24
715
3969
338
4209
269
3535
2228
769
2431
866
68
2841
1531
803
3044
1866
2793
531
1304
2676
2294
1803
