1957
380
1957
372
2123
1714
2123
1697
2123
735
2123
2555
2934
1188
3924
2025
379
371
379
378
1189
539
3419
2576
241
28
957
3282
3824
3481
3824
864
3824
3288
1123
3609
1123
1652
1379
476
1379
790
1537
428
2847
2114
3360
3031
1235
3773
1235
2673
2510
3154
2510
3546
970
406
970
551
2437
1578
2437
2509
1410
1412
1454
1269
1454
1658
3026
2601
3026
2758
3943
2053
2554
2206
288
238
288
255
288
209
898
858
4128
3378
4128
2786
1970
838
537
3755
537
1409
410
3987
410
399
2325
2826
3240
1977
2908
1562
3483
3528
454
2118
454
703
454
1732
454
2548
454
989
454
1856
3012
2566
1898
3461
1898
4078
1898
2584
3652
3462
3843
1067
3843
1399
3843
867
3227
1736
3227
2337
1897
2217
1720
809
2907
1567
2907
1566
4137
4138
4137
385
4137
2290
538
532
538
3755
256
259
256
224
3136
3984
3605
3600
897
3961
4269
4253
3438
1723
3438
2230
3646
2349
2438
2106
2438
2110
3762
1006
3762
692
3762
487
3762
1007
3762
792
3762
3859
3762
1603
3762
2364
720
1735
2848
3581
1538
2025
1033
2816
1033
820
1504
1716
331
2251
2221
3364
2221
2587
2404
996
2494
684
2494
2720
1684
3686
1684
1685
958
959
1394
3866
1394
3513
316
181
316
143
504
2335
504
1738
1331
735
1331
2544
1331
2148
1331
769
2033
2066
684
2641
1958
380
1958
390
3221
2799
394
393
4076
3445
2643
1443
2643
555
2875
3518
726
1575
726
2284
1712
653
1665
1408
1665
2426
601
804
601
600
2117
2132
3130
2146
3184
4127
3184
2273
4111
2622
1619
2590
3302
3927
3302
3135
2591
3504
2591
2596
712
1079
1726
3548
1601
836
1601
3869
665
1655
665
2067
665
2701
665
1806
619
3132
619
1323
619
2499
619
3933
619
2860
619
1324
3311
2500
1117
1002
1117
3860
264
177
264
112
3547
2776
1174
422
1829
3506
3787
1329
3787
1039
3520
2179
3737
1063
3737
1549
132
131
1883
323
1883
4059
1883
324
281
224
281
289
281
216
3386
720
3386
3388
3386
721
3998
2537
3998
3464
3998
4004
2174
2181
829
1927
829
2271
3887
2035
883
4172
76
3472
3931
3
2733
3333
2733
705
2733
1316
249
293
249
104
249
296
2962
3106
2984
3137
2984
3321
2651
410
3317
2999
2781
2917
2781
3049
2781
1303
2781
2915
1118
1532
1118
1734
3541
3951
3700
700
3700
3453
3700
2351
3700
1154
3700
2353
3700
2358
33
84
1422
1423
416
815
416
1647
3781
3093
3781
3092
3781
729
2522
2190
3731
1989
3731
1455
1976
1611
1976
3412
1976
2043
2118
2565
213
94
3982
3433
3020
3351
3020
2885
1416
3838
1416
1602
422
1078
422
1077
422
3993
422
2105
4203
4244
4203
4219
976
3549
2516
3983
3881
500
3355
3182
480
990
480
1760
480
3125
3764
2097
3764
1637
3764
1638
1982
3626
1982
3813
700
2396
700
1359
700
3848
1964
3505
1964
2808
1480
477
2690
2703
2380
455
4027
3018
4027
2876
4027
2746
3639
924
3639
923
3639
3349
3153
2752
3153
2882
1700
1591
2927
1745
2927
2936
982
4066
4040
3363
4040
1680
4040
1743
964
1822
964
469
2778
3381
2778
1636
1467
2430
1467
2429
2219
4101
524
2100
524
3947
524
2686
524
757
524
794
524
2055
2567
4074
2265
30
1056
3403
1056
691
1355
2347
1355
617
1243
3487
129
167
3450
1912
467
3303
467
3395
467
1836
1524
1424
1524
1419
2056
2447
2424
2072
2424
2694
2201
3160
2201
3169
2201
3159
355
3390
355
352
127
87
1191
1805
3141
4032
1166
3836
293
226
293
208
3822
3090
3822
1761
3822
2405
1103
990
1103
2982
1103
3128
1103
896
1103
764
1103
1608
468
3096
468
3275
4021
3017
4021
3008
4021
3442
135
92
3093
3903
3618
2849
3618
2085
2166
1478
2166
1697
2166
1561
2750
3436
2103
973
2568
2240
2714
716
2714
721
2714
2139
51
3922
2112
3922
1751
3922
3570
1468
2528
1468
3574
4258
4217
4258
4261
996
464
2777
2781
2777
2912
1346
618
2305
1299
2305
1517
2305
3736
2305
1031
4216
4277
2928
3069
3172
2907
3172
3369
3654
1674
1295
3803
1295
1267
1045
1551
1045
872
1996
619
346
3380
3775
2688
4248
4253
2361
3820
3063
3243
1251
3133
1251
2125
1251
1828
3006
1539
2045
2428
4277
4254
949
950
56
79
2756
693
2756
3365
2473
2708
2160
1891
2635
4168
1573
714
4102
1679
4102
2744
1949
9
110
211
3474
829
3474
927
1160
2325
1160
414
3198
1694
573
567
2913
3379
2913
2629
2913
2632
3795
3859
3795
3551
4230
4223
4230
4191
2078
2852
492
3940
3984
1580
3000
3147
402
391
3276
3304
3276
3112
3276
3851
3333
2568
340
2866
1990
572
1078
2485
2392
2704
2392
2460
2392
2495
3895
2156
3895
2994
3895
2861
2682
515
1492
2202
2859
1859
1402
3642
1402
3805
1340
489
2502
2718
990
3131
2589
2608
3087
2687
2745
2292
3304
3907
3088
2427
932
933
932
933
4099
4115
4099
3592
1706
700
1706
2382
3670
1964
3670
910
1621
2054
1763
3811
2386
2066
1077
2485
2696
2477
2696
2472
2696
3430
1486
2468
1486
2062
1486
3287
1486
3960
1486
818
706
2698
706
3913
20
1932
359
763
3490
621
2663
621
3875
170
161
486
463
3713
2406
3713
3262
3713
2399
3713
1439
3713
2826
2077
3323
2077
1667
2077
1624
2077
1628
3182
3192
3182
3035
552
548
2014
388
809
2172
809
892
809
1887
809
3564
2050
1813
3465
3189
3465
3466
1811
2837
2799
789
2799
2817
1552
2473
1552
633
1552
3957
1552
2109
1014
573
1014
566
2452
2133
1809
2692
1050
1325
1050
2073
1050
2448
811
3014
3160
1903
1756
526
1756
1819
1473
2886
1473
1873
1473
2582
1473
4071
913
1
1635
1410
1635
1745
1635
3782
1635
3765
1635
688
1635
1279
1635
1718
1635
1112
1635
723
1635
1002
1635
1506
1635
1599
1635
754
1635
418
1635
1168
1635
1650
1635
1596
1635
3392
1635
1065
1635
1245
1635
1341
1635
1663
1635
995
1635
3926
1635
849
1635
667
1635
3860
1635
501
1635
747
1635
850
1635
3406
1635
1099
1635
1395
1635
1440
1635
1232
2573
1558
756
3113
756
2838
756
3532
473
1803
3523
2102
3523
879
3523
1845
1913
2766
635
2473
635
633
635
3957
635
2109
2949
3626
2949
3273
3187
2776
4103
3367
4103
2228
3669
3078
3669
1975
502
3090
502
1761
502
2405
589
577
589
3967
2990
3006
2990
2871
1087
2504
1087
3980
3078
2809
3078
558
392
382
682
1947
3884
415
859
964
859
3840
859
3864
859
899
2000
581
2000
2098
2000
936
39
59
2402
2847
2402
3126
2402
3495
2402
1182
2402
2828
2402
1183
3544
2678
2087
2515
2087
2165
1502
751
1502
1555
2340
2349
1589
1211
1589
1553
1589
2431
1392
1646
1392
3841
3995
3490
2492
2513
2492
2515
2492
3316
4225
4272
4225
4192
1859
982
1859
1758
1859
1582
1859
3509
3784
1796
1000
1001
1682
724
3734
1549
3734
1653
2763
2244
2763
2245
1386
3864
1386
2356
274
294
274
199
2621
3485
2621
1935
2486
4005
3759
3859
3759
3552
1696
1694
1696
4134
2088
2159
1745
1505
2706
3541
2706
2498
2706
1185
3314
2752
3314
683
3703
2004
4171
65
386
2714
386
376
3077
2815
696
3940
745
608
1088
1089
2932
1535
3181
681
3181
3366
3050
2635
3050
3053
3050
349
2811
2815
2811
1625
2811
2372
2811
2814
2811
2015
799
811
3014
3162
3014
3635
3014
1900
3014
2885
3014
3597
452
421
3358
3598
2809
1189
2809
3887
2809
3608
2809
2006
2809
2018
2809
2017
2809
3403
2809
760
2809
1407
2809
2687
2809
718
2809
851
2809
1406
2809
611
2809
768
2809
1032
2809
2008
2809
1179
2809
3862
2809
1509
2809
691
2809
1444
2809
3289
2809
630
2809
3909
2809
1784
2809
2011
2809
2662
2809
1228
2809
3257
2809
3815
2809
3254
271
121
271
291
271
300
1799
1423
2552
1315
2552
2583
1452
1722
1452
814
927
1927
927
861
927
348
3499
3500
2982
3001
2982
1544
3840
471
778
2400
2964
2464
690
4136
690
845
3827
3887
3827
691
380
374
3243
334
3243
3081
1153
1829
1153
733
1153
2818
3480
2599
1927
2629
1927
3521
1927
3588
2700
2131
3940
3985
3940
786
3940
3964
3940
2858
3940
4012
3940
2446
1778
750
3426
3038
3426
3371
1690
1308
3363
4119
2480
2573
2480
988
2480
1577
2480
1707
2480
1614
2480
4014
2153
2169
1380
474
1380
1612
3927
839
3927
2856
2355
357
2243
4128
2243
2261
1219
3849
1219
893
1219
3306
2467
2482
2467
980
2467
698
2467
2194
2467
2729
2467
3561
3224
1513
3224
1586
1265
1266
1567
4122
1567
917
424
1162
424
2676
54
2191
3020
2524
1682
2524
944
2524
3645
567
3594
567
561
1201
2437
1201
1367
1424
1576
3056
1439
714
1735
568
704
568
828
2141
763
2141
2176
2141
1744
3821
2102
3821
879
3821
1845
1093
1090
1093
2529
1093
4026
750
3604
4022
1893
4022
1893
3103
2453
3103
2455
1568
1476
1568
3956
1714
1561
2468
2533
2468
2482
2468
1888
2093
4029
4199
4274
1141
3891
1141
3844
3921
648
3435
428
3608
596
1750
777
3166
2750
3166
2215
1006
958
1006
954
1006
955
2172
2539
2295
38
4275
4276
1777
1621
1777
2956
2346
618
4268
4216
4268
4271
4268
4215
1928
3559
361
1759
1305
3573
1063
2028
1063
3973
2006
572
1172
437
2251
2281
4276
4254
3045
4135
3045
2286
2996
4085
234
120
777
2160
777
1753
777
2511
777
1746
2063
1828
2063
3622
928
2975
1361
1875
1361
1071
3477
652
2665
2040
2665
2039
2130
941
2619
2272
2619
3591
2619
715
3117
1331
245
256
245
219
1643
3198
1875
3459
591
804
591
1015
3976
3326
3976
3567
3976
2525
2712
2993
2712
3507
2712
2197
3556
1575
3556
2783
3556
2632
3301
2457
3301
4008
2601
3634
3195
2626
3330
2212
1130
2351
1130
3910
4125
3189
4125
3466
1591
3578
1591
2535
3876
422
875
338
643
1493
643
2345
643
2812
2726
2574
3312
2503
111
260
2829
2693
2883
2886
2883
2582
2883
4071
3798
2023
3798
3076
3798
3458
3798
3629
3798
2391
3798
2324
3987
404
3987
398
166
90
306
310
306
261
37
35
164
308
3898
2122
3898
878
3898
4002
3174
3032
1733
1221
781
2388
781
2707
781
2042
3471
1902
3471
4068
962
963
984
2166
651
2073
651
2448
651
3293
3307
3141
3307
3615
3307
3157
3307
4006
3307
2721
3307
2864
733
2978
733
3397
733
2979
1781
1794
1962
1683
1984
3470
1651
3962
3468
1922
3468
4144
2422
1358
3542
2112
3542
1751
3542
3570
2976
2134
516
2329
516
1989
3710
3722
1522
1444
1522
3815
171
185
3782
697
3782
689
3782
1358
1020
599
1020
1547
3732
746
3732
3747
3673
2654
3673
1965
104
103
2416
2450
3981
3149
3981
4006
522
2967
522
3495
522
2686
522
1182
522
2055
522
1183
1516
2432
1516
2423
3118
3135
106
105
2020
618
3882
2842
3882
2496
3882
2965
4024
3023
3123
993
1934
4137
1934
1636
3453
1416
3453
2380
3453
706
3453
1219
3453
1172
3453
3477
3453
2383
3453
3493
3453
1036
3453
1581
3453
2382
3453
3757
3453
3906
3453
824
3453
459
3453
2816
3453
854
3453
810
3453
3910
3453
975
3453
3886
3453
1672
3453
820
3453
3901
3453
853
3453
597
3453
3519
3453
3486
2957
3103
2957
3896
934
3639
2379
3776
2189
2557
3767
3545
3767
2453
3409
3410
3409
3944
2026
3920
2026
1322
1012
1321
1012
1532
2454
763
2454
3995
2454
2176
4043
1760
1554
1315
1554
2888
1554
1906
1510
1511
2235
2245
2235
2616
2235
2262
2537
4019
1847
1857
250
299
250
126
2410
3902
325
2538
1437
800
1437
495
908
1945
2012
585
1026
2006
1026
718
554
548
2898
4065
847
1578
847
1199
847
1367
2970
2845
510
1513
510
3915
437
2700
437
2136
437
1080
437
1834
437
2870
437
3324
1908
4103
1908
2220
3651
1819
205
239
1325
3293
4188
4204
438
3757
438
3486
1907
3648
2720
4102
848
1077
848
3993
848
3443
1136
3938
3696
3772
3696
2666
3696
3537
2897
2246
2897
680
2897
2269
2897
3377
3379
4150
1438
1718
1438
1112
907
4170
2538
918
1848
1949
3761
2944
3761
2947
1
2136
3998
3615
2549
2684
1534
2684
1170
2684
3524
1494
2552
1494
4022
1494
1896
1494
460
2394
3769
2504
2718
1404
3719
1221
897
1221
702
1221
858
494
1289
494
1099
2958
3979
31
88
3657
1974
3033
3185
3033
2609
3033
2245
3222
792
3222
3623
2331
2445
2331
1493
2331
2345
2331
2812
3778
665
3778
1773
404
2494
404
2490
404
2181
404
2997
3185
2244
3120
3136
3120
2157
3120
3433
2892
2229
4184
4182
2018
1568
2018
1800
2018
3269
785
514
3339
3045
3339
4105
3339
845
1902
4044
736
3332
736
3007
736
2541
736
2547
736
2551
736
2872
4166
15
655
1070
655
3800
177
234
177
118
1018
1547
1018
1531
1785
1797
1736
477
179
139
179
180
902
3981
1655
4023
1655
2154
1655
1713
1655
1758
4107
2897
3997
1605
3084
2832
1449
3876
1449
1175
2549
1904
2549
2211
2549
2742
1839
1851
1839
1363
1839
1364
1513
456
3888
2035
2413
633
449
3435
449
1709
3462
1696
3462
4133
3548
3487
839
1861
839
2171
2973
2835
2973
2080
2973
2075
513
1978
513
2329
3788
2353
3788
3486
3738
2362
2723
3457
2723
942
2723
3343
2074
1086
242
34
2661
2061
2952
2833
646
3856
646
751
1871
4025
1871
2730
1871
710
595
934
595
3334
595
2874
595
935
3318
3000
1074
2150
2605
2625
2605
3560
2605
3376
1646
2035
1595
329
1595
3167
1595
322
871
1073
871
1073
298
195
1842
2127
2532
2898
2532
3437
2532
3016
1432
502
1432
1100
3991
3161
3991
2206
3991
3534
1017
584
190
203
190
136
3892
2481
3354
3598
842
489
4066
3461
4066
4078
4066
2584
432
837
432
3251
3719
2362
2017
649
3030
2226
2886
4095
3792
2049
3792
3248
3792
610
3792
3846
3400
738
3400
3401
3400
1332
967
2014
967
406
3431
2589
3431
3504
3925
1552
2279
2282
2133
2871
2133
2196
2133
1539
2924
778
2924
3799
1640
986
1640
1912
1640
1569
2289
39
1967
3843
1967
402
1967
380
1967
2355
1967
2346
1967
3767
1967
3738
1967
1321
1967
365
1967
1557
1967
407
1967
1532
1967
3891
1967
390
1967
599
1967
550
1967
3609
1967
3844
1967
3890
1967
553
1967
1734
1967
2945
1967
1780
1967
1547
1967
372
1967
1046
1967
1535
1967
3531
1967
1551
1967
1652
1967
872
1967
1657
1967
1649
1967
3908
1967
1531
86
1133
1862
3825
2020
3825
3872
4233
4262
640
3098
640
3237
2880
2604
3036
4131
3036
3042
203
178
2427
615
3228
614
1225
3234
1225
668
3772
3264
3772
3281
1527
2553
1527
3578
464
1527
464
1869
464
749
464
4015
3633
3803
2564
3419
2564
3024
2718
1876
2335
500
527
1409
527
823
1464
2380
1464
459
528
514
3437
3438
17
2717
1874
1730
1700
1730
4043
1730
1339
1730
1474
1730
1475
1730
1338
3936
882
3936
607
69
3112
2703
1528
2025
4211
4190
4211
4250
3370
2774
3370
1929
730
776
730
1165
2428
3610
3686
1597
3836
2704
3836
2460
3836
2495
4129
3492
4129
345
3604
1700
3604
1474
3604
1890
3604
1475
3604
4015
3126
2984
3126
2138
2231
4116
1968
1996
1968
1176
1968
1776
1968
1995
1968
1999
1968
389
321
2218
1023
1734
1023
1531
282
291
282
207
2023
2417
2774
2265
968
554
968
551
1321
556
151
195
151
145
2625
1931
1114
1480
1114
790
283
108
283
292
693
690
693
2614
3197
1944
1741
926
1741
2909
1741
2222
1150
1712
1150
874
383
1948
2114
3499
2114
3489
2114
3478
2703
2712
2703
2496
2703
3497
741
1866
3475
347
3475
1642
3475
2274
3475
2623
2483
2543
1693
3644
1693
1695
2766
2247
2766
3643
1383
1002
1383
3392
2150
3527
2150
3580
1772
1983
3352
2225
2869
2543
2240
33
2815
3393
4086
4093
4264
4225
4264
4193
1679
2754
2177
1624
3985
1708
3985
895
3794
1661
3794
3823
3516
4115
3516
3592
772
952
772
2107
772
832
4098
4107
4098
3178
2988
1862
1177
3776
679
2498
3660
3735
3660
3721
3660
1297
3660
1771
3894
1647
1178
1618
1631
3884
1631
3774
1631
752
1631
3856
1631
1541
1631
1511
1631
2810
1631
806
1631
979
1631
1328
1631
3857
1631
1555
1916
908
1916
3190
1916
1921
1090
2187
2987
1865
922
1917
922
2757
922
965
3346
3177
3191
3193
753
705
753
326
753
328
476
466
3305
2489
144
143
3100
3105
631
1039
631
803
2178
4055
3750
2961
1922
1926
1922
4145
2090
2474
146
183
916
2904
916
906
2576
1619
2576
3439
2576
3029
1753
1895
1476
2129
3266
3102
247
255
247
257
3464
873
3464
947
3464
813
2462
2856
1562
2618
1060
3093
1060
3092
1060
729
562
552
562
828
2060
4008
1470
340
1470
1305
4028
2563
4028
3154
4028
2212
3163
3179
3611
2199
3611
4080
3611
4088
182
171
182
184
1508
821
1508
2377
910
3764
910
1000
910
1153
910
651
910
2379
910
730
910
844
910
462
910
2432
910
1484
910
2371
910
1752
910
1134
910
2414
910
1754
910
1417
910
2430
910
831
910
2423
910
1095
910
2429
910
2381
910
802
910
2005
910
1266
910
2350
910
857
910
3809
910
668
910
1252
910
1787
910
1368
910
817
910
1405
19
2096
3305
2570
3483
2570
3030
2570
2755
3765
524
4247
4184
2408
413
2145
4176
2498
2716
3949
2123
954
956
1688
3888
1688
2365
1688
2004
1688
3707
1688
3086
1688
1329
1688
3773
1688
2021
1688
582
1688
3861
1688
1411
1688
746
1688
3085
1688
3747
1688
759
1688
1039
1688
2368
1688
3808
3602
4064
1398
3767
1398
1649
3106
2692
508
692
508
762
3489
3140
470
1311
470
1822
470
469
470
1310
2937
3072
2937
3707
4257
4241
4257
4207
1096
1097
1910
2296
3849
847
688
1589
1954
752
1954
2649
1145
3924
1145
874
3490
3450
3490
986
3490
1569
3072
3084
398
2494
398
3314
398
397
398
4034
2066
1847
2066
1357
2066
3298
201
225
2291
360
2993
2877
457
1494
457
2434
457
2484
457
3101
2003
556
365
358
1301
694
1301
1293
534
525
2557
2572
2557
2881
2557
2207
2255
2274
1066
3506
1066
3313
1066
796
3413
2344
1457
1189
1457
760
2343
484
3041
4117
1319
3600
4114
1932
4114
2266
2434
3986
2844
2852
1534
1849
1003
3100
1365
987
120
84
2156
3427
2760
2894
3617
2091
67
1458
3861
1458
759
4200
4187
4200
4243
2558
950
2558
3336
894
3196
894
2270
1156
802
1156
857
2904
3372
458
1494
458
2434
458
2484
458
3101
1894
2639
1894
1711
2351
2067
2351
2701
2351
1806
3655
2321
3053
4151
397
1679
397
3586
687
1552
2938
1967
2938
1988
2938
1749
1261
1622
1261
1540
507
1205
507
1094
1082
2198
1397
3767
1397
3531
194
320
2497
3985
1687
1160
1687
629
1687
3675
1687
3479
1687
1654
1687
2940
1687
1685
2195
922
2195
4072
196
194
196
198
2246
2778
2246
3373
2407
1730
2407
880
4132
708
4132
3377
4132
3382
3774
2387
3774
3272
3774
3099
1205
1814
1205
2395
2082
1842
2082
1091
1507
517
4049
2588
2688
1491
1498
1752
1498
1368
3612
3608
3612
2011
3145
4020
3145
4020
2106
2711
4095
3181
4095
3183
1072
3904
2398
2063
2163
2726
2163
3158
2163
3019
2508
2996
2508
2189
2508
2741
2508
2879
2508
2188
3928
1335
3928
2992
3928
3641
2470
3120
3630
3845
3630
3814
937
938
937
938
3601
1873
1408
2698
1570
2108
1570
2110
1570
2101
3096
3107
3096
3109
498
2411
498
2813
2954
3277
1106
805
1106
2370
2072
2707
2072
2707
3828
3888
3828
2368
1163
1835
570
973
570
972
570
559
2910
2777
1937
4159
4267
4270
4267
4245
408
403
408
2348
434
816
434
3429
2301
3074
2301
3071
844
1083
844
2503
844
1810
3225
766
3225
2373
3003
3153
272
295
272
206
557
3965
557
826
3066
3926
3066
1440
3459
2875
3459
3174
3459
3467
3459
3176
3459
3460
3459
2586
1993
570
343
2289
1291
2326
1291
2333
1041
3301
1434
502
1434
3577
2319
2340
2319
1984
2365
1346
2365
1507
2365
3885
2365
1427
2365
1016
2365
835
2365
3637
2365
1698
2365
803
2534
2190
1844
1133
1255
534
1255
1262
1557
1327
3403
1330
2041
2058
2457
2505
993
1866
1343
840
1343
963
2458
1855
1558
3354
1558
3516
3607
1762
3607
1775
1760
2733
1760
753
1760
819
1760
4084
133
166
3156
1943
904
3982
904
2976
904
1178
904
2157
904
2501
558
3965
3434
3401
3434
1332
3434
748
2894
916
2894
2901
760
522
1904
4076
1904
3603
1904
4087
1938
393
407
400
6
2261
2285
2261
2786
2261
2267
3236
1456
2053
3506
1351
977
1351
2660
497
1724
497
805
3373
1636
938
3364
938
2587
1246
1247
1407
514
2507
3614
4133
4140
3082
2672
2205
1913
2205
3180
2205
1645
351
4152
1053
1651
1053
3925
2397
2063
1195
2844
2687
3472
2687
2084
2687
2083
12
1497
994
1497
743
2741
3173
483
480
483
1869
186
303
186
128
766
3300
703
1554
1625
2682
184
22
3188
2773
2693
2117
1483
2020
1483
977
3150
1315
3150
2888
3150
1906
1766
964
1766
899
1766
3814
2383
665
3114
1319
1703
2641
625
3958
3177
886
3177
887
3177
4083
3351
2585
3351
2762
3351
2761
3885
1344
4254
76
4254
3
4254
33
4254
51
4254
56
4254
20
4254
39
4254
54
4254
37
4254
1
4254
31
4254
86
4254
17
4254
69
4254
6
4254
12
4254
14
4254
45
4254
53
4254
36
4254
11
4254
95
4254
50
4254
79
4254
57
4254
48
4254
13
4254
15
4254
2
4254
26
4254
32
4254
4
4254
66
4254
89
4254
52
4254
87
4254
49
4254
44
4254
47
4254
78
4254
92
4254
8
4254
41
4254
65
4254
0
4254
80
4254
30
4254
5
4254
62
4254
71
4254
43
4254
82
4254
88
4254
27
4254
90
4254
29
4254
84
4254
10
4254
93
4254
38
4254
85
4254
64
4254
46
4254
61
4254
40
4254
72
4254
81
4254
63
4254
55
4254
94
4254
9
4254
42
4254
83
4254
7
4254
70
4254
16
4254
25
4254
91
4254
24
4254
68
2679
2416
1869
1591
1869
1760
1869
1474
2772
4114
2772
3044
988
3454
1240
752
1240
806
1815
581
1815
2098
1815
936
4244
4206
3735
3754
3735
3551
14
4229
4179
3785
3608
3785
1032
3994
577
3545
2710
3545
2152
3545
2989
869
2296
1988
3843
1988
2346
1988
3767
1988
3719
1988
1557
1988
1532
1988
390
1988
3844
1988
1547
1988
372
1988
1535
1988
1652
1988
872
815
2123
815
2524
815
984
3506
799
3506
2993
3506
983
3506
1606
3506
834
3506
3508
1987
1778
1987
3083
1987
991
3315
1361
2916
2635
2916
2786
2916
350
576
2103
576
972
576
2079
576
571
1100
1101
3192
3197
3192
3374
2631
2917
3090
2969
1576
767
1576
3990
987
1887
2922
676
2753
2763
2753
3033
2476
725
3679
1689
191
200
191
140
2100
903
3178
680
3178
4120
3357
1680
1462
2061
2562
2880
2562
3484
2562
2241
3060
2949
462
457
3726
1205
3726
2399
2640
4152
1289
3628
3432
2243
3768
1839
3768
3394
3768
3838
1279
3428
3410
1667
3133
3622
1924
1928
1924
2263
4025
2210
200
180
2967
3571
924
1914
924
2896
4195
4272
4195
4201
1427
1814
1427
2836
564
559
564
826
718
565
335
911
2527
2875
2527
3460
2527
2586
3493
3962
114
82
2225
47
3249
2022
3771
2682
1880
801
1880
4013
2036
3286
116
115
1335
3174
1335
1560
427
3770
427
1167
427
784
1718
741
1718
3963
1564
3475
1564
1681
4187
4246
2464
1882
880
3402
880
1846
880
4017
1036
2428
1036
2038
3369
2910
4036
3634
2112
3134
1126
2346
1126
1046
313
230
313
263
2730
4089
428
871
428
1073
428
1530
428
3525
428
1075
428
2491
1717
1703
4174
62
3614
2537
3614
3416
3614
4004
2126
574
1112
3114
1112
3270
2528
913
4212
4273
1428
1422
1428
1095
717
1568
1231
1403
1231
1175
774
987
2968
2441
3777
3091
3658
1639
226
261
226
311
121
207
1774
1632
2321
1772
3023
2764
2902
906
3663
1639
4156
4169
1892
3496
2120
2145
2120
370
3018
2748
2736
2741
2736
2879
2736
4085
4146
351
4146
4147
4146
349
4146
352
3478
3500
2655
1792
1120
718
1120
2008
892
2539
45
89
4110
3371
3194
3386
3194
1573
3194
1572
3194
2253
3194
2787
2785
2636
2785
385
3396
3409
973
2193
973
2186
973
2183
2513
2165
1413
1414
3988
3346
3988
1082
3988
2545
3988
3152
3988
3341
3988
4013
3897
2827
2449
929
2084
3117
1549
2825
1549
3854
2839
2137
3461
2592
1973
573
1973
3761
1973
1017
1973
2342
1973
3889
1973
977
1973
1173
1973
381
1973
2660
1973
1546
3529
3499
3529
3489
3529
3478
158
193
158
128
150
182
150
147
413
2123
413
1492
413
2204
413
1670
3797
3843
3797
3531
1084
2981
549
3989
549
411
3308
1469
2871
2196
2871
2196
3074
470
1661
3892
1661
2679
1661
2036
605
719
605
598
1723
894
1723
3452
1952
3853
2595
1919
1605
1902
1605
946
1605
1334
723
848
53
661
3798
2646
2803
952
953
3753
2361
3753
1548
1030
599
1030
1652
886
1924
886
4110
3992
2189
3992
2173
3992
2734
215
234
215
119
2842
2712
1532
563
3866
808
2432
485
3891
663
2030
576
1886
3363
1886
1680
1886
1743
3017
3170
3467
1560
3709
2004
3709
3773
532
523
3966
464
3791
1360
3791
3839
2259
347
3418
3703
3418
2661
3418
3758
3418
3725
3418
2357
3256
2971
2022
3132
2022
2860
3760
3477
3760
3519
1016
579
1738
490
1315
2753
1369
994
1369
1788
520
1172
520
1781
4044
724
4044
3648
2016
2970
2016
3932
2016
3946
1022
1785
1022
2384
2887
3547
2420
3397
2420
2979
738
1333
1520
1372
1520
3939
369
368
3495
2454
1960
2014
1960
2013
704
564
1149
1712
1149
3513
647
3087
647
1228
484
454
484
485
960
961
4023
3021
4023
4037
4023
3175
3113
3911
1704
483
1647
984
1647
2527
1647
3978
1647
3641
1647
985
2384
1815
2149
4028
2694
3572
1484
1486
3454
949
3454
4081
3454
4075
2199
2216
1648
634
3439
3440
305
229
305
258
1209
486
1209
1627
315
123
315
233
648
1898
648
2201
648
3332
648
3007
1211
2691
36
67
3650
3517
737
2474
3242
1414
2888
2753
1132
1991
1132
1059
4097
4102
4097
1717
246
223
246
220
1737
772
1737
3100
1737
3941
2710
3400
2754
2614
3362
2600
2132
2865
2132
2867
2132
1873
2132
4051
268
179
268
137
344
2287
2801
3077
2801
3771
1994
563
843
421
675
3806
1791
2065
3004
3459
433
1537
433
816
3337
4069
2865
3555
1344
589
1344
595
994
3959
2819
3294
99
221
791
2556
97
8
1675
3762
1675
756
1675
473
1675
452
1675
1737
1675
994
1675
526
1675
1980
1675
3754
1675
762
1675
998
1675
1102
1675
758
1675
1269
1675
2019
1675
1633
1675
743
1675
3552
1675
3623
1675
1203
1675
2813
1675
3551
1675
1658
1675
771
1675
662
1843
2136
1843
2131
2533
3456
3470
3781
3470
573
3470
2014
3470
1017
3470
1648
3470
789
3470
3889
3470
977
3470
825
3470
381
3470
2374
3470
1666
3470
3872
3470
551
3470
3255
3470
3801
3470
3869
1433
1212
1433
501
2164
2728
3999
577
3980
3141
3980
3615
3980
4006
2716
2177
2716
3323
2716
2531
2629
4150
3127
839
3702
3737
3702
3905
3038
1924
1164
3723
2722
3329
2722
1304
3711
976
3711
2026
3711
528
3711
1060
3711
2034
3711
1590
3711
751
3711
600
3711
1485
3711
3253
3711
1783
3711
1015
3711
3839
11
2953
3291
3665
3240
3665
1427
3665
1016
3665
582
512
2380
512
3906
2972
2500
4122
2627
1526
3897
1526
692
1581
1505
2054
1366
2054
1623
2054
739
3674
1341
3674
667
3674
1598
3674
1395
3674
1634
2426
2092
2426
1826
4256
4225
4256
4193
3037
1923
3331
3566
2010
594
4218
4250
284
217
284
115
3300
2456
3300
3124
3300
1840
3300
2459
1851
2177
1851
3323
1851
2531
3128
3131
526
515
1512
3976
1512
767
1512
827
1512
1421
1054
1992
1054
1995
581
571
2412
2104
2412
2095
2412
2461
1010
2003
1010
1998
4246
4251
3755
3540
3755
1190
851
3315
851
1401
903
2517
2941
1281
966
402
966
407
310
312
259
232
1903
2243
1903
2594
1903
2895
3522
1851
2893
3432
1966
1683
3717
3850
3717
3766
3405
1480
3405
964
3405
468
3405
502
3405
3784
3405
3840
3405
1513
3405
476
3405
1343
3405
1100
3405
532
3405
843
3405
3755
3405
3916
3405
488
3405
1242
3405
1441
3405
3845
3405
3864
3405
481
3405
1409
3405
1187
3405
899
3405
1204
3405
491
3405
3814
3405
1171
3405
961
3405
1586
3405
790
3405
3577
3405
3915
3405
823
3405
1197
2550
2202
2083
3117
3446
1528
3446
3447
3638
690
1450
3537
1450
1664
3920
598
2339
3632
1414
1191
1414
1190
1414
3514
2768
2241
974
4001
2514
895
3947
2141
102
80
450
3772
450
3779
3820
2051
3820
2031
3820
3914
1083
1084
3487
3300
414
412
3052
915
3052
2637
1974
3078
1974
2341
3223
534
3223
1268
1229
1162
1229
1403
3847
2409
477
3605
477
888
477
1866
4151
4162
1917
4166
2986
3520
2986
3953
2986
2546
2930
844
2930
3809
4056
3599
4056
4082
3364
1923
3364
2597
4141
2236
4141
328
1477
4005
2275
1934
2275
3591
2577
2219
2577
1559
917
2288
3244
1779
2285
351
2285
2640
2285
3051
2285
1935
3619
2017
3619
3289
4042
1593
1390
745
1390
1047
95
1680
4119
2490
4034
2176
2562
1002
728
1002
3917
1002
1818
2400
2454
2400
1182
2400
2439
2400
3119
2400
3115
3941
3391
918
48
2578
944
1500
783
1500
782
2342
3095
1478
1899
390
379
3481
3482
1176
2096
1176
1843
1176
2094
2002
585
680
1946
3375
3045
1918
2239
3841
1824
3841
1660
3841
3871
50
478
998
478
2019
500
898
500
897
500
1103
500
702
2992
2527
3073
1001
2371
2400
1724
2407
2181
3153
2181
1894
2181
3156
2181
1717
2181
2638
3452
2621
3452
2620
3452
2270
2767
3041
2767
3040
724
1584
724
4117
3162
1307
4108
907
4108
2904
4108
2224
3543
1536
3543
2393
3543
3089
506
3808
445
1168
445
1232
3180
3184
4190
4218
4190
4262
1098
2118
1098
989
1098
2479
835
584
3783
1219
3783
3886
3783
597
686
330
686
3186
686
3186
3733
1172
3733
1672
1170
1849
563
559
563
826
3199
1696
396
2269
396
708
1445
3784
1445
1171
1506
517
3672
3069
1835
3315
2098
581
2098
581
2545
801
2247
1927
2247
2626
2247
4158
2406
1813
2496
2142
2170
3970
2463
2189
2463
2483
2463
1545
2463
2724
2463
2173
2463
2734
3883
1656
1686
3675
1686
3676
1396
3104
1563
1564
3108
455
1923
4165
3134
1746
1068
815
1789
2412
1752
3959
3524
430
3524
429
3524
3476
2157
3984
4223
4227
1659
457
175
301
175
124
2068
2124
923
924
923
924
752
2848
752
3120
789
2053
789
3902
659
1528
659
3650
1157
1153
1157
857
1158
1153
1158
2414
456
1842
456
1092
456
509
456
1816
456
827
456
1091
773
847
773
1850
2067
2709
2821
3973
2158
2163
1456
2418
1773
2839
1773
3310
1773
2442
3024
3171
3024
3171
2556
982
2556
1582
2556
3509
1067
1068
2482
3456
3586
3003
3586
683
2609
1926
4139
3399
3107
3302
1692
1693
1692
4157
1692
354
1382
1737
1382
998
3704
3087
3704
2397
3704
2052
3704
1801
2702
2510
2097
1186
2248
4154
1599
2016
692
455
2611
2250
382
371
382
378
2936
2016
2980
3133
2980
2125
599
585
1097
3150
1097
2732
3313
3319
3313
3319
496
831
496
2005
463
1494
463
1879
1108
3822
1108
842
545
1979
545
2338
406
400
1463
2671
1463
2021
3983
2533
3983
1888
3983
2729
2686
2444
1496
2401
3170
701
3170
2586
2563
3546
3671
3692
3671
1630
3671
3636
2108
2711
2396
2696
2506
2164
2506
1758
2506
2161
2506
981
2445
3928
2445
413
2445
2465
2445
1069
238
2
3334
2208
1247
2677
1406
3300
3098
2832
2835
2850
1545
2874
291
169
3473
3474
2659
557
3157
2570
2134
1886
2134
2559
2923
1410
2923
1745
2752
2754
2789
336
3668
1964
3668
651
3668
1484
3668
1754
302
304
1134
1747
3068
3247
3068
3623
219
170
219
313
1024
2030
1024
3857
556
2093
556
928
556
2449
556
3965
3067
1648
3067
3934
821
3541
821
679
821
1185
4105
2614
4105
4121
217
169
217
228
2024
2420
3677
625
3677
1966
3677
503
3677
1588
2456
3144
2773
2619
2773
2256
3758
3895
3758
2843
3758
2977
1556
2087
1821
2470
1821
2854
3158
2574
936
3999
1248
746
1248
2047
2599
1542
2599
2268
980
698
980
698
3359
1677
3359
3554
3359
2238
3097
3108
1702
2375
227
100
2692
1836
2107
832
2107
832
4186
4248
1482
1346
1482
2664
3714
1968
3714
3446
3714
3449
3714
1969
3714
731
3714
3448
1609
2611
1609
2232
2382
3472
2382
2084
2382
2083
611
2060
611
2457
611
2974
702
3961
1936
4160
1980
1107
1980
1281
1980
2667
1980
1788
3303
728
3303
728
4175
61
482
480
482
1869
609
2486
609
1477
609
2463
609
1312
1107
1340
1611
3821
1339
4017
1052
1557
1052
3908
2414
412
1768
2012
1768
1815
1514
509
1514
1816
1514
1421
4047
856
1550
893
1550
3306
2450
2467
4020
2737
4020
4039
3083
3952
3415
3399
2052
3283
339
338
3498
3500
2974
2505
768
415
514
2716
514
2981
514
3951
2229
3475
2229
1681
550
411
3956
2508
278
164
278
205
278
258
168
219
168
98
168
289
3576
3503
4161
54
79
3457
3353
1986
866
1930
2276
2917
344
577
924
577
923
577
2162
577
3349
3856
1804
3856
1812
1285
781
1285
1426
2477
2859
1577
3539
3763
2408
3763
773
3763
2032
3763
1419
986
4040
1275
3768
1275
1262
930
4062
1578
1579
1400
1401
4041
2538
4041
4057
2478
1082
2478
2545
2478
4013
2500
2143
1342
473
1342
1737
992
993
3942
3949
2390
2968
2390
2972
2390
2830
3176
3032
1490
650
2680
1085
3609
605
400
399
400
391
3482
3307
2918
1402
2918
3253
578
1797
342
2288
1992
3962
3653
1674
3842
2962
3842
3407
3842
2823
490
480
490
1103
3002
811
1181
423
1162
1163
1162
1400
1162
1855
57
767
1707
767
4014
767
2981
767
4011
1371
1372
108
107
2724
1545
2724
1545
3451
3966
2073
2468
2162
2193
2162
2210
2162
2186
2162
4089
2162
2183
1767
1976
1767
1982
1767
1736
1767
2335
1767
2343
1767
427
1767
2655
1767
3074
1767
1738
1767
3073
1767
3842
1767
3241
1767
474
1767
1978
1767
2329
1767
2805
1767
2336
1767
2942
1767
1612
1767
1989
1767
2326
1767
2333
1767
800
1767
2327
1767
2328
1767
1979
1767
2332
1767
2337
1767
2338
1767
1455
1767
3071
1767
495
1767
860
1073
3997
1073
1892
1073
1337
371
2120
371
4124
371
377
371
2119
2004
1536
2004
2393
2004
3089
2791
3778
48
80
533
1251
533
814
865
1063
865
2408
865
766
865
3244
865
773
865
821
865
1181
865
1426
865
1037
865
805
865
2032
865
2363
865
2378
865
699
865
2668
865
841
865
2373
1801
3289
2994
3004
819
2568
819
705
2843
3805
2675
1191
2675
3540
2675
1190
1533
1614
1004
473
1004
1006
2433
2488
2344
1503
801
886
801
887
801
4083
1865
3563
1819
3749
722
2150
3880
3493
3880
3910
1716
1792
953
1309
953
1864
629
2824
629
2834
629
2685
255
305
255
308
1127
1646
1127
2372
1038
608
3164
1915
3164
4074
3899
1803
3780
3067
3780
2939
716
3054
3730
3884
3730
905
1722
539
3527
2577
1953
1541
1953
2034
1953
3857
3701
3088
3701
3267
3701
2820
2127
3018
2127
4052
3540
3514
3712
3256
3712
2950
1629
3698
1629
1748
3183
3043
3183
3562
3183
681
3799
712
3799
1789
3799
2367
2038
3974
3010
3511
3310
2137
4266
4181
4266
4222
2037
2966
2037
2855
2037
812
2037
461
2851
4027
2851
2484
2128
4175
2526
2215
3332
3166
1972
2374
1426
458
4123
4127
4123
2273
3054
4176
2581
2760
412
1492
412
3459
412
2550
412
1671
1037
608
1128
1060
1128
1485
4272
4252
4272
4252
4272
4191
972
1837
2512
1881
1412
2077
1412
793
426
1441
426
3845
1941
1942
893
1850
4205
4252
1893
3337
1893
2878
1893
951
3707
2957
3469
652
941
3143
3521
4146
3521
3647
2966
1093
2903
1929
2315
1049
2315
617
420
768
420
1228
2738
2883
3484
2907
4081
950
123
85
2369
2045
2369
3610
3635
1542
4219
4269
1259
2956
1259
1540
3844
1491
260
211
260
105
3022
329
3022
1920
3408
2554
3408
3161
3408
3534
887
4091
1420
902
1420
3422
1420
1616
309
313
309
97
309
259
2520
1897
2520
3010
2520
323
3944
3955
3944
1628
1887
4076
1887
3172
1887
3603
1887
4087
1887
3345
3016
4065
77
19
384
383
694
1553
694
2959
3220
1189
3220
1406
2960
2056
13
3247
2667
3823
2033
3823
2386
3823
1798
1113
1736
1113
3073
3149
4032
1384
1112
1384
3392
2647
1747
2484
3986
1694
3644
1694
1695
1694
3585
3367
361
3367
3194
3367
3193
3367
3190
3367
3387
2704
2487
2113
2489
3923
3945
2209
2223
3626
437
1199
2509
2648
1585
2648
3850
2211
1904
2211
1904
3378
4162
222
232
1888
2194
754
880
18
3241
2402
59
3296
1844
3296
1617
710
4053
3779
1796
888
3977
1754
3935
3132
3138
1710
4042
1710
1317
3361
330
3361
3186
3361
2232
2737
734
423
2976
423
1178
423
3975
423
2501
423
1362
423
1081
2855
1093
4144
2611
4144
1920
4144
2242
2244
2264
225
231
2585
2594
2585
2895
1423
2845
1423
2071
4154
41
2523
2182
3338
1910
1945
13
1154
2375
1154
2366
3790
3885
3790
3637
2906
2625
2906
333
2906
1925
2906
3047
3549
607
3193
3375
3193
3200
3193
3383
2963
1085
3739
3771
3739
3847
3739
1626
3739
1627
1896
2573
1896
1533
1110
2430
1110
2005
3789
1007
3789
1633
3789
662
2154
2519
3664
2318
3890
808
945
4101
2732
2565
4217
4208
3028
2591
3028
2591
3889
1040
3889
3268
3889
877
3137
3325
2639
3640
896
1860
2110
2711
2795
3810
3138
974
3138
711
3138
2175
1064
1066
882
2132
882
3143
3027
3034
3027
3031
861
883
861
3379
861
1692
2436
2106
2436
2108
2436
1571
1805
3522
1805
1363
1805
1364
3675
1685
2846
1640
2846
3137
1536
2069
2671
3108
2064
3114
2064
992
1882
3014
1882
1753
1882
1891
3754
1396
3754
2024
3754
1061
4182
4202
805
489
1861
3573
1861
2866
3319
1882
536
3768
536
1415
1094
461
1956
3764
1956
1266
3718
492
3718
785
3718
1490
3718
2377
713
2510
713
2149
713
3923
713
3536
713
3320
713
1878
3460
701
198
241
2749
1564
2749
2613
2094
2113
956
1470
956
3308
2642
2358
2642
3901
3104
713
1713
4023
1713
4023
530
1243
530
3916
294
307
294
122
1977
1688
1728
4100
417
3893
417
1069
417
3553
3372
3373
2032
2088
2032
2433
2032
1831
359
95
3816
1050
3816
1661
4080
3347
977
978
3494
2696
3494
3848
2517
1880
2517
3144
2840
3310
2215
3596
2215
1677
2215
3554
1530
3139
728
1613
2269
4138
3417
3975
3417
3148
1417
3482
1417
864
2430
1221
2430
909
125
86
4220
4227
1032
2022
1032
1802
1359
2696
4006
2549
3916
1662
4045
3010
4045
2209
950
2605
950
2906
230
4
914
368
2574
3353
2574
3025
1474
1475
1474
1475
3455
1473
4193
4192
1950
1037
1950
2378
3229
841
1914
908
1914
2234
474
467
2311
3799
2311
1664
3013
3019
160
233
160
124
160
254
148
253
2049
3280
3411
2513
3411
2515
3411
3316
2309
2000
2309
2002
1049
2038
1049
2369
1299
1279
1299
2656
3402
4043
2116
2126
2116
2126
890
3687
890
1634
1122
2026
1122
600
3613
3872
3613
1546
727
1818
1418
1088
1418
2680
1418
2963
2764
2595
2764
1563
2764
2598
978
1476
978
2463
978
3463
978
1313
2518
3436
2122
822
3770
2044
1890
734
1890
4039
1116
1000
1116
1496
137
212
139
91
2900
3432
1727
2502
1727
3307
1727
2504
1727
3954
418
3894
418
1832
3286
2450
1978
456
3993
2576
3993
3024
3993
722
3993
1868
3993
4007
3993
3171
3752
1982
3752
1979
825
556
1553
3919
3080
3924
3080
1712
3080
1251
3080
552
3080
3876
3080
1651
3080
2012
3080
1785
3080
3925
3080
3866
3080
704
3080
2010
3080
1162
3080
2675
3080
1716
3080
1038
3080
1722
3080
1403
3080
2663
3080
3875
3080
3867
3080
807
3080
1188
3080
828
3080
2674
3080
798
3080
1489
3080
3513
3080
814
3080
1175
3080
874
3080
405
3080
2670
3080
744
3080
2676
2453
2111
997
4003
2776
4128
2776
2261
1347
2955
1347
803
3007
3991
4138
1937
4138
3389
553
548
1825
689
15
2
1997
1491
347
4149
762
458
2058
454
26
82
669
3807
669
2368
3525
3527
3525
1336
3525
3526
1167
2392
1933
362
3124
1880
615
822
615
725
615
1853
2879
4098
1762
1748
1058
1328
1058
670
2167
1606
1669
1701
1669
4106
1615
4092
933
931
933
3587
32
86
257
209
1403
428
2503
1876
2168
3151
2168
2180
2566
3178
2566
3348
2393
1166
1057
3403
1057
630
541
1507
541
3861
1466
2021
1466
1298
2683
2170
2683
2998
2683
3146
1493
2059
403
388
3034
2229
263
100
1168
2436
1168
3911
2057
3455
2057
2076
2057
2086
2441
2456
2441
3124
2441
2459
493
2343
493
2328
466
2107
466
953
466
4003
466
832
466
3979
2831
978
1541
1088
1541
2680
1541
2963
3662
1675
3662
1771
1998
549
348
2271
142
141
3536
3014
572
567
572
571
2912
2917
2912
2784
2912
3559
3008
3170
4241
4275
4241
4224
3705
2952
2070
635
3746
392
3746
1143
2472
2859
4127
1643
4127
3380
998
728
998
727
998
3917
1348
976
1348
979
1572
716
2926
392
2926
2355
2926
643
2926
3798
2926
3778
2926
3792
2926
365
2926
578
2926
3929
2926
614
2926
678
2926
656
2926
366
2926
620
2926
409
2926
3810
2926
1031
2926
3620
2926
3865
2926
3238
2926
3853
2926
569
2926
593
2926
3811
2926
1535
2926
3863
2926
3812
2926
676
2926
2803
2926
657
2926
2935
2926
632
2926
3905
2926
373
2926
555
4251
4253
3350
3174
3350
3467
3350
3176
4262
4184
4262
4184
4262
4202
1070
413
460
2878
460
3015
460
951
3488
796
2329
1512
4109
2766
2884
3170
3848
2705
3062
1581
3062
853
3404
980
3404
698
3404
3561
3173
3181
3173
3183
1239
1252
1239
1405
3637
3996
3637
3278
3637
3284
4029
4061
4029
2147
1460
1799
1460
1417
2560
2571
2758
2602
3948
1875
1076
3893
1076
3968
1076
1069
1076
3553
1185
2716
2697
5
2102
1845
2102
1845
3365
690
3365
3191
3365
4121
1487
745
1487
1326
1644
3903
2387
2425
2920
569
1707
1742
3092
1644
1375
1718
1375
995
487
463
2076
1841
3206
657
1102
1103
3245
3770
644
3924
644
3867
707
3111
4160
4171
375
367
3492
2259
3492
1941
3492
1699
708
395
488
750
488
3952
2770
2616
3600
1883
3600
2520
3600
4045
3600
1889
3086
2031
3086
3271
4
1242
1243
3631
3757
3631
1672
1708
3575
3374
2630
2388
2072
2698
2478
2698
2461
4092
876
4092
4104
1488
1651
1488
1038
3433
2522
3433
2534
3433
4038
983
811
2757
695
1734
570
3152
3344
1983
976
1983
3884
1983
1777
1983
528
1983
1060
1983
3774
1983
752
1983
1541
1983
1590
1983
1511
1983
1656
1983
1360
1983
751
1983
600
1983
1485
1983
3253
1983
806
1983
979
1983
1328
1983
2951
1983
670
1983
1015
1983
3857
1983
1540
1983
3745
1281
2827
34
60
734
3352
734
2214
734
1915
1271
1411
1271
1461
1884
1595
1884
1594
758
1796
3414
3544
3414
781
3414
3413
3414
687
3414
3543
3414
1277
3414
2370
2062
2516
3497
2142
1173
422
3829
3885
3829
835
1329
1330
560
2093
560
2449
560
2975
560
561
1758
2898
1758
3437
1758
3016
1758
2584
1758
2592
884
2804
884
1755
4048
3351
4048
2885
209
3
1062
2964
207
120
3929
382
3929
2657
2460
2495
2460
2495
2173
2188
2239
2247
2239
3643
4172
69
1560
2767
1560
1583
329
2242
2707
2855
2707
2493
4135
1717
4135
1711
4135
337
2092
3913
156
178
156
136
1920
2249
4140
343
4140
344
4140
342
4140
4154
307
310
307
311
2375
2690
2375
3304
2375
3851
2487
3997
2487
1892
2487
1337
154
180
154
140
4116
2619
4116
2256
3102
777
2185
3330
2185
2563
2185
3154
1697
1899
1387
2336
1387
2332
2644
578
920
2174
920
2997
4150
3584
1092
3129
3076
2415
697
3858
3216
2801
3458
3950
387
3314
387
386
387
397
387
2121
3491
3492
3491
4131
3491
3039
388
379
388
387
698
3602
698
2738
698
939
770
427
770
2327
3773
3272
3773
2425
3773
3099
1086
2502
1086
2504
1086
3954
1388
2447
4093
4111
4093
3192
3566
3441
2488
2159
3632
2390
1698
3494
2086
3455
2086
3455
1770
1772
2708
2862
3610
606
2242
24
2734
2557
2152
1878
2152
3535
301
233
301
240
1757
1625
1757
787
292
226
2271
4167
1152
3517
2281
43
161
312
161
314
2983
2145
757
3571
2553
2213
3751
2648
3751
3929
1453
1245
1453
1663
1776
2402
2347
1041
2347
717
2080
2850
3893
3928
1007
958
1007
954
1007
955
2825
1844
2825
1617
3190
3052
3190
1725
3335
2209
1080
4047
4189
4182
4189
4262
453
3772
453
3537
2997
3156
2997
4097
776
871
776
863
3793
3839
3793
1555
2007
572
3189
355
3189
2621
3189
1930
3189
2294
2933
2800
2124
3147
66
3667
558
3667
1407
3667
1975
3667
3909
879
3121
173
130
173
319
3058
3406
2669
1800
2669
3269
3167
2611
3167
3186
4084
327
4084
328
4084
1316
2615
2624
1124
2346
1124
3609
2762
3432
118
83
1879
4022
1879
3576
1879
1893
1879
1728
1879
2542
1879
4100
1393
3866
1393
1489
3757
1534
3757
3524
3757
1169
1566
2779
441
3779
441
1548
2493
4022
2493
1893
2493
2542
3678
1966
2466
3415
831
482
1683
2361
1683
486
1683
696
1683
745
1683
2811
1683
778
1683
1646
1683
3772
1683
625
1683
3841
1683
1659
1683
1514
1683
3799
1683
3779
1683
1070
1683
503
1683
3800
1683
2360
1683
1548
1683
1193
1683
1326
1683
1588
1683
783
1683
1047
1683
782
1683
1194
1683
3912
1683
787
1683
1664
1683
627
2403
1479
1034
824
1034
820
1503
2445
3168
3359
566
560
1441
2392
1441
2044
393
4165
3057
3840
3057
1343
1831
1854
2541
2201
683
4177
3463
3956
3326
2727
503
1733
503
780
503
779
2034
560
2008
563
3661
1668
4242
4249
4242
4185
3715
3765
3715
1650
3070
3262
472
3842
472
2332
2998
3970
1912
4091
1912
4083
926
1641
1008
1998
1008
546
4261
4247
4261
4249
3596
795
4252
4192
2348
401
89
1472
3130
1472
1861
1926
3462
1926
3421
2572
2581
912
0
3032
2601
3032
4036
3032
2602
3806
3477
3806
2383
4235
4248
4235
4240
3845
1067
3845
1399
3845
867
3634
3635
3634
2612
3634
3597
3371
3049
3371
2263
3371
3559
2977
3805
517
809
517
3409
517
1365
840
3282
2728
3158
2728
3013
2728
2561
3485
3647
430
2133
4214
4275
2359
3084
3906
2970
3906
3932
3906
3946
188
132
188
237
4016
3157
4016
2721
4016
2864
3945
3332
3945
2541
3945
2551
2530
1886
1840
3611
1840
4047
1840
2530
1840
3151
1840
2180
1215
696
1215
2360
1517
1100
1517
1204
3769
2839
3769
2840
3769
2442
3407
3899
1430
2432
1430
2429
2417
3111
1269
3311
1269
2968
1574
1559
2474
2488
2474
1854
3368
2248
3368
4126
2914
1692
2914
3521
574
2162
574
3594
233
125
3248
3279
2950
3276
3049
3199
3049
2634
2013
382
1311
2462
1311
3127
3377
4138
3377
2636
3412
1570
52
2299
1343
2299
961
3430
791
3430
2148
3430
769
1013
2003
1013
1994
1309
2722
3401
3026
900
1610
2418
2081
2418
3297
1518
743
1518
2813
1764
706
1764
2366
3603
2227
3116
3430
2727
2558
2727
3157
1900
1690
1900
2887
2978
2985
764
1710
518
1251
518
3876
2890
2760
3122
2715
3659
1974
1244
2379
1244
730
1585
1133
1585
3854
3479
2678
273
292
273
295
273
109
523
2141
523
2100
523
757
523
794
523
2444
523
3295
212
93
1855
1361
585
3967
585
580
2423
454
855
2728
4164
68
1523
760
1523
1509
1963
2647
1963
802
1028
2006
1028
2027
1137
3469
1137
1059
639
418
639
1065
2896
1916
2896
3365
3528
2605
3528
2906
2945
2672
1906
2583
732
1678
2028
3102
963
1311
963
1310
1639
910
1639
3688
3110
3118
3989
404
3989
4062
3989
919
2137
2506
3154
2212
3154
2212
3990
1558
3990
988
3990
1577
3990
1614
3990
4011
3990
1742
1732
1554
906
4178
2805
2
1436
488
1436
481
3353
4093
3353
2771
1846
1710
1846
896
1846
2140
1846
1544
1846
2863
2536
2192
671
1485
671
670
1795
2156
1795
1072
1795
2994
1795
3948
1795
2861
1795
1071
2138
1640
2027
3283
2861
3004
436
418
436
849
3309
4003
229
5
846
3361
795
894
795
3452
4181
4277
1138
1060
1138
1360
3064
789
3064
3246
1671
2204
2882
4105
1027
573
1027
2007
2956
1817
642
414
642
2802
3708
403
3708
1969
3708
709
3708
389
1104
490
749
1890
1642
3198
1642
1699
87
2713
721
2104
2986
1749
402
1749
380
1749
2355
1749
1321
1749
365
1749
407
1749
3082
1749
3891
1749
599
1749
550
1749
3609
1749
3890
1749
553
1749
1734
1749
1046
1749
3531
1749
1551
1749
1657
1749
1649
1749
3908
1749
1531
3094
2688
1824
3538
2021
2963
2021
1089
1323
2868
677
3925
677
1489
1179
2090
1179
737
1179
3918
824
624
2867
2736
323
2223
295
306
295
226
1021
2052
1021
2011
2233
2609
2233
2770
2233
2262
2179
3425
2179
1678
1677
795
1780
1611
1780
3412
1780
2043
3259
3
1614
3454
4032
3483
4032
2569
1650
3299
3900
598
3931
2710
3931
2152
3931
2989
49
3425
3426
3425
3357
4010
3147
4196
4204
780
909
3203
620
3125
2982
614
610
3800
1786
650
2467
650
2164
650
855
650
2161
3681
2340
3681
1973
3681
1971
3681
2652
3681
3582
3831
651
3831
844
3831
2429
1226
1801
1226
3862
3035
2622
2336
957
2336
962
2336
840
1212
1589
138
137
3234
3769
3436
3438
3436
2898
1131
1648
1131
2944
1678
1619
1678
3439
1678
2590
3648
2908
3648
926
3648
2909
149
171
149
197
2600
3547
2600
3187
2600
1308
2868
2725
2868
3009
2868
2540
3937
606
147
146
1590
2074
1590
1719
678
635
2131
856
3687
1635
3837
1581
3837
3906
2989
2152
2989
2152
590
1016
590
835
3996
719
4221
4264
4221
4193
1459
1269
1459
792
1792
3522
1792
1363
1792
525
3388
3398
2559
4080
2559
2203
2559
4088
4157
4168
3862
2396
3862
1359
3862
2705
3504
682
3504
2607
2802
2950
2330
1344
4119
4129
4119
2905
1317
4056
224
97
459
1811
459
1098
459
1823
4061
931
4061
3587
2885
3432
2885
2585
2885
2762
792
539
4147
4157
3962
2130
3962
2068
3962
882
1220
2015
596
589
596
595
2939
3889
2939
3934
374
371
374
367
44
92
645
1528
645
1064
873
2749
1596
3628
2721
2558
4078
2593
1374
995
1374
850
2663
619
1184
2134
1184
2501
300
307
300
169
2606
2246
2606
3372
1645
2766
1873
2566
1873
3173
1873
4085
1873
4096
1689
3418
1689
1016
1689
1329
1689
2021
1689
2323
1689
1981
199
113
199
210
2499
3138
1852
2160
1852
1753
1852
2511
58
3392
3935
1399
1068
3724
1422
3724
2394
3724
3831
3724
2401
3724
1747
1509
852
1509
1366
1509
739
1582
4066
197
184
2409
1552
511
1094
511
1418
2971
2843
2971
2977
2971
3642
852
1365
852
774
852
3396
689
1852
689
1751
399
398
399
387
4067
3501
4067
1620
4067
3595
509
3930
2411
1340
582
576
1511
1512
735
2191
735
3362
735
2599
735
1691
735
943
3533
2554
3533
3534
2942
334
2942
3081
656
1786
786
1731
3743
1702
3743
2382
1735
4175
1318
4056
1656
3936
1786
3434
1786
713
1786
2978
1786
2979
837
417
3210
3824
3210
1415
447
2342
447
3267
262
102
3232
3731
3232
1273
3813
2088
3813
2488
3813
1831
4059
3511
2547
3991
1837
561
2810
1388
2810
1622
2810
1817
2245
1926
1447
1174
1447
1180
2353
416
1206
762
1206
487
3051
355
2584
2593
4003
3600
1263
706
1263
810
3913
2143
2854
3120
2196
1902
2196
4068
2196
1334
176
315
176
192
3449
1537
3449
1174
3449
1992
3449
2348
3449
1029
47
81
2155
1871
174
134
174
235
944
3648
944
3648
2620
3196
1944
10
1155
851
1155
768
4207
4179
804
584
2341
3569
2341
3568
3043
2778
3043
4132
366
3079
366
357
2065
2438
2065
2101
1001
888
1001
997
1001
3309
1001
1838
1001
765
1001
4000
2019
3935
2293
4159
2991
4021
2991
4021
1804
733
1804
733
1366
739
1366
739
2794
1007
2001
3897
2001
2403
2001
2411
1303
344
2256
1934
2256
335
2256
3048
2256
715
1065
1066
202
223
1019
2007
1019
2009
2146
2171
4250
4182
3616
1538
3616
1424
3616
1987
3616
1549
3616
1724
3616
837
3616
1653
2182
703
2182
1732
2182
2548
3105
772
3105
772
1448
1174
1448
1176
3560
2257
2372
2409
2095
2478
2548
1729
1838
3605
3695
1698
3695
2352
4240
4186
4240
4197
1146
3094
1146
1140
3161
4018
4034
684
4034
4102
4034
1894
4034
3003
448
2406
448
1709
181
241
181
194
3283
3994
3283
2126
3283
2116
1095
461
838
1537
838
1174
838
1996
838
1990
838
2000
838
1528
838
2003
838
1993
838
3650
838
1994
838
1176
838
2002
838
1247
838
1992
838
3469
838
1064
838
1049
838
1997
838
403
838
1998
838
2347
838
2348
838
816
838
1991
838
1995
838
617
838
1999
838
1059
838
709
838
1180
838
3429
838
1029
838
389
838
546
78
92
2250
46
1360
663
2214
3512
529
785
529
821
3517
862
3517
3874
3394
1602
1529
1514
1529
787
3722
2684
360
4166
2429
3919
2429
2853
3278
3920
633
2726
633
2723
633
980
633
3013
633
2561
1915
2237
3875
605
4238
4242
4238
4209
475
3842
475
474
1969
838
153
316
153
142
3196
4169
1751
3134
1140
3494
3341
3172
3975
3558
2277
2916
2277
4130
2575
1728
915
869
1633
2023
1633
3458
1633
3629
3555
3431
3555
2582
969
550
969
553
1475
753
1475
4084
751
3117
751
3931
3261
2973
2287
40
2140
1884
2288
55
2190
856
4091
2769
3589
2225
3589
1915
1200
1201
3964
3985
3590
2756
3590
3338
3590
965
2816
615
2278
44
3511
3589
3511
3512
3864
1809
3864
3899
3502
916
3502
2901
21
35
2822
2413
3320
3945
2701
2709
1381
476
1381
2356
2626
4161
3347
3360
3347
2892
3347
3034
743
479
2481
2516
2481
818
1691
1900
4124
1865
4124
2128
4124
2151
2719
2869
2719
2724
2765
394
152
144
152
181
2612
1307
381
374
691
2413
691
2973
1743
3426
3267
2684
1214
1603
1214
1203
2360
3804
429
2133
3385
1938
3385
914
3385
3387
4204
4246
1250
2050
1250
3633
2529
1896
2529
1896
1429
462
1429
1095
119
118
3721
3754
3721
1633
117
210
3507
3508
192
127
192
193
2751
3566
4087
2227
575
704
575
2674
2915
2289
2969
898
2969
897
3342
3425
3140
2168
3140
2530
1287
1596
1287
747
4274
4276
1575
3521
2633
1303
4075
1669
3262
3276
1277
1195
1277
1196
1277
1808
2475
3007
2475
2872
287
198
287
320
2200
3501
2200
1620
2200
3595
4064
3182
4064
3028
3356
2606
3356
4142
822
2508
1278
3428
1816
3976
1190
1805
1288
1278
1288
747
816
1076
3512
3468
3512
4141
3740
1416
3740
2380
3740
706
3740
1219
3740
1172
3740
3477
3740
2351
3740
2383
3740
3493
3740
1036
3740
1581
3740
2382
3740
3757
3740
3906
3740
824
3740
459
3740
2816
3740
854
3740
810
3740
3910
3740
975
3740
3886
3740
1672
3740
820
3740
2358
3740
3901
3740
853
3740
597
3740
3519
3740
3486
3740
2354
1822
3927
1822
3118
243
222
243
289
3501
3502
3727
1976
3727
2327
3530
1678
1626
3881
2381
3723
612
2010
612
3875
2691
2853
1481
477
719
2560
719
2725
719
2874
719
2540
765
3977
312
176
1701
4118
1701
2617
1701
2775
1612
466
626
824
626
975
2743
4092
481
740
481
1376
481
742
1719
1420
231
0
701
3473
701
2239
1765
3860
3803
2848
3803
1821
3579
3471
3959
3604
3959
3145
3959
4020
3959
2995
8
854
524
547
2348
547
546
810
2400
3200
1936
3200
4153
3231
678
353
2788
353
2294
584
586
584
580
1051
3847
1051
1326
3903
2701
3903
2469
2263
2287
1196
2082
4013
2198
3859
415
1854
1580
1810
3312
1245
1408
1245
2092
1245
1826
1547
2126
1547
2116
1547
2029
2837
2851
60
1584
829
1584
927
2051
1832
2447
619
2206
2231
2206
2230
2206
2579
1353
1038
1353
744
3428
1195
3428
1196
3428
1808
3155
1901
620
3249
620
3900
620
1802
2944
3291
208
260
1620
4094
794
903
3065
1414
3019
3188
3019
4077
3019
2610
3237
2357
2043
3821
991
3952
1341
3105
1341
3391
23
58
2303
1653
2303
699
1256
528
1256
1590
1794
423
3001
2733
3001
819
1991
650
2804
2654
341
2528
1293
1200
1293
1592
1043
611
1043
1032
2366
1794
1372
2404
1372
885
2448
3960
2448
3960
2838
3911
3095
3532
3095
3292
1548
417
3606
2580
4260
4189
4260
4183
3146
3579
3645
1907
2105
3443
1182
2846
3684
1986
3684
2806
3834
3891
3834
3890
1161
3758
372
364
548
3987
548
3989
3934
1327
2161
3533
1105
842
1105
1704
3397
3434
4167
70
2317
3256
3514
2077
1802
3900
1802
3900
1330
2835
1330
882
1330
4010
3896
3545
2459
3144
3861
522
885
3959
2792
1341
1559
3184
1559
4109
1559
1645
4222
4226
4222
4273
4062
1885
4062
921
2220
339
2220
2765
2220
2597
3275
3302
3275
3109
802
2087
802
3938
330
2250
4173
66
1885
3340
1885
1901
3796
3820
3961
2523
3961
1579
559
932
559
933
559
4029
559
4050
559
929
606
1473
606
2486
606
3601
1939
4155
3878
3544
3878
687
721
3054
663
1859
663
2506
4106
4118
4106
2254
1606
1714
1606
1478
1606
2555
2184
1729
2873
2735
2645
3238
3558
1580
2596
2608
939
2883
73
18
1663
904
1721
1295
1721
593
3978
2524
2374
3095
2509
2523
411
404
411
398
2582
4095
3391
1836
1409
515
1971
2014
1971
2949
1971
3710
1971
1648
1971
789
1971
406
1971
3705
1971
375
1971
566
1971
3934
1971
521
1971
836
41
94
1499
2026
1499
1388
2852
2480
2689
2089
2399
2424
3867
1066
1411
1412
409
401
971
407
971
550
2511
1895
3466
2270
3466
2276
3466
2294
3323
3328
499
1738
499
495
3967
937
3967
938
3967
2155
3967
4090
3967
4030
3264
2065
1942
37
3593
3329
2786
3485
2786
353
2318
3646
2318
2652
2735
3341
2735
3344
2735
3165
65
3344
3345
942
3025
2656
2016
2323
1346
2323
3888
2323
1507
2323
3885
2323
1427
2323
835
2323
3637
2323
3773
2323
2359
2323
582
2323
1140
2323
3861
2323
1411
2323
746
2323
3747
2323
759
2323
2352
2323
1039
2323
2368
2323
3808
2323
803
3021
2588
2824
2693
867
2683
122
177
2677
2847
2677
2143
2677
2828
2677
2099
1233
1179
1233
3815
3179
2764
1867
4061
4000
1613
2650
374
3910
3261
3910
2822
3910
3265
4031
2178
4031
4035
4031
4033
2780
2279
3932
2845
2614
2258
1125
1346
1125
3637
3810
635
3810
2334
187
129
187
319
189
133
189
235
3682
2322
3213
1507
3213
1411
2125
3622
3832
1557
3832
1551
4180
4179
4180
4179
299
240
3280
2440
2035
2467
2035
3408
2035
2062
2035
3287
3776
2096
3776
2094
3776
1833
3299
3988
3299
2471
3299
3119
3299
3115
4120
3372
4120
2269
336
1943
2226
3424
2226
4113
180
316
180
213
3563
369
3563
3415
0
1035
1048
1035
627
1336
2577
80
2212
1903
2212
3169
3629
707
1868
4024
1868
3163
1868
4070
4037
2588
2590
3036
2590
3491
989
3150
2678
2829
2678
2835
2678
2080
2678
2834
2678
2075
2678
2685
1600
2016
868
2938
30
90
1989
1727
3131
1317
3131
1318
3131
1593
600
596
3698
1775
3546
3547
3546
3187
3546
1690
124
123
2320
2375
415
2842
415
1647
415
3497
3505
730
3505
1164
3505
1752
3505
2414
3505
2430
3505
2423
3505
1253
3505
3809
3505
668
3505
1368
3505
1405
469
3927
469
3110
1975
3569
1975
3568
126
125
3786
3082
3786
3890
3736
3758
3736
3086
1415
1083
1415
3274
3387
1759
2569
3030
2569
2755
2515
3322
1230
1537
1230
1176
975
3958
4083
886
4083
886
2217
56
1469
340
1469
3573
3886
1344
4077
2772
2284
3584
2653
565
2783
2629
2274
4149
2929
1181
2929
2363
98
222
2731
870
4068
946
862
3411
3725
3775
3725
2671
3725
2673
3725
3807
3725
3624
3725
2664
4243
4246
881
3347
881
2203
131
89
2779
917
2779
4126
2779
2627
4253
4202
3381
1573
3381
875
3381
3052
3381
4139
3381
1572
3381
3385
3381
3200
3381
2286
3381
2787
1862
736
285
220
285
239
285
258
1881
873
1881
947
1881
813
2672
2679
2672
2036
2672
2481
1666
664
3583
3441
4071
3431
2593
2231
2593
1306
2593
2230
2218
2249
3552
1795
2876
2748
1603
3940
725
2508
725
3992
725
1323
3972
1827
666
2017
666
3777
2641
57
4118
332
4118
2257
5
3316
3322
3872
605
603
1017
603
1546
1725
2291
1725
695
2857
2999
3443
1074
3443
4007
3443
3444
1333
3480
1333
3362
1333
943
2031
3894
3089
3836
1444
1166
1444
2069
2587
3037
2587
3367
2587
2597
2544
2556
1834
3998
62
2223
27
1031
3249
1031
3900
1031
1802
1031
1345
333
3376
444
756
444
758
3226
3750
3226
630
834
2877
808
3122
808
1827
808
1857
808
3298
3424
2251
3424
3560
1947
74
3819
2351
3819
2383
4053
922
4053
4072
660
1997
660
1152
3692
2030
3692
2339
3692
804
3692
1360
3692
905
3692
670
3692
1540
1808
2078
3641
1335
3641
1335
2870
3611
947
1911
2798
1754
3135
6
3919
3964
3919
2115
1660
1847
1660
3122
1660
1357
4009
2862
3025
2591
3025
3355
3025
3028
2797
964
948
1919
1236
843
1236
1171
2312
1407
1807
1846
4179
4277
3235
1779
304
161
3290
1874
1948
12
4121
3194
4121
2258
3289
3542
3289
3296
807
978
2326
1198
2079
1837
3688
3505
3688
2808
1121
1785
1121
2674
3838
1839
3838
1839
4094
4103
4094
2220
290
170
290
304
3647
3644
3647
1695
2588
4086
2588
2603
2588
3423
1079
1840
2858
1863
3620
2331
3620
1786
3938
777
2121
2713
2121
370
2121
2139
3518
3041
3518
3040
3518
1583
539
3988
539
2439
539
3115
813
1911
3277
649
350
349
2260
31
1314
3424
1314
4113
2439
2471
1539
2219
1539
945
1539
1574
2849
2476
236
110
236
106
236
292
3395
952
3395
1320
1813
2090
1813
737
1813
3918
1350
807
1350
744
959
1472
959
1471
2385
3523
1187
2402
2695
3892
314
260
314
262
314
231
314
261
1485
1486
2746
4052
1377
2403
1377
2019
4142
907
4142
1939
4142
3389
3874
3649
3874
2419
761
1910
761
965
1705
1635
1705
1598
623
2056
623
979
4226
4181
1959
2013
1959
381
485
2514
485
1708
485
1879
485
3575
4152
4163
3554
3465
377
2983
377
376
377
370
705
3468
4163
49
1623
852
1761
2969
3974
3455
3974
2076
3974
2086
542
532
542
1187
3539
2536
3539
2731
3539
4046
3965
3987
3965
930
3965
920
3965
919
378
386
378
2120
378
2121
378
377
3749
1366
3749
1623
2040
1165
3271
2051
3271
3914
1542
726
1542
1543
2832
2690
2832
3304
2300
3774
2300
3253
1378
3073
1378
1612
3865
3936
3865
1985
2442
3921
4237
4249
4237
4185
1040
3937
1290
2343
1290
2326
1188
522
261
264
261
210
2755
2226
899
3942
899
1062
899
1610
2636
2293
2636
1939
3268
3937
571
4025
571
2730
571
710
571
3594
2911
3047
1899
3480
1899
2600
1571
1074
1571
722
1571
3444
2909
1715
2471
3137
2471
2138
2471
3321
3348
2897
2363
437
35
3061
2418
3253
2040
3253
775
3253
2039
1674
1774
1674
1675
1296
1253
1296
817
1046
717
1046
2669
3850
3266
3850
2821
3850
2028
2864
2570
995
3451
1345
624
2306
2942
2306
3071
1253
1254
827
3930
674
3781
674
1666
3005
3566
2046
417
3209
844
3209
1417
1995
634
345
797
345
1940
3950
1331
3570
1852
4191
4274
1827
2750
1827
2526
1827
1713
1827
2518
1827
2519
318
181
276
255
276
218
3091
1824
3091
3871
3091
3285
1119
1993
1119
1994
617
3617
617
2849
617
2085
2101
1571
1165
2460
1165
2487
4026
460
3143
2591
3143
3355
3143
3028
3143
3555
3143
4051
1617
2988
71
2630
1934
2119
2987
2119
2128
2165
735
1101
786
1101
3964
1101
2858
1101
4012
1101
2446
1356
1329
1356
3624
2203
2216
1618
2522
1618
4038
1618
3327
43
91
1193
1720
1193
2097
1193
1638
4208
4184
2266
1933
2266
2630
1055
1992
1055
1049
356
2089
618
3132
618
1323
618
2499
618
3933
618
2443
618
1324
82
88
1241
2397
1241
1406
2055
3571
1828
1184
3151
2559
828
557
1272
3764
1272
3809
3422
4016
2740
2751
2740
2580
4035
4054
4259
4258
4259
4208
3694
3700
1282
1590
1282
1511
2345
2059
1864
3593
1864
1304
2253
369
2253
914
2253
3046
1306
1723
167
88
2674
570
2061
2074
2061
1420
2061
1604
1005
1006
169
311
1363
1870
2296
29
4192
4276
4050
4063
864
1087
2995
2521
2827
1576
2005
880
363
1848
363
2466
1061
3104
3219
2937
3046
4139
3046
3384
630
2057
630
3937
3101
4027
232
7
3826
3493
3826
1036
2091
2122
2091
878
2091
4002
1143
1585
1143
788
1630
1631
3119
3969
2617
3652
2617
2279
2617
2911
3427
3997
3427
3496
3165
3346
311
176
3440
4129
3440
2905
2143
3520
2143
1080
2143
2870
2143
3324
2143
2546
3926
3950
3926
3111
1091
3129
109
108
2193
3590
2193
761
1266
2371
3623
523
2356
772
2356
1003
2356
3941
1203
1201
1203
2041
1203
1592
2618
1715
107
78
2241
2910
74
75
3055
3064
3238
2650
3238
364
4271
4277
4271
4273
4234
4200
4234
4246
3835
2687
3835
3862
4239
4205
3644
875
3644
383
3644
1703
3644
3054
3644
4160
3644
336
3644
911
3644
362
3644
1759
3644
368
3644
395
3685
865
3685
3718
3685
3414
3685
3616
3685
2806
3685
2943
2828
2114
2151
3563
2151
2253
4215
4216
3293
3960
740
741
4249
4202
3935
888
3935
1838
3935
765
3935
1613
3421
2265
3421
2279
3421
1929
3421
1931
297
171
3569
3887
3569
2006
3569
3750
3569
558
3569
760
3569
1407
3569
1032
3569
2008
3569
1179
3569
1509
3569
691
3569
630
3569
3909
3569
1228
3569
3815
2282
42
2272
335
2272
2628
1151
782
1151
3912
1740
341
1740
3574
3384
3415
3508
1682
3508
1907
3508
2578
439
3543
439
2032
849
1076
2813
482
2350
1799
2350
3769
2350
2048
1439
1654
2314
2032
2314
2363
1260
3765
1260
1506
1849
1530
1849
1075
1849
2491
2539
3450
2539
1569
1746
2750
1746
3160
1746
2526
1746
2518
1746
4060
2377
523
2705
2492
4143
2295
4143
1941
4143
1940
4143
4149
1385
3840
1385
3864
2485
4021
2485
2512
2485
2991
2187
1896
1695
869
1695
393
1695
1735
1695
360
1695
4153
1695
385
1695
3398
1695
4159
1695
4155
1695
3640
1695
3399
1695
715
746
2470
746
2854
746
3581
155
179
155
138
4162
52
2761
2900
4074
3512
4153
4173
2623
2782
2959
1211
2959
2451
3186
1922
385
1947
695
869
3040
4117
3728
2394
3728
1134
832
4041
832
465
4065
3188
4065
4077
4065
2610
3272
3852
442
3784
442
1441
2290
384
2290
708
2188
3012
2188
3011
2188
925
3599
321
3599
1609
3599
3167
4090
1908
3580
1563
3580
948
3580
2598
2542
2552
1832
815
1300
2424
1300
1293
1442
851
1442
1444
2378
3898
2378
3280
1911
1913
1911
3180
1911
4109
909
990
909
3128
909
3125
471
954
471
959
471
1803
27
78
130
129
1755
3924
1755
1712
1755
1251
1755
552
1755
3876
1755
1651
1755
2012
1755
1785
1755
3925
1755
1815
1755
3866
1755
704
1755
2010
1755
1162
1755
1716
1755
1038
1755
1722
1755
1403
1755
2663
1755
3875
1755
3867
1755
807
1755
1188
1755
828
1755
2674
1755
798
1755
1489
1755
3513
1755
814
1755
1175
1755
874
1755
405
1755
744
1755
2676
1636
3386
1636
875
1636
4135
1636
1725
1636
3384
1636
755
1636
3383
218
257
2571
2890
2571
2889
911
53
4183
4182
1909
4173
1471
1861
1471
2146
755
394
755
361
755
369
2899
2773
2899
2610
636
1656
636
1328
3329
918
3329
4057
1587
992
2089
685
2444
1887
2834
2117
1544
1884
1857
4023
1857
2154
1857
1713
3031
3036
3031
3491
2333
2037
1089
3990
587
1990
587
2000
544
2655
544
3241
1223
3822
1223
694
857
2964
857
3942
857
900
1135
3938
798
410
3953
2564
3809
517
3573
913
3573
3574
870
3030
870
3528
2947
2421
3691
3700
4019
2205
4019
3017
4019
2884
3853
549
3853
2659
3642
3895
2135
4042
2135
1317
2135
1318
1798
3972
2660
2427
3909
557
2808
3764
2808
1000
2808
1153
2808
1177
2808
462
2808
2432
2808
1484
2808
1754
2808
1417
2808
831
2808
3724
2808
1095
2808
802
2808
2005
2808
857
2808
817
3250
2000
3250
1993
3250
2002
3250
403
3250
1998
3250
2347
3250
1059
3766
1396
3766
2024
3766
1061
1870
3988
2236
25
317
166
317
235
4136
3383
326
2236
2807
1781
2807
1702
1312
3601
2025
1331
2025
3400
2025
2989
4115
3370
4115
2617
1797
567
1797
574
2948
2050
2948
3803
1326
1327
3656
2319
1025
1990
1025
1993
797
2295
3079
358
858
896
858
764
858
1608
3697
3705
3697
3869
588
3999
588
2098
588
586
248
291
248
119
248
204
1858
2537
1858
3416
4038
881
3121
4021
3121
2512
3121
2991
1588
624
266
316
266
141
90
1320
2107
3515
3516
569
564
515
2077
515
793
2975
929
289
313
289
304
172
144
172
318
3986
3326
3986
1877
3986
2525
3398
4174
4082
3167
4082
2218
1569
4040
2415
649
2469
855
2469
3533
2469
981
1217
492
1217
773
3274
2503
3274
1810
2230
4116
1515
3901
29
731
2003
731
1994
731
3469
731
1064
731
1049
731
1152
731
617
731
3250
731
3429
731
546
3476
1858
1783
456
1274
1193
1274
2389
1929
2278
1653
664
3977
3145
3977
4020
3977
2995
1284
3915
1284
1197
3557
2913
3557
2914
1731
2514
1731
1708
1731
3575
783
664
254
192
929
930
929
920
929
919
3877
2008
3877
3909
653
648
653
2702
653
3923
653
3320
672
3782
672
1395
3968
984
3968
3978
3968
985
779
1221
2881
2894
3382
395
1672
1791
1672
2681
1672
1673
3868
1538
3868
2408
112
81
2862
3602
2862
2865
2862
2738
2862
2867
2862
939
2862
4051
1779
1419
4263
4267
4263
4180
1876
2211
1876
3606
1876
3583
1876
3005
1876
4058
1218
492
1218
2370
3265
2973
4072
2756
4072
2759
2603
4093
2666
2389
3551
3943
3551
2410
3551
3870
1593
1595
1593
1594
641
2353
641
2320
3971
1827
3345
3177
876
342
876
3368
2725
2200
3306
1850
3871
1660
1641
3556
1641
3557
593
588
940
941
2877
2601
2877
4036
2877
2758
3214
3068
2115
2497
2115
2135
237
317
4236
4203
4236
4206
3855
2070
1667
1615
1667
2743
1667
4073
2169
1885
2169
921
4170
63
1940
1302
3281
2102
3281
3121
3955
2740
1115
1480
1115
481
2624
1932
2624
2275
2624
1933
2624
2628
1169
1849
3575
3576
3575
1728
667
2033
667
2386
667
3972
3009
2560
349
4151
1999
594
3817
975
3817
3886
84
2850
2862
2313
3236
2313
1509
3416
3464
3011
4096
3258
3302
3258
2697
1349
976
1349
1656
2580
3445
2580
2227
4007
2150
999
1000
2814
3537
3917
3395
3287
3983
668
2066
668
1798
3802
3241
3802
2338
3564
2873
3811
564
3811
2653
2222
1562
2059
3949
2059
1610
2059
1610
4227
4252
800
1778
800
3083
800
991
332
2625
332
2780
3649
1750
1668
3689
228
177
4012
2135
2790
3865
3902
3313
3902
3319
3902
3488
3911
3317
3911
3614
3911
2857
4030
1872
2216
1619
2216
3440
2878
2891
1059
1644
1059
3971
4001
934
4001
3334
4001
935
1800
1820
1332
1333
1955
3863
1144
1538
1144
1063
489
1339
489
3402
489
1846
489
1338
602
2002
602
1999
1711
3640
709
712
709
1789
709
2367
2144
1097
2389
3393
955
956
1489
650
3389
4155
1602
1365
1602
774
1602
3396
2699
1848
2699
3415
2699
3046
711
4067
3390
4156
1709
1791
1709
2681
1709
1673
2592
3465
2592
795
2435
3417
2435
2474
1806
2469
2845
767
2673
2435
2210
4053
1535
1170
1535
3524
1535
1169
113
112
1364
1870
1237
843
1237
3916
4079
3361
2796
3792
2254
2278
1863
1879
277
146
277
182
3513
652
2327
3523
2327
2046
10
806
848
364
358
364
367
535
1416
535
854
178
179
178
212
4104
2248
4104
342
4104
833
863
3525
1895
1582
1895
3510
3594
932
3594
2195
3594
933
3594
4050
3594
2183
3960
2130
3960
2124
3960
940
1946
11
3343
3025
2328
1101
4210
4195
4210
4228
2905
797
2905
4131
2905
2252
2782
1942
2759
1917
2759
915
2759
695
3860
467
895
4033
895
4055
1238
1177
1238
1405
2652
3470
946
3474
946
1918
946
3473
3263
3279
2961
3618
2961
3617
2521
4045
2521
1889
1421
3930
1204
2041
1204
1200
1204
1592
2586
3518
2856
8
3324
4047
2194
4049
2194
3021
2194
2899
421
1078
421
1077
421
3993
421
2105
1654
740
1654
1376
1654
742
1981
1198
1283
1978
1283
2333
183
23
2637
360
3139
2170
3139
2998
3139
3146
1610
2464
1273
3242
1273
1455
1784
1727
93
3207
1219
981
2728
654
1065
654
1440
610
1476
610
2060
610
2457
610
2974
610
3463
610
1313
38
58
784
412
4058
1615
4058
1314
303
193
4159
4170
4014
3539
4117
3556
4117
3557
3904
2550
3904
1671
3904
1670
252
217
252
117
252
113
1820
3301
1192
2377
1192
2373
3448
1990
3448
1997
3448
816
3448
1991
3448
709
3448
1180
3636
3711
3636
3883
4149
4164
3804
3849
3804
1550
3562
3373
3562
396
2748
3358
2748
3354
2748
3515
3085
2954
3085
1462
3085
3098
3085
3097
3085
3094
3085
1161
3085
3855
3085
2047
3085
2955
2202
3026
2202
738
2202
748
4178
17
820
609
1594
1609
1594
3022
2747
1936
2747
1909
2747
2292
1376
3963
3933
3992
1075
3139
85
1186
903
1186
3947
2604
3369
3142
3012
3142
2571
3142
3011
3142
925
3142
2540
3230
643
594
595
594
586
3295
3571
376
720
376
714
376
2151
3201
365
3201
372
3683
1601
3683
375
3683
1173
3683
381
3683
3697
3212
1410
3212
1506
2075
4010
3833
1586
3833
823
3171
3027
3171
3179
3029
2590
2638
1703
1252
1254
64
2362
2385
2362
2046
3625
656
3531
3943
3531
2410
3531
3870
2048
2064
3500
2534
3500
881
3500
3327
4198
4189
4198
4183
370
720
370
1865
3741
2408
3741
1607
3279
2440
1298
1462
3592
2774
3592
2903
3592
4118
1180
904
1048
2376
141
213
1370
1752
1370
2048
2308
1173
2925
3684
2925
2378
2925
2668
2925
841
2565
3018
2565
2876
2565
2746
2334
1486
1419
3481
1419
864
1419
3288
2267
3378
1465
3097
1465
3808
2519
2532
979
610
401
399
401
391
491
482
1543
2914
1543
1575
1543
2280
2833
2453
2833
3896
2833
2455
2443
2719
1357
2715
419
3884
419
3856
2501
1618
1979
1662
1401
2994
1401
3427
1224
1704
1224
3939
465
325
465
4057
543
3548
543
1187
2681
3281
1491
736
1491
2702
1491
3923
3322
791
3322
2185
3322
2544
357
2689
357
356
2391
2415
136
135
358
2689
358
356
358
363
358
2699
210
114
1622
2054
3537
421
3720
416
3720
427
616
1046
616
872
28
59
931
3339
931
2747
134
133
1729
2575
1729
4100
1729
3503
3747
2819
3747
2972
3747
2441
4201
4228
1358
736
3588
883
1616
3981
622
1996
622
1029
1931
2281
2268
2277
729
3971
4131
3198
4131
2255
4131
1941
2307
825
2307
566
826
2153
826
3989
826
1867
826
2147
1812
1829
2775
2254
1297
2941
1297
771
1047
2376
551
411
812
2493
1826
3913
4063
3590
4063
761
2047
2435
2451
2853
1551
1040
1551
3268
1551
877
3532
2436
3666
1770
925
4096
3510
2893
3510
2761
3510
2594
3742
700
3742
3519
3048
1933
2370
1733
2370
780
2370
779
4270
4276
4270
4229
1925
3652
1925
2257
3591
2785
3591
3381
3591
3382
3591
2283
1308
2916
1308
4130
2298
3074
2298
2336
2180
2559
2543
2881
2543
2739
2543
2207
1833
1843
3393
1839
3393
3394
3393
3838
681
1948
1443
730
1443
1164
2357
3086
391
387
391
378
1334
4044
2419
1750
1267
1665
501
2969
501
1807
1565
3000
1519
831
1519
1368
2465
3968
2491
2990
833
2627
1681
1643
1681
2274
1681
2782
1391
3841
1391
783
443
758
443
3552
565
2103
565
972
565
560
565
2079
334
3259
1501
1666
1501
836
3321
3325
519
723
519
1663
2979
2985
2401
2064
2224
4155
46
87
2729
3456
2622
3197
2622
2275
2622
2630
2931
1416
2931
853
3597
2277
1268
1665
2358
463
4202
4274
2616
2260
2297
687
2297
1490
3756
3887
3756
3254
451
3738
451
1657
3260
2707
2812
3882
1307
2268
3863
1797
3863
2658
1775
3405
1775
2356
267
302
267
227
1451
452
1451
1658
3340
2752
3340
845
193
167
193
319
3047
1931
2551
3166
3327
2190
2826
2971
253
185
4126
343
4126
3199
4126
2633
775
776
3963
464
2139
4174
162
302
162
290
162
101
2610
2772
2273
346
2273
1643
2273
1642
1637
1720
2784
2915
3858
1358
2283
383
2981
1904
2981
2211
2981
2536
2981
870
2981
2742
2654
3080
637
3867
637
2676
1139
3781
1139
2953
3578
2567
3578
889
3958
2483
3958
974
3958
1545
3958
2724
3958
711
3958
2175
61
4100
2235
4100
2233
3217
778
3217
1193
748
1333
1085
3307
3496
2219
3496
945
3496
1574
4176
20
2820
2421
3914
1832
4169
50
4004
4019
1202
462
1202
2423
2085
2476
3429
416
1748
1726
1748
1480
1748
502
1748
859
1748
3784
1748
1513
1748
476
1748
1343
1748
1100
1748
532
1748
843
1748
3755
1748
3916
1748
488
1748
1441
1748
3845
1748
481
1748
1409
1748
1187
1748
2356
1748
1204
1748
491
1748
3814
1748
1171
1748
961
1748
1586
1748
790
1748
3577
1748
3915
1748
823
1748
1197
4177
16
3561
2723
3255
2953
2192
1615
2192
2743
2192
4073
3814
3882
3814
1493
1604
1086
4033
4054
2186
2195
2142
3002
2142
2167
2142
983
3284
3920
2594
4125
1747
2422
1747
1825
1747
697
2376
2049
2376
3263
2376
3846
3075
3088
143
76
604
2012
604
2010
1142
3823
1142
788
3202
503
3211
3824
3211
1418
747
458
362
1944
1029
3278
1029
3284
1029
1322
638
1064
638
3429
2171
7
1362
3148
3567
1877
2029
3994
1171
1570
1171
2043
2252
1940
1638
1186
2711
2991
2711
1881
592
1017
592
2009
389
379
2955
2831
699
3871
699
3538
1592
2058
2709
3318
2709
2158
2709
1565
157
132
157
317
159
126
159
254
159
240
3144
2179
3144
3953
3144
2546
1389
1996
1389
2347
1699
1694
2489
3317
2489
2507
2602
2618
2602
1641
1254
2980
1254
1184
1796
2452
1796
2990
1796
1530
1796
429
1796
1858
2863
3001
204
234
327
326
3559
2634
2806
3251
1435
488
1435
491
206
106
206
211
2364
957
2364
962
2364
840
2237
26
3979
4000
2535
2213
140
139
1845
3553
1673
3281
1210
486
1210
1659
796
799
796
3002
796
2167
435
849
435
1232
1327
2117
1327
2130
1327
2068
1327
4009
1327
940
673
1991
673
1995
845
4135
3879
3544
3879
1037
3503
686
3503
846
652
648
652
2506
2946
1247
40
60
1905
323
1905
2217
961
470
1328
1330
782
653
759
3299
4060
3168
4060
3169
2895
4125
3534
4018
1652
596
2238
795
1961
402
1961
390
328
2240
905
1402
4224
4207
1759
1945
1782
1006
1782
3651
1782
994
1782
692
1782
487
1782
1007
1782
1269
1782
792
1782
3859
1782
1603
1782
3623
1782
1658
3585
883
3585
4156
3585
4151
3585
4161
3585
4150
3585
4157
3585
4152
3585
4158
3744
2820
3744
3801
320
242
320
195
296
111
296
306
1194
2082
1194
2852
1856
2732
1521
723
1521
1168
1586
1576
2204
3350
2421
2445
856
3360
856
2892
856
2749
856
3034
856
813
211
107
521
1662
3723
2458
3723
1835
3723
1400
586
934
586
1871
586
2155
586
4030
586
2208
4089
1914
4089
2896
624
2463
624
3958
3115
3969
3169
3359
3204
2945
3204
3908
2667
3749
1877
3565
1624
3331
1624
3606
1624
3583
4055
3599
4055
4082
3282
1472
3282
1471
2940
2806
2940
2943
877
2057
3807
3277
580
1871
580
2162
580
2155
580
1872
2999
3006
2999
2871
2999
2196
165
238
814
2412
814
1079
2009
2116
2009
2029
850
483
1011
1321
1011
553
72
19
72
18
72
34
72
21
72
23
72
28
72
75
72
22
2349
2949
2349
2020
2349
554
2349
406
2349
3701
2349
375
2349
1173
2349
2007
2349
566
2349
2013
2349
3934
2349
2009
2349
836
2349
2817
2349
1546
3907
3313
3907
3319
3907
3488
1580
3163
1580
3023
1580
3527
1580
1336
1580
3526
1580
4070
1814
1098
4017
2140
4017
1544
4017
2863
1009
552
1009
798
1850
2717
1850
1096
1850
2144
3406
3407
3406
1790
2011
588
1313
2129
3445
876
3445
4104
3298
2715
81
3680
1970
3680
1188
3680
1755
3680
798
3680
1965
3680
405
1222
1107
1222
1102
3830
3888
3830
3855
878
822
3801
1795
3059
373
3233
1161
3812
2330
3812
588
105
79
3376
2282
3699
3722
3699
3801
790
2958
790
997
790
3309
3930
4016
3930
1616
3628
2694
3628
2388
3628
3260
1216
696
1216
1626
1878
4028
4011
3539
2800
3889
2800
3075
3901
484
2332
471
3912
1750
3912
3411
2668
609
4002
1853
1790
2962
1790
2823
2579
1306
919
920
919
920
1479
1319
1479
1587
1479
1830
265
302
265
263
265
221
1901
4171
965
693
2891
2763
2891
3033
1919
2613
1965
1755
479
1730
479
3604
901
1116
901
3620
63
2943
866
354
3053
354
2640
354
3390
3870
3902
583
2030
583
1015
1227
3800
1227
3912
853
1412
3273
3813
1525
1514
1525
1194
2425
2700
2425
2136
2425
1834
3336
1669
1583
1584
1354
2018
1354
3257
3970
3507
3970
834
3970
2197
308
309
308
161
3550
1180
3550
2946
525
2172
525
2104
525
2095
525
3564
525
2461
525
891
1853
1473
1310
839
1310
2462
2337
996
2337
885
2264
45
2715
2163
2715
1565
4085
4098
2338
2677
1872
2221
1872
923
2769
2781
2769
2912
3595
4094
2951
2390
2951
1555
4265
4205
4265
4239
4265
4194
2662
2398
2662
1456
2662
2027
4069
4099
1228
733
1228
1812
1228
2818
872
615
55
76
3716
3747
3716
759
4206
4253
4206
4253
676
665
3325
732
3325
3342
3325
3530
94
2044
784
2044
784
1431
688
1431
1099
793
3410
793
2536
793
2731
793
3955
793
4046
793
1628
1841
3143
2531
3328
1676
3691
1676
2316
2803
357
1044
1036
1044
2816
1294
781
1294
773
2866
4
431
3435
431
2317
841
483
2304
1490
2304
699
1793
3804
787
1505
3854
3542
3215
785
3215
3235
1159
2414
1159
2381
657
3076
657
2391
657
2324
3292
3113
3292
2838
3574
912
3574
3329
1787
466
2634
1696
4112
2779
3954
3980
1657
1795
4228
4192
2159
871
2159
1073
2159
863
1598
1634
3622
3975
3622
1362
3622
1081
2249
32
3257
2961
270
215
270
300
2860
2719
3918
3417
2608
682
2608
384
2608
3043
2608
2283
4008
3142
1670
2202
1213
1102
1213
1603
598
974
598
4067
598
3967
163
99
163
263
163
290
3818
1050
3818
3479
670
634
3111
2472
3111
3116
3288
1087
1099
485
597
589
3109
2697
2607
384
2607
3562
4134
4143
2744
1711
1597
3824
1597
3822
1597
3713
1597
1050
1597
3435
1597
842
1597
3633
1597
534
1597
1205
1597
3768
1597
1661
1597
1704
1597
414
1597
629
1597
694
1597
3823
1597
1094
1597
1418
1597
1585
1597
3479
1597
1481
1597
1293
1597
1372
1597
1415
1597
3850
1597
3766
1597
1709
1597
1267
1597
3939
1597
788
1597
1262
2099
3126
322
1920
9
1316
3468
2232
1922
1658
904
3251
1503
1069
3968
3565
3358
3565
3354
3565
3515
3939
479
1015
579
1788
1479
103
102
1322
3996
3690
1762
3690
1748
658
3775
658
2954
2069
2452
2069
430
2069
3476
2015
3881
3839
1825
3839
3858
788
663
3689
486
3689
696
3689
745
3689
778
3689
3696
3689
1646
3689
625
3689
3841
3689
1659
3689
1514
3689
3799
3689
3779
3689
3739
3689
1070
3689
503
3689
1104
3689
3800
3689
1548
3689
3796
3689
1193
3689
1326
3689
1588
3689
783
3689
1048
3689
782
3689
1194
3689
3912
3689
787
3689
1664
3689
627
279
293
279
225
279
262
4073
1314
2270
3485
2613
4123
1208
459
1208
2358
3581
3529
1742
949
1742
4081
1742
4075
2147
2169
1649
1136
1649
1556
1649
1135
2280
2284
2198
732
2198
3342
2198
3530
2935
1167
2935
3245
2935
784
742
3963
3519
3922
3519
2391
75
649
2547
649
2475
649
1746
1147
3469
1147
1997
2889
4108
2889
3356
455
2480
455
2127
455
1092
455
1091
2823
1809
367
4124
367
2119
367
363
367
2699
2324
3922
1771
1632
1455
2081
1455
3252
3383
2292
3383
4148
2555
1899
2257
3462
1367
2182
1234
3774
1234
806
771
2074
771
1719
771
1604
3587
2745
3587
1909
3587
3340
1739
1976
1739
1982
921
3339
921
3155
921
3340
1368
479
2258
3386
2258
3563
1632
756
1632
473
1632
452
1632
1737
1632
526
1632
3754
1632
762
1632
998
1632
1102
1632
758
1632
2019
1632
2001
1632
1633
1632
743
1632
3552
1632
1203
1632
2813
1632
3551
1632
1782
1632
771
1632
662
42
93
3538
1655
739
809
1921
1725
368
1949
632
3936
223
96
3748
1070
3748
3796
83
685
73
1148
3844
1148
1649
395
1946
4185
4209
195
182
195
183
4165
14
505
2335
505
2328
446
2949
446
1972
1561
1741
3349
2221
2461
2986
836
653
2495
2998
2495
3579
2148
2185
4197
4251
2197
2877
1685
414
1685
3712
1685
3479
1685
1372
1685
1415
1685
3420
1395
3921
1395
2137
1446
756
1446
452
3269
1041
561
932
561
2153
561
1867
561
4063
561
2147
1207
487
1207
1203
1505
902
1505
3422
1505
1616
1505
793
2546
2564
1836
1468
1836
1309
1836
1864
1836
1740
2405
1807
251
201
251
262
251
296
664
1859
664
1655
3129
3565
3129
2525
3208
1541
2627
343
2627
2631
2627
2634
4057
3511
4057
1905
4101
3474
4101
1918
4101
3473
1664
423
3071
3096
3071
3275
2373
525
220
308
2874
937
2874
938
2874
3502
2874
1620
2874
4090
2183
2193
2183
2193
128
127
2817
2833
2540
2200
1830
3123
1302
36
3447
2946
7
1440
2420
1440
1396
2292
4160
3905
2651
3905
401
3946
2071
4015
1527
4015
1527
2175
4001
96
6
3420
3824
3420
2424
3420
3822
3420
1050
3420
3435
3420
842
3420
534
3420
1205
3420
3768
3420
1661
3420
1704
3420
629
3420
694
3420
3823
3420
1094
3420
1418
3420
1585
3420
1293
3420
3850
3420
3766
3420
2948
3420
1709
3420
1654
3420
1268
3420
3939
3420
788
3420
1262
830
2390
830
1817
440
3543
440
837
3486
1076
239
229
4231
4194
3042
1302
3805
1072
3805
3948
3805
1071
1175
2113
1175
1833
70
3846
3898
3572
2717
3572
1096
4148
4153
3952
1730
145
242
4051
2736
2985
2149
2985
1878
2985
3535
2286
2789
2286
2639
2286
2638
4158
4167
3852
2841
3643
3195
3643
861
3643
4158
3294
3311
2818
1804
2276
4163
3441
2768
3441
3484
3441
2604
1262
1186
1262
1637
1081
3558
2352
2957
2081
3312
2081
1084
3624
2070
101
227
4213
4260
4213
4183
2628
362
3039
3042
874
862
874
3649
874
2419
3957
3404
3577
490
3218
1427
1071
3904
373
364
3456
3457
3456
942
3456
3343
1627
1793
2129
3142
1874
1732
1874
2184
3857
565
185
21
1183
2846
1373
1112
1373
1002
1373
1650
1373
1212
1373
1278
1373
995
1373
3860
1373
850
1373
1099
2664
2831
2071
3990
1129
1484
1129
668
627
609
1042
2018
1042
611
1292
1204
1292
1197
4005
3142
3175
2899
3915
457
4046
2192
2302
554
2302
825
2830
3294
1540
524
1817
3299
2440
725
2042
3572
4232
4272
3815
2387
3815
3852
3254
3091
817
2847
817
2099
540
1716
540
1722
3571
892
3571
2873
3571
891
1985
2678
4194
4252
4194
4191
818
3408
3951
1876
3285
1660
3693
3703
3693
3233
4052
2891
4052
4069
4052
4069
3239
3782
3239
3926
3851
3907
985
2166
1276
1659
1276
1194
1818
3303
1286
1426
1286
1277
4168
71
3442
2205
235
135
235
178
628
1588
628
627
1039
2045
1039
3610
1039
3974
1352
2663
1352
807
3568
1189
3568
3608
3568
2018
3568
2017
3568
3403
3568
718
3568
3777
3568
851
3568
3704
3568
1406
3568
611
3568
768
3568
2418
3568
3862
3568
1444
3568
2011
2262
2264
1628
2740
2039
3621
352
4156
3081
3259
3081
3258
280
197
280
297
2649
3632
1198
1096
1198
2966
1198
2855
1198
3290
1198
2144
1198
812
3582
3781
3582
2020
3582
554
3582
825
3582
2007
3582
2013
3582
1666
3582
3872
3582
551
3582
2009
3582
3801
3582
3869
1280
1424
1280
1277
3147
4086
3147
2738
3147
4064
3147
2603
3147
3423
1613
1883
1613
4041
1613
2520
1613
465
1270
526
1270
771
935
3639
3973
1882
2742
4058
3553
1335
3553
2992
3553
3008
3553
2884
3553
3641
3553
3442
2208
1908
2208
937
3270
1587
3270
1830
3873
800
3873
2337
3509
3510
1935
1693
1935
3647
613
1999
613
1029
1324
2868
2771
4114
2771
2615
1889
3010
1889
3335
1889
4059
555
549
1823
2836
2367
1079
2234
693
2234
1921
324
1897
889
2237
2455
2111
1257
1621
1257
528
823
1727
1555
1136
1555
1556
1555
1135
2632
4172
1258
854
1258
810
240
192
3598
1701
3598
4106
2739
2581
2368
808
275
298
275
145
3729
3070
3729
3766
2921
491
2921
3577
2561
2574
4155
4178
546
410
1461
2661
405
400
495
2407
3328
3995
3328
2562
3328
1744
3676
3686
4145
2260
4145
2262
2505
719
2446
1863
4130
3050
4130
2285
2207
2889
1405
848
2836
2851
461
2480
461
2529
461
4026
461
1425
1546
594
2685
4009
1197
1198
3148
3419
3148
3024
3148
3171
1495
1724
2395
1811
2395
1823
16
3205
366
3291
2450
3291
2695
634
2473
634
3318
634
2158
634
3404
634
1565
3246
2947
4273
4275
4273
4179
3159
3168
319
131
319
317
2657
388
3423
2771
22
67
3366
3562
2787
3398
4113
331
4113
3560
4113
1925
4054
686
4054
4079
1634
1410
1634
1745
1634
3782
1634
3765
1634
1289
1634
1718
1634
723
1634
1506
1634
754
1634
418
1634
1168
1634
3392
1634
1065
1634
1245
1634
1341
1634
1663
1634
1600
1634
3926
1634
849
1634
667
1634
501
1634
747
1634
1395
1634
1440
1634
1373
1634
1232
1608
1860
3621
1165
3621
1165
221
230
4018
4049
4018
4037
4018
3175
3908
3261
3908
2822
3908
3265
2213
2214
2213
4074
2213
889
2670
2384
2598
4123
1249
2398
1249
1179
1860
2178
1860
4035
1860
4033
286
164
286
202
286
220
3444
1868
608
2086
608
606
608
1841
3808
2037
25
83
860
1976
860
1982
860
3243
860
1736
860
2335
860
2343
860
427
860
2655
860
1413
860
3074
860
1738
860
3073
860
3842
860
3241
860
474
860
1978
860
2329
860
2336
860
2942
860
1612
860
1989
860
2326
860
2333
860
800
860
2327
860
2328
860
1979
860
2332
860
2337
860
2338
860
1455
860
3071
860
495
100
1
744
2476
744
2091
2111
713
1109
754
1109
850
607
2486
607
2132
607
1477
607
1312
3297
2706
1744
3490
258
96
3099
2841
2597
361
2597
3638
2597
2258
2597
1921
1111
754
1111
501
1607
2344
2109
2708
4096
4108
4096
3356
4039
3352
4039
3164
2788
351
3627
1650
3627
1245
3252
2706
2316
700
2316
2353
2316
3740
2316
2807
3640
4177
2658
579
1232
2665
1232
775
3069
1688
214
253
4088
3347
3015
4069
2322
1988
2322
1749
216
259
1891
4048
1891
1691
943
2600
3399
685
3380
4164
1579
4031
91
2479
1856
2901
2904
2901
2902
2901
2606
3526
3580
244
293
244
103
1943
77
891
2539
2919
632
579
574
579
580
2965
3497
2525
2727
2227
1567
2227
4112
1425
2187
337
336
2853
2858
2853
1731
1337
1605
1264
2371
1264
817
425
3843
425
1657
2310
709
2354
1101
4070
3027
2583
2235
2583
2233
115
114
1951
2655
1951
3065
1662
3136
1662
3982
1662
2157
1662
1840
4255
4271
1338
4017
1715
726
1715
1543
3869
3266
3869
2821
3869
2028
1769
3812
2872
1898
3706
3066
3706
3239
951
4099
4245
4180
3584
51
3745
1402
3745
2026
3745
2030
3745
3856
3745
2960
3745
2034
3745
804
3745
3839
662
2477
662
2472
662
3116
24
85
715
359
3969
3498
3969
3140
338
64
4209
4184
269
116
269
217
269
294
3535
3536
2228
394
2228
1938
2228
339
769
2556
2431
2451
866
1538
866
492
866
3544
866
1424
866
1063
866
781
866
785
866
687
866
766
866
1549
866
1724
866
3543
866
821
866
3763
866
1490
866
1181
866
1426
866
1037
866
805
866
837
866
1277
866
2363
866
2377
866
2378
866
1653
866
2370
866
699
866
2668
866
841
866
2373
68
2841
3317
2841
2507
2841
2857
1531
576
803
607
3044
2624
1866
1527
1866
3145
1866
749
1866
2521
1866
4015
2793
409
531
766
531
1181
1304
912
2676
1068
2676
2683
2294
352
1803
1468
1803
1470
1803
1469
1803
1740
