8
57
32
55
10
30
62
38
62
48
62
63
62
9
55
56
42
46
42
24
51
56
51
31
20
45
11
17
46
35
51
41
57
41
12
19
13
19
31
52
48
52
29
52
27
52
28
57
24
28
8
12
9
12
1
5
2
5
40
64
7
64
47
61
39
61
27
61
18
61
25
30
51
40
28
40
6
40
35
65
56
65
16
38
23
59
49
59
18
59
63
59
21
26
2
4
15
23
8
11
10
11
14
11
44
11
8
47
55
47
32
50
51
50
64
66
30
66
26
66
39
66
3
0
0
40
48
7
48
17
37
38
37
47
37
54
37
14
15
43
15
33
15
44
15
6
7
25
29
41
25
50
25
21
25
16
39
3
13
42
21
65
21
43
21
33
21
17
60
26
60
23
60
29
60
11
16
15
16
13
58
12
14
58
14
42
22
65
22
15
22
41
49
50
49
22
54
21
27
9
45
43
36
43
0
1
1
19
56
20
56
45
33
19
33
31
53
64
53
49
53
54
53
2
19
36
6
12
44
34
44
24
46
11
18
22
63
20
58
34
