8
32
57
10
55
62
30
62
38
62
48
62
63
55
9
42
56
42
46
51
24
51
56
31
45
20
17
11
35
46
41
51
41
57
19
12
19
13
52
31
52
48
52
29
52
27
57
28
24
28
12
8
12
9
5
1
5
2
64
40
64
7
61
47
61
39
61
27
61
18
30
25
40
51
40
28
40
6
65
35
65
56
38
16
59
23
59
49
59
18
59
63
26
21
4
2
23
15
11
8
11
10
11
14
11
44
47
8
47
55
50
32
50
51
66
64
66
30
66
26
66
39
0
3
0
48
40
48
7
37
17
37
38
37
47
37
54
15
14
15
43
15
33
15
44
7
6
29
25
25
41
25
50
25
21
39
16
3
13
21
42
21
65
21
43
21
33
60
17
60
26
60
23
60
29
16
11
16
15
58
13
14
12
14
58
22
42
22
65
22
15
49
41
49
50
54
22
27
21
9
43
45
43
36
1
0
1
56
19
56
20
33
45
33
19
53
31
53
64
53
49
53
54
2
36
19
6
44
12
44
34
46
24
18
11
63
22
20
34
58
