706
703
533
703
858
913
754
913
2127
4292
4336
4292
61
3054
3068
3053
1475
3053
3715
3053
229
327
2724
2972
1426
1741
3455
1741
2915
1741
1110
1741
3
4
3933
3770
2494
2291
186
185
1391
2096
1384
2096
4467
4422
3823
4422
3530
4422
3322
4422
3218
3457
1169
1873
2216
1873
293
250
1805
1874
2877
1874
219
221
1290
1917
2521
1917
1311
2450
3839
3835
4526
3835
4212
2905
3209
2910
3226
2910
3664
4335
4142
1936
2070
1936
4547
2435
2436
2435
173
9
434
428
282
428
1152
1211
207
378
2889
1442
2371
1442
1943
1442
4231
1840
3172
4035
387
203
661
646
551
646
407
269
325
269
303
398
193
398
363
398
2383
1824
1628
1824
1665
1823
2875
1823
2484
2847
3981
2847
421
314
242
314
1729
1036
2754
1036
10
1551
3210
3645
2935
3645
2940
3645
3868
1864
1176
1864
4219
1231
4278
1231
1383
1231
1469
1231
3786
1863
3769
1863
2961
1863
544
617
451
617
2677
2922
428
322
245
322
3536
3817
2733
3788
3797
3788
3299
3788
4366
2962
1600
2962
3569
4535
4550
4535
276
326
348
326
1496
1495
3581
996
3286
3498
3510
3498
3721
2811
990
2811
2134
2133
3716
2134
4544
2134
127
8
124
141
914
908
712
908
819
908
1670
3565
4559
3565
2228
2227
757
857
2995
3260
3283
3260
2726
3260
110
2794
2802
2793
4253
1568
2565
2782
1764
3244
1763
3244
3267
3244
1694
3243
4322
3220
2961
3220
4337
1528
1833
1528
4438
1756
4451
1709
2759
3525
2623
1579
4179
1579
2028
2267
1851
2267
580
600
3329
3323
3563
3323
755
858
981
3718
3585
3718
4099
4053
4084
4053
2474
3324
2402
3687
4496
3687
1167
3854
2141
3854
1346
1386
4194
4127
1967
1269
4069
1269
914
907
713
907
1054
4354
4226
3744
1117
4259
4568
3340
4570
3340
2406
2686
3252
2686
3489
2686
2831
3363
1681
3363
3722
3363
83
67
3076
3364
3086
3364
3951
4049
3620
4049
1241
1652
1146
4263
95
50
4535
4528
1965
2347
1351
2347
3442
1288
1666
1288
2626
1288
2958
4264
1092
4349
970
3739
1003
3580
3784
1546
1968
1219
3238
1219
3665
1219
1969
1219
4241
1219
3477
1708
1685
3849
2452
3285
3814
3285
1682
1194
1121
3417
4316
1193
3648
1193
4598
3374
14
295
3886
3373
4447
3672
3799
3672
944
3672
1967
1259
1251
1259
3261
2587
3854
3853
3855
3853
3941
1182
3176
1182
2742
3001
2742
3001
1132
4353
3604
3743
3641
2410
4118
4054
2374
4054
1007
2405
1009
2405
3366
2405
2159
2313
2160
2313
4391
2313
2443
2313
2444
2313
2366
2313
2666
2314
1166
2604
2082
2277
1416
2277
4206
2603
3456
2603
3694
3925
2304
2639
2739
4308
949
4587
2803
4587
1293
1339
2857
1339
3365
3575
4600
3575
1187
1578
3521
3270
2885
2545
2522
2545
1805
2545
2271
2545
1048
2545
2886
2545
4099
2545
1361
2545
2321
2545
1616
2545
2615
2545
4051
2545
2877
2545
2431
2545
4084
2545
2433
2545
2884
2545
3153
2545
1665
2545
4181
2545
4293
2545
1662
2545
2875
2545
2880
2545
2153
2545
1444
2545
2146
2545
2435
2137
1221
2240
3272
2706
3272
2706
1222
1532
1758
2189
4344
4299
1219
1252
1315
2224
398
394
373
394
4494
2729
3915
2729
3479
2223
3478
2223
2378
2223
4324
2223
4296
2223
3358
2797
4552
2797
543
544
627
544
1210
3130
4410
3685
1630
3685
3688
3685
2739
4303
2980
3247
348
274
308
274
3199
1669
2649
1669
3196
1669
125
904
880
2655
3155
4285
3155
3653
3155
1847
3155
3763
3155
4283
3155
3612
2264
3613
2264
1157
1158
1096
1790
2367
1790
257
353
317
353
4272
4125
2956
4125
4393
4125
1121
1406
3143
2263
3612
2263
2123
3327
109
55
2809
2802
4545
2802
1442
2360
1568
2360
1095
2360
1209
2360
3406
2360
1548
2360
3924
2360
2816
3714
3518
4358
3628
3748
4498
1599
3823
1599
1541
1599
3530
1599
2778
1599
2234
3858
2235
3858
4126
3858
1616
1309
1662
1309
3558
4542
1675
4542
111
30
4060
2320
4103
2320
4068
2320
2205
2320
4088
2320
4128
2320
3345
4531
4605
4592
1011
3367
503
560
509
560
157
4615
2205
2343
1853
2343
1382
2344
3146
2344
2448
4562
4316
4268
1464
4268
720
721
4196
3414
2814
3709
3572
3709
2816
3709
986
3709
3175
1197
925
894
3417
3413
3748
3413
1480
3413
4063
3413
4147
3413
4104
3413
2190
3413
2239
3413
4085
3413
2323
3413
2012
3413
2109
3413
2192
3413
4143
3413
1851
3413
2325
3413
1648
1129
4198
1129
1318
3377
1249
2592
2604
2583
1174
2583
1773
2584
1409
1891
1365
1891
2793
2758
3561
2758
4519
2758
3096
4583
1491
4583
1643
4058
1642
4058
2927
4058
3694
2370
3715
3713
3301
3927
4508
4451
2997
4451
2125
2981
1241
2317
1513
1659
2945
1202
2449
2273
1474
2273
7
142
1201
2607
266
335
340
335
1248
2274
3610
2274
3269
4304
2415
4304
4185
2385
1539
2385
2199
2385
3205
1618
1378
1618
3201
1618
2952
1618
1398
3305
961
3305
3531
3305
1344
1688
3918
1688
865
846
773
846
945
3310
3698
3310
2545
3600
2452
1619
1639
3615
863
915
1291
1308
383
374
402
374
426
424
243
424
229
365
222
365
4380
4337
2473
4337
3210
2885
2935
2885
2967
2885
4492
2761
3332
2761
3566
3837
2282
3779
717
718
569
682
685
682
3709
3057
211
412
3034
3012
236
331
4229
2035
1608
2035
415
439
293
439
3585
3783
718
911
832
911
247
248
1031
1042
2305
2721
3806
2721
3804
2721
2322
2050
1903
2050
360
217
2667
3454
1841
3454
3223
3454
3245
3453
4289
3453
1516
1877
3635
1877
3621
1913
1283
1913
1547
1914
1283
1914
3927
2949
732
733
31
666
4309
3791
2914
2870
45
526
1233
1995
4056
1995
1652
2496
1194
2496
1578
2496
1669
2496
4097
2496
1858
2496
1598
2496
4095
2496
1572
2496
1852
2496
4110
2496
2576
2496
4158
2496
1814
2496
4203
2496
4072
2496
1512
2496
4083
2496
4207
2496
4121
2496
2226
2496
1265
2496
1508
2496
2110
2496
1878
2496
1573
2496
1540
2496
4065
2496
4148
2496
1632
2496
1588
2496
4140
2496
4041
2496
1445
3391
1472
3391
1164
1171
750
751
2000
1161
2950
1161
4320
1161
4305
1161
469
621
613
621
1211
2860
1500
2860
1522
2860
4254
2860
2618
2860
2028
2860
4045
2860
4130
2860
1982
2860
6
1353
1827
1816
1827
211
212
1942
2844
1507
2844
2724
1121
1119
1121
1343
1121
1754
1121
1282
2843
4088
2843
4023
2843
1617
2843
4012
2843
1481
1867
1178
1867
1089
1095
54
216
2826
2820
138
3098
3821
3815
133
3467
3647
3473
3647
2532
4516
3845
4516
1807
1631
3253
3784
2806
950
2911
4037
3187
4037
4510
2771
3330
2771
4260
1942
1951
1942
3633
1942
55
224
2145
2938
1612
1436
1083
1436
4403
3499
4460
3499
3037
3499
3334
3003
4471
3003
2664
1897
3214
1897
4271
1897
1058
1065
329
219
214
219
2127
3004
2974
1829
2825
3068
4593
3371
4316
1191
3648
1191
2653
2890
2474
3028
9
57
8
57
141
57
142
57
146
57
144
57
148
57
182
57
42
57
155
57
85
57
21
57
150
57
107
57
73
57
44
57
87
57
105
57
165
57
10
57
93
57
157
57
24
57
137
57
63
57
175
57
72
57
61
57
135
57
163
57
103
57
75
57
162
57
153
57
97
57
77
57
161
57
96
57
79
57
43
57
98
57
76
57
94
57
140
57
138
57
176
57
151
57
152
57
143
57
179
57
164
57
106
57
166
57
60
57
159
57
86
57
89
57
84
57
160
57
145
57
64
57
110
57
59
57
58
57
2477
2476
2317
1975
4042
1975
1016
1025
3979
3961
2848
3961
2904
4097
3759
4097
3183
4097
4609
3079
127
787
824
818
824
1365
1902
2559
1902
4370
1980
3292
1980
2285
2448
974
2448
4511
4509
1044
4509
468
469
4361
3432
3404
2116
3126
2116
2643
4142
3842
4513
2122
4513
2852
2601
2071
2601
1887
2601
4291
3651
1587
2311
4286
2311
4336
2987
331
417
232
417
332
417
333
417
330
417
181
1073
1080
2134
4514
4308
3786
4248
3786
4330
3786
4242
4201
3061
3046
3838
3046
3349
3046
2308
3241
3000
3241
894
893
794
893
745
893
4543
2791
1459
2791
459
586
3817
3518
2764
3518
2486
3518
1090
3731
1621
1858
2396
1858
4474
2131
980
1016
1013
1016
1196
1515
1160
1500
412
271
343
271
210
271
4154
1965
1422
1965
3170
2466
2928
2466
2625
2466
2520
3361
4450
4397
4040
3897
3399
3897
3906
1075
3309
1075
4548
1075
3315
1075
1522
1925
1504
1925
3811
2426
3038
4485
4497
4485
3907
4485
4605
3078
416
433
247
433
3049
3321
3984
3982
3698
4447
1231
1233
4349
1785
1412
1785
1862
1861
1532
1234
1983
1234
2316
1553
4244
1553
1509
1553
4431
4400
3006
1554
3160
2522
2918
2522
2896
2522
143
3900
3719
3716
2487
3716
3366
3716
4272
1127
1118
1127
4428
1127
4063
4010
4104
4010
1814
1821
1512
1821
3243
1167
2283
1167
505
558
513
558
1075
2562
1072
2562
106
2813
988
2814
3552
2777
1024
2630
1828
4175
703
701
488
701
1171
2169
1581
2169
4345
2655
662
602
477
602
1657
3206
4558
3358
3581
3358
998
3358
3884
1689
3611
1355
2357
1355
3437
1355
1771
1770
2628
1637
2313
1330
2194
1330
3452
1330
1447
2119
3285
4306
4372
4306
3935
2188
579
495
643
495
2572
2727
4441
2727
259
290
231
290
1076
3402
4496
2294
4496
2294
4409
1760
1153
2293
4292
2282
2128
2282
3134
1744
2876
1744
2979
1743
2143
1743
3790
1743
2161
2159
4476
3536
1344
3051
4573
3051
3067
3051
3058
3051
4472
1720
3033
1720
1760
3256
3007
3256
3928
3256
2467
2767
2863
1177
1860
1177
1862
1177
1392
3329
3069
3329
128
146
3336
1213
4494
2572
1197
3397
3404
3397
1525
1214
3219
1214
3486
1214
2701
1214
514
557
506
557
4145
3977
3877
3977
1046
3977
1399
3977
2582
3977
666
553
2391
2390
426
359
4185
4100
1539
4100
2199
4100
1776
1871
3862
1871
1120
1140
1288
1289
2191
1289
4268
3856
700
697
704
697
2885
3746
1025
3746
2522
3746
2630
3746
1805
3746
2271
3746
1048
3746
2886
3746
4099
3746
2644
3746
1361
3746
2321
3746
4047
3746
1616
3746
2877
3746
2431
3746
1063
3746
1040
3746
4084
3746
2433
3746
2884
3746
3153
3746
1665
3746
4181
3746
2645
3746
1014
3746
1059
3746
1662
3746
1299
3746
2875
3746
2880
3746
1444
3746
2146
3746
3528
4356
4377
4356
2144
4356
4291
3186
3782
3186
3427
1237
3693
1557
1477
1124
2558
1124
1064
2152
1071
2152
1034
2841
1041
2841
4356
1123
4558
2538
2404
2538
997
2538
149
2581
3542
4347
1164
1706
1164
4246
1164
2561
1164
1515
2258
1848
2258
495
562
524
562
922
914
854
914
3672
1163
3487
1163
4418
1163
1162
1163
1306
4177
3892
4360
105
2817
2282
3860
940
3860
125
144
4502
2773
721
895
903
895
3703
2774
188
187
4068
2209
1184
2209
1583
1805
1584
1805
1804
1805
4276
1810
3419
1810
3542
4445
2286
4445
4473
4445
4514
1633
1704
1633
547
598
613
598
2782
1634
3574
1634
4187
2549
4187
2549
3028
2740
2769
2740
933
932
886
932
4149
2229
2913
2229
4234
2229
1606
2724
2394
2723
4357
2723
2400
2723
4295
4250
4478
2297
4479
2297
881
791
921
791
758
791
547
597
4195
1747
2154
1747
3451
4060
3428
4060
2071
3595
571
593
518
593
4478
3290
4479
3290
3872
2764
2137
2763
2422
2763
2138
2763
1175
3139
923
813
728
813
918
813
1042
3975
1032
3975
2845
3975
1249
3975
1360
1598
2333
2612
1163
1173
3636
1173
861
937
938
937
2584
1174
4223
1174
1866
1174
1108
3393
0
711
173
3130
1217
1216
1217
2881
2302
2876
2302
3856
3394
4189
3394
878
838
850
838
2958
4266
454
455
2398
2356
2665
2356
3629
4056
2898
4056
3433
4056
3140
2208
3613
2208
920
803
866
803
4277
4182
1106
4182
4256
1911
1453
1911
4308
4210
4295
4210
4248
4210
4330
4210
1766
4210
1765
4210
4153
3622
4037
3382
50
288
3256
3451
3479
3451
3478
3451
2354
2048
1506
2048
2524
3032
1897
1894
3149
1894
4409
3007
1886
1893
1816
1893
3352
2581
2136
2581
3346
2581
261
262
223
262
226
262
81
65
1385
1882
1510
1882
1016
3411
2517
2516
3183
2015
581
471
324
266
346
266
228
266
2950
2000
2950
2000
2922
2856
3864
2856
1380
2856
216
329
3013
2992
2129
966
1592
1465
3664
1465
4346
1465
2964
1465
3484
3468
1645
4095
137
3099
1692
4472
2292
4472
168
148
3637
3428
3316
4411
2327
2076
1272
2076
3571
3911
2892
1425
2481
4001
4307
3479
1929
2271
2228
2271
3723
3720
4595
3720
4584
3720
4352
2984
2162
2984
2126
2983
899
891
776
891
3555
4487
1410
2261
1850
2261
4127
4111
4534
4518
2722
3942
2722
3942
2890
2066
4048
2066
3744
2221
3601
2221
3745
2221
2317
3895
1516
3895
1135
3895
2808
1475
4598
976
4035
2026
1492
2026
146
4608
2294
4395
4401
4395
1153
4395
184
182
4307
3478
261
267
225
267
344
267
1845
2341
2238
2341
2803
948
1187
1480
1230
4161
2895
4232
1450
2945
1544
2945
3781
3446
659
476
4131
3118
2938
1115
2670
1115
2144
1115
3654
1115
2849
1100
1085
1100
787
842
760
842
547
504
582
504
3167
2177
1597
2213
1179
2213
189
42
1193
1572
2167
2214
3863
2214
790
881
3046
2769
4512
2769
3490
2690
1609
2690
4362
2690
541
548
588
548
2930
3170
1123
1806
4198
1806
3160
1390
2918
1390
2896
1390
2777
1629
4522
1629
2423
1629
883
747
3809
1697
4111
3185
3014
4406
4448
4406
3001
1119
3506
1119
2742
1119
2994
1119
2991
1119
767
782
935
782
3632
4016
3473
4016
3184
1188
3940
1188
3699
3906
3043
3906
1525
4122
3486
4122
2704
4122
3571
3710
3526
3682
1582
1294
2312
1294
1829
1293
2554
1293
4275
1293
1758
1293
4240
1293
1276
1282
2795
1702
1668
1702
1156
1159
285
300
421
300
4350
3677
134
155
1627
1658
1472
3389
2878
3389
1774
1169
3758
1169
2447
1169
2804
3337
2408
2355
4132
4106
4236
4106
1358
2951
1837
2330
2578
2330
372
389
275
389
312
338
270
338
4528
2788
3063
2788
4521
2788
3446
2233
3445
2233
1605
2233
88
22
3934
2719
4154
2234
4339
4300
2912
3160
3277
2553
2974
2554
1281
1522
585
547
474
547
44
2127
3178
3144
3758
3144
2447
3144
1191
3143
4501
2759
1641
2759
2401
2759
3174
2167
4230
2167
180
714
3858
3596
2385
3596
1355
3596
2500
3596
4256
3596
2386
3596
3859
3596
4014
3596
1240
3596
4061
3596
2384
3596
4189
3596
4074
3596
4133
3596
2424
3596
1529
3596
1395
3596
2614
3596
4180
3596
4145
3120
2356
1562
1966
1562
1405
1562
4363
1562
4145
1562
1373
1562
1391
1562
1371
1562
2861
1562
2864
1562
3134
1562
1384
1562
3135
1562
3412
1562
531
543
663
543
3528
2968
2466
3103
3504
3492
4265
1621
3375
965
3812
1466
1710
1466
2741
1466
2749
1466
3813
1466
1562
3104
3877
3104
3296
3778
37
529
1120
4297
875
864
901
864
3595
2075
1502
2075
4452
4427
2498
1661
1503
3951
3626
3951
2203
3951
3460
1426
4453
2979
1724
2928
3908
4534
3843
4534
2528
3484
3250
3484
2510
3484
4319
3483
212
213
2328
2080
3747
2080
1300
1837
1361
1889
2431
1889
303
397
196
397
244
245
3513
3507
4604
3087
4593
2830
290
304
1756
3661
1755
3661
3789
3661
3313
3661
1757
3661
3926
3661
2464
2855
2222
2855
3466
2016
2517
2515
114
33
1466
1131
2679
1131
3228
1131
1742
1131
2616
2500
33
211
856
742
737
742
2685
2946
3207
3445
1330
1448
4563
980
3771
980
4571
980
2973
980
2938
1116
2670
1116
2144
1116
3654
1116
919
906
758
906
387
377
199
377
3921
1601
3241
1311
3945
1311
1656
1311
2196
1311
3482
1311
428
427
244
427
81
13
4449
3812
4449
3812
4394
3780
2289
1671
3289
1671
2290
1671
1479
2065
2451
2065
857
885
858
885
753
885
739
856
3622
2191
3754
2191
2929
2191
3305
2731
3309
2731
4520
2731
3315
2731
3667
2978
4166
1476
4612
975
817
787
835
787
2619
2025
1407
2025
2223
1341
1100
3107
722
723
4001
2480
2483
2480
2226
1948
1588
1948
723
847
809
847
4557
3832
4550
3832
227
323
334
323
3222
2932
2668
2932
4105
2932
2959
3774
3276
4332
3856
3726
3596
3726
1453
3726
1566
3726
3993
3726
2043
3726
2012
2115
2109
2115
2492
2100
3310
3487
943
3487
2475
2641
3835
3701
1834
1833
1834
1833
748
848
859
848
1976
1261
4160
1261
2307
1834
1519
1834
2128
2999
3505
4425
3920
4425
201
202
3011
3503
3882
3092
1058
1066
3016
3504
2736
3504
3723
3084
2829
3084
3370
3083
1465
1221
2694
1221
1571
1221
2916
1221
1473
2475
4244
2475
1509
2475
1840
1976
2357
1976
3437
1976
1016
1026
2713
4295
2295
4295
545
531
672
531
205
206
4056
2465
1740
2465
2879
2465
2617
2465
1838
2465
2202
1966
1404
1966
2203
1966
36
207
1575
4311
622
510
610
510
2562
1076
1069
1076
3811
2425
2576
1926
4158
1926
817
762
2356
1271
2864
1271
4322
3769
2149
3045
1455
3045
4515
3045
3177
1048
2634
1048
2659
1048
542
630
1128
4151
2627
1581
3174
1581
2513
1581
4449
1711
3651
3642
3650
3642
3775
3642
3662
3773
4353
1516
4314
1516
978
1015
999
1000
3645
4032
2224
4032
4058
4032
1042
4032
1065
4032
4100
4032
4151
4032
1587
4032
1385
4032
4195
4032
1032
4032
1290
4032
3755
4032
1081
4032
1049
4032
2322
4032
1467
4032
4152
4032
3952
4032
4286
4032
2399
4032
1570
4032
1952
4032
4138
4032
2642
4032
2085
4032
1055
4032
1903
4032
2154
4032
1420
4032
2521
4032
1070
4032
1510
4032
4456
3018
3691
3018
80
85
4250
1682
1767
1682
2687
1682
3215
1682
1766
1682
1765
1682
2886
2173
2615
2173
3323
1612
1688
1612
4527
1612
4554
1612
1065
2174
1070
2174
56
753
117
21
2578
1302
4070
1302
3853
2217
1775
2217
699
696
487
696
3687
4366
905
767
2313
2656
2194
2656
3776
2656
2195
2656
3075
2809
1002
2809
4556
2809
2824
3866
3086
3866
3082
3866
1684
1356
1396
1356
1158
1208
3147
1208
4135
1208
665
552
3657
3205
4359
3210
746
883
166
1694
24
1693
2884
1786
2880
1786
2403
1549
2407
1549
2287
1549
4583
3850
1696
3850
4585
3850
4580
3850
3905
3850
1443
3850
4523
2752
3063
2752
4521
2752
4113
1229
332
409
2326
1297
4094
1297
3524
4350
2514
4350
4431
4350
4087
3740
729
879
4060
2598
1282
2598
1837
2598
2578
2598
1623
2598
4103
2598
4068
2598
2205
2598
4114
2598
4043
2598
4070
2598
4088
2598
4228
2598
1517
2598
2328
2598
2165
2598
1853
2598
2420
2598
1179
2598
4139
2598
2569
2598
4090
2598
4229
2598
1430
2598
1416
2598
1608
2598
1845
2598
2238
2598
1184
2598
2666
4260
1158
1209
3147
1209
4135
1209
2416
3334
4513
3333
3550
3333
1528
4216
1836
4216
4279
4216
4397
3922
4424
3922
167
2519
2808
1208
4050
3127
4050
119
150
3779
2140
940
2140
3826
2289
104
107
74
41
4122
2237
2912
4256
2896
4256
346
340
380
340
2767
2557
3822
2557
4505
2557
64
2124
4264
1152
3202
1152
4309
1152
2708
1152
1342
1152
3848
2123
4135
3147
4135
3147
38
731
4432
3535
2535
1538
4004
1538
2241
1538
4116
1538
1949
1538
4115
1538
2037
1538
4141
1538
4202
1538
2009
1538
2440
1538
3946
1538
1776
1538
2567
1538
3862
1538
3920
3675
4313
3230
4423
3230
47
298
2317
1258
4147
1258
1172
2164
3066
3550
3922
2163
1526
2163
1626
2163
4412
2163
2621
1739
1086
1739
3671
3255
3186
4066
2920
4066
2939
4066
4265
4213
1312
1313
1298
1313
2314
1314
2073
1314
3540
1604
172
73
115
861
2565
1603
1511
1277
4270
1277
2812
3908
3180
4018
1037
4442
2601
3987
1599
4408
101
26
2385
2339
4074
2339
4610
4597
3078
4547
2437
4547
4211
2578
2391
4209
3580
4558
3720
4558
1000
4558
4313
2705
4325
2705
1451
2705
4369
2705
4529
2288
3552
2288
2423
2288
4406
4364
4414
4364
4305
4249
2308
2710
2309
2710
3000
2710
3865
3864
4507
2546
3350
2546
3299
2733
3299
2733
1634
2734
3904
2734
4503
2734
4151
2219
1467
2219
4304
2194
3197
2193
3629
4063
2898
4063
3433
4063
2797
1717
3317
1717
2418
1717
1856
2259
1195
2259
1471
1587
2142
1587
4389
1587
1551
1673
607
594
492
594
1650
2182
1349
2182
4614
1674
2946
4253
4332
4253
1752
4253
2944
4253
4328
4253
3673
4253
1180
1410
4216
1405
4237
1405
3428
4059
2894
4059
3179
4059
2434
3408
4353
3156
276
403
308
403
29
285
1356
3352
3847
3352
3938
3625
118
44
4249
2647
3870
3481
4348
3481
3871
3481
81
87
2410
2386
2409
2386
4117
2386
1182
2269
1192
2269
4232
3859
3151
3859
2180
3859
3636
1664
2908
4254
3169
4254
3760
4254
771
772
4237
4185
1068
4359
2734
1663
1647
1663
3766
3616
2366
3306
2492
4064
4280
4064
2493
4064
3937
1640
4326
1640
3464
1640
1111
1624
3141
3101
374
370
375
370
1085
4363
1682
1623
834
902
720
902
903
902
3245
1347
1380
3863
3865
3863
2177
1133
2851
1133
2609
1133
101
1403
1134
2622
1134
3577
4567
4575
4567
2855
3972
3991
3972
972
3409
1423
1227
1216
1227
1148
2568
100
49
3194
4108
4149
4108
1593
4108
1518
2528
2785
4501
3912
4501
2418
4501
1624
4214
4277
4214
2084
1267
2399
1267
3772
2579
750
852
742
884
731
884
924
884
752
884
471
507
651
507
578
507
2955
2954
1726
2953
1098
3072
4573
3072
2815
3072
2836
3072
1487
1909
1887
1909
459
624
2968
3449
774
777
776
777
502
503
657
503
1210
4092
1476
1996
1372
1996
2494
4475
2496
2495
3136
2495
30
671
726
834
923
834
1073
2886
3655
3776
708
706
556
706
3319
3512
1196
1852
1173
3141
1858
2036
1572
2036
3553
2551
3092
3724
2620
2231
82
1220
4147
3724
3723
759
931
930
931
665
647
528
479
99
48
4397
1450
1721
1450
4412
1450
1636
1450
4424
1450
1487
1908
1582
1908
2633
4235
2631
4235
3434
4235
3087
3719
16
591
1178
2211
3423
2211
434
418
160
1435
101
105
4485
2442
3493
2442
4102
3438
304
263
215
263
218
263
2729
3892
3682
3892
4427
3892
2717
3892
3929
3892
3686
3892
927
865
4425
4392
2758
3022
3036
3022
597
616
576
616
623
616
38
209
147
165
174
10
2949
1291
2306
1291
1542
1291
3232
1291
3640
1291
3216
1291
2804
3062
1589
3945
4382
1096
1470
1096
1168
2839
651
508
649
508
1025
3112
1014
3112
300
254
240
254
4442
2957
1230
4145
870
793
4068
1869
2165
1869
572
605
520
605
3645
2906
3342
3331
552
662
664
662
4209
1950
654
466
2124
942
4179
1935
1944
1935
2438
2436
2437
2436
993
2436
397
392
395
392
807
811
2791
4529
3555
4477
3843
3049
2787
3049
3319
2161
3830
2161
2989
3472
3707
2121
960
2121
2284
2121
848
801
874
801
90
93
4115
2095
4178
2095
25
667
4019
3728
3181
3422
95
28
3837
4510
984
4510
3567
4510
1003
1691
2847
3947
1099
4482
4429
2998
4482
3462
4435
3462
994
995
3636
1496
1170
2171
710
708
81
669
589
652
651
532
651
2703
4237
1406
1819
1409
1819
544
642
626
642
3859
1888
1529
1888
536
692
695
692
322
422
427
422
377
372
403
372
1028
1035
1177
2042
2605
2042
4532
3038
4200
1859
1039
1050
129
157
598
512
620
512
527
481
102
2203
2202
2203
2202
4162
1317
4134
1317
3200
1317
2715
1317
2365
1317
2676
1317
102
46
1639
1607
4075
1273
3418
1273
4070
1274
2328
1274
1531
4103
2648
4103
4437
4404
2502
4404
1050
3388
1620
3319
4530
3319
1703
3319
951
3904
4253
1385
4037
4014
1140
4014
2315
4014
4067
4014
4089
4014
448
443
301
443
447
443
2206
2618
2029
2618
1854
2618
2942
4172
2651
4172
1560
4172
2641
4099
4212
4099
2750
2308
39
863
1381
2685
3866
3359
681
554
528
554
450
414
1172
3868
2793
2789
3561
2789
4519
2789
2774
4368
4404
4368
4377
2670
1535
2737
1497
2197
150
4613
3361
3566
987
3566
3357
3566
2834
2129
1368
2129
4376
1592
4493
1713
2660
1583
4287
1584
4493
1714
190
383
3098
1677
1042
1730
1049
1730
3901
4593
3318
3526
3537
3526
3534
3526
4224
3190
3600
3985
4007
3985
4379
3239
667
550
1004
4543
3075
4543
1680
4543
3099
1370
4438
1755
970
2644
4346
1360
3461
1360
1577
1360
4255
1360
4252
1360
2964
1360
3255
2643
1593
2643
3463
2643
3482
2643
1151
4258
4169
2620
188
24
1897
2599
1233
2599
2369
2599
4048
2599
1136
2599
4129
2599
1846
2599
4015
2599
2380
2599
1537
2599
2750
2309
1631
1667
3432
1667
3753
1667
1673
4563
3516
4563
2738
4563
3457
4068
3220
4068
3187
4068
950
4461
1634
4461
952
4461
1286
1320
4098
1320
2835
4582
3094
4582
2831
3576
155
4616
1518
1627
2485
1627
3250
1627
2510
1627
4333
1627
3774
2660
1750
2660
175
4611
4384
1343
4611
1344
767
828
872
828
1356
1545
3847
1545
2862
4009
1249
4009
1740
1137
1136
1137
4586
4578
4011
3899
3738
3899
1740
3899
1112
3899
1489
3899
3302
3286
2833
3369
3091
2532
1360
1240
4433
4399
4534
3548
1155
1189
1185
1189
1578
2252
1852
2252
4122
1224
2499
1224
4056
1223
4015
1223
3089
3081
269
366
263
366
2119
3501
975
3501
1462
3501
3042
4403
3458
3627
1100
4013
4192
4013
1331
4013
4039
4013
1082
4013
1150
4013
1108
4013
4183
4013
4184
4013
4038
4013
1090
4013
1056
4013
3886
3903
2705
4187
90
29
1214
4104
4275
2158
2951
1831
2579
1831
1896
1831
2612
1264
1635
1264
2332
1264
2603
1263
3129
1263
3192
4218
4319
2406
1634
1647
951
1647
1652
2481
1194
2481
1578
2481
1669
2481
4097
2481
1858
2481
1598
2481
4095
2481
1572
2481
2233
2481
1852
2481
4110
2481
2576
2481
4158
2481
1814
2481
4203
2481
4072
2481
1512
2481
2052
2481
4083
2481
4207
2481
4121
2481
2226
2481
1265
2481
1508
2481
2110
2481
1878
2481
1573
2481
1540
2481
3136
2481
4148
2481
1632
2481
1588
2481
4140
2481
126
137
1547
1323
2354
1323
2501
2352
4133
2352
1288
1324
2355
1324
3485
2664
2224
1340
4058
1340
2758
4459
3488
2663
2728
3269
4039
3386
1528
2640
1347
2640
2536
2640
1836
2640
4312
2640
4279
2640
4302
2306
1362
1363
1663
1364
2359
4197
2893
4197
2629
2616
4199
2616
1281
2624
1397
2101
1225
2101
3553
4463
3163
2623
3641
2409
1411
1260
2083
1260
3363
3568
1387
3568
1488
1565
2807
1565
3191
3632
3764
3632
1233
1244
4028
1244
1517
1243
2420
1243
71
1007
3579
2380
4011
4057
4011
3260
1525
3628
4042
164
3901
3461
1220
1646
1220
4252
1220
19
726
2402
4401
3311
3528
4449
3528
3312
3528
3831
3528
3702
3528
3305
4508
4520
4508
3566
3842
1231
4101
3664
4342
3180
3752
2832
3578
3129
1270
2608
1270
75
4607
1677
3339
973
3339
1485
3339
3069
3339
4009
3995
1118
1575
4537
3546
118
1065
1733
1055
1733
4051
1285
1662
1285
1049
1734
1055
1734
2704
3219
1521
1705
1533
1705
2754
3288
2769
4464
2516
1580
2515
1580
3048
1580
1711
1710
4359
1374
2940
1374
1643
1373
1642
1373
2927
1373
2761
1417
2711
3194
4206
3193
4390
2673
999
1001
493
494
659
494
4199
3182
2308
2674
2309
2674
3671
2674
2746
2674
4452
2717
2986
3259
1829
2408
2554
2408
4240
2408
1280
2408
4383
2156
44
541
1428
1457
3077
1457
4560
1457
4291
3650
3627
3956
2632
3956
3166
3956
583
579
481
491
684
491
3942
2908
4392
2908
4171
3442
3085
2438
4566
2438
3784
3211
3057
4492
4526
4492
2901
4075
3441
4075
2198
4075
862
899
2466
3960
4059
3960
4006
3960
2459
3960
1307
3960
417
309
299
309
1093
3666
1697
1054
2957
1054
3282
1054
4454
1054
1698
1054
2868
2022
2617
2022
3771
972
969
972
2969
972
4571
972
962
1053
3095
1053
1524
1053
2762
1053
238
257
351
257
410
257
1341
2062
1607
2062
3891
4222
900
756
3703
1839
2502
1839
479
608
681
608
721
810
725
810
809
810
618
607
478
607
4075
1954
1305
1954
2690
1953
3205
1953
1378
1953
1946
2072
2376
2072
2395
2072
1950
2449
1835
2449
4221
2449
2936
2909
411
256
386
256
287
256
4122
1498
4516
3875
3559
3875
531
603
886
764
3861
962
3304
4375
3006
3495
3815
2996
3519
2996
4469
2996
119
292
252
2919
1886
114
2240
2852
4142
2852
1080
2852
1637
2852
1123
2852
1341
2852
1624
2852
4235
2852
1096
2852
1607
2852
1321
2852
4113
2852
1487
2852
2367
2852
4277
2852
1353
2852
1967
2852
1067
2852
1357
2852
1502
2852
1648
2852
4198
2852
4069
2852
2497
2852
1590
2852
1748
2852
1582
2852
1816
2852
1106
2852
1232
2852
1251
2852
2312
2852
2283
2141
939
2141
796
820
736
820
868
820
3951
3730
1248
3730
976
2512
1462
2512
1460
2512
3041
3036
3341
3551
3347
3551
3343
3551
1496
4200
1494
4200
4365
3231
65
926
2611
4000
4461
3910
4465
3910
2794
3706
1545
1454
4530
1454
2489
2422
4433
2691
3298
2691
4355
2691
3544
4410
1276
1453
1079
4382
1386
3882
4597
3882
1370
3882
1685
3882
1393
3882
3885
3882
3887
3882
4598
3882
1018
3882
1686
3882
1388
3882
4602
3882
3884
3882
3883
3882
3886
3882
4600
3882
964
3882
1362
3882
2505
3882
4599
3882
1447
3882
4596
3882
4601
3882
989
3721
3071
949
2457
2462
1669
1998
4095
1998
2197
4077
1945
4077
3647
3171
4166
1391
4259
2888
703
702
489
702
488
489
185
717
2825
2819
4608
1012
903
725
2957
1057
1402
1057
3227
1057
2692
1057
438
432
249
432
116
3334
3042
4471
3042
2588
3042
327
261
291
261
1856
2038
2469
2038
1886
2859
2070
2859
424
419
341
419
591
581
456
612
2608
1957
1298
1957
53
744
1407
2112
1490
2112
3443
2869
3761
2869
504
505
654
505
3910
4316
3658
4316
1721
4316
1544
4316
1151
2950
508
566
596
566
2190
1906
1504
1906
4100
2331
4152
2331
4359
2935
2914
3436
1219
4160
3812
4377
1711
4377
2749
4377
2321
2049
1616
2049
3198
3161
2582
3877
113
63
3868
2472
3997
2472
2535
2472
2241
2472
1492
2472
4116
2472
4115
2472
2037
2472
2009
2472
2440
2472
3946
2472
1168
2472
2441
2472
2326
2472
2567
2472
4094
2472
3894
2472
3190
4110
3430
4110
3623
4110
4065
3121
4601
1098
4211
4156
3444
4082
1386
3095
1567
1644
131
175
2706
1643
3272
1643
1653
1643
1421
1327
1316
1327
3043
3309
3543
3309
3541
3309
2553
2667
1545
1620
2548
3599
141
3861
964
1367
1281
2576
2426
4361
2425
4361
3919
4361
1627
1660
142
4617
1772
2627
1463
3532
1433
3532
764
784
933
784
4242
4195
4532
4499
3834
4499
4016
2548
4063
2548
4147
2548
4027
2548
4085
2548
2028
2548
1504
2548
1418
2548
2325
2548
1849
2548
3161
2369
4226
2369
2368
2286
2233
2081
1265
2081
54
739
4319
3252
52
755
1237
1247
1534
1247
2616
2501
1603
4503
3574
4503
1466
1130
2926
1130
3228
1130
1742
1130
1292
3158
1006
2831
4172
3406
1601
1155
4366
1155
1600
1155
1419
1155
4298
3202
1370
981
3139
2319
3140
2319
18
539
2391
4211
2703
4211
3827
4504
4533
4504
1292
2388
120
72
3921
1600
4489
3308
2672
1615
73
1685
3431
3618
2640
1305
3152
1310
3148
1310
826
870
453
454
2358
2359
2358
2359
3047
4468
3853
3997
4177
3997
2167
3997
4066
3997
3863
3997
4004
3997
1856
3997
1949
3997
4044
3997
1195
3997
4141
3997
4202
3997
1176
3997
1591
3997
4096
3997
3862
3997
4178
3997
1775
3997
1690
1670
3583
1670
1672
1670
1613
1670
3222
4061
2963
4061
1064
1737
1060
1737
2621
1789
1105
1789
1671
2566
3182
1377
2629
1377
3624
1377
2612
3129
2332
3129
2571
3129
2965
3197
3221
3197
4120
3197
1139
1414
3716
1413
4544
1413
2976
2677
4347
2677
1706
2677
4381
2677
2310
2730
3852
2713
4443
2713
3800
2714
177
712
1401
2755
1524
2755
3677
4251
3254
4251
3785
4251
89
4603
3132
2526
1148
2190
240
357
376
357
2887
2239
878
740
169
200
1451
3937
684
681
527
681
4100
2337
1952
2337
1164
2658
2388
2389
4572
3355
3244
1206
3206
1206
3653
1206
3763
1206
3661
1358
3705
3330
381
238
2390
1951
4292
4247
3263
4247
3247
3233
2975
3233
1720
1719
2699
3234
1096
1788
1106
1788
1161
3127
2161
2160
4587
3553
2467
3553
3342
3554
855
796
898
796
2145
2144
3504
2143
2728
1759
4232
2596
3151
2596
2180
2596
1388
2120
2926
3167
1742
3167
4208
3213
3485
3214
1221
1397
386
408
3857
1329
4098
1329
589
622
660
622
1707
3177
1707
3177
267
352
320
352
3883
1690
1152
4135
2941
3767
3425
1769
3173
1769
3630
1769
107
2806
3811
3805
2928
2170
1727
2170
3271
2697
3496
2697
3279
2697
2921
2629
2685
2185
1752
2185
3331
4506
3554
4506
4442
1402
714
922
833
922
2957
1051
1402
1051
3227
1051
1038
1051
4256
1536
1529
1536
4292
2702
2999
2702
4136
1256
4028
1256
1839
3668
0
311
3285
4309
553
629
159
1432
2686
1946
3352
2445
2136
2445
3346
2445
444
437
440
437
985
987
4535
4523
4334
4313
111
61
1211
4027
3417
4027
2317
4027
1500
4027
1480
4027
1522
4027
1516
4027
4254
4027
4104
4027
4042
4027
2190
4027
2239
4027
4045
4027
2323
4027
2012
4027
2109
4027
4130
4027
1982
4027
1135
4027
2192
4027
3424
4027
4143
4027
1851
4027
3421
4027
2847
3958
131
3820
1499
2435
3704
2489
3704
4451
1068
2731
1068
4416
1068
3214
4153
3235
4153
1554
2671
1555
2671
4329
2671
1435
1003
3580
1004
973
3065
3467
3191
1116
1371
2131
1079
3258
1079
1072
1079
2130
1079
3783
3771
977
3771
178
177
3034
3025
4354
1731
1438
1731
996
4552
998
4552
2404
4552
1023
1028
1013
1028
3495
1978
1555
1978
4329
1978
2913
4149
2913
4149
2948
2492
1224
2103
2238
2103
1471
2621
2142
2621
1470
2621
1548
2104
1235
2104
1970
1968
1012
3699
1367
3699
1491
3699
1546
1361
3211
1361
3212
1361
4533
3827
4533
3827
1605
4154
3207
4154
2193
1928
2419
1928
2635
1928
3875
3703
3876
3703
3244
4285
1069
1078
3720
3075
3870
4327
4348
4327
3871
4327
3253
2661
1980
1979
2389
1321
1202
2484
1171
2484
1515
2484
2466
2484
3144
2484
1476
2484
1581
2484
1410
2484
4059
2484
1397
2484
1769
2484
1411
2484
2083
2484
1170
2484
1481
2484
2619
2484
1369
2484
2327
2484
2610
2484
1225
2484
1407
2484
1848
2484
3420
2484
1372
2484
1452
2484
1850
2484
1199
2484
1178
2484
1272
2484
3423
2484
1307
2484
4179
2484
1956
2484
1490
2484
1944
2484
224
413
1194
2483
1814
2483
2482
2483
1878
2483
2602
2483
2662
1046
1707
1046
4227
2889
378
313
302
313
1672
3080
548
516
580
516
140
2837
3778
4314
1749
4314
2994
4314
331
345
349
345
2682
2507
1963
2507
2508
2507
4299
1241
4408
1241
3236
1241
19
204
881
919
198
384
387
384
308
384
1966
2087
1384
2087
1358
1830
4208
1830
1099
3016
152
4609
3701
3515
3547
3515
184
183
1462
3500
1767
1855
3215
1855
3277
1518
1156
1468
3507
3664
3515
3664
3318
3664
3537
3664
3534
3664
231
307
385
307
330
404
2832
992
3492
3790
3016
2966
2965
3465
3323
1099
4525
1099
2506
1099
4554
1099
2986
4272
652
610
473
610
3641
1479
4191
1479
2679
2926
4119
3425
3369
1428
854
832
4058
4025
4138
4025
983
984
84
983
309
259
738
795
850
795
741
795
1024
1032
4038
3954
1290
2045
1903
2045
1760
2711
3007
2711
3287
2711
3936
2711
3680
2711
3928
2711
3568
3708
3570
3708
3901
1007
3051
4527
1219
1411
1190
2018
2010
2018
6
135
2108
2107
4107
2107
183
819
132
3718
4572
2512
4572
3876
4432
2778
4432
3556
4432
2780
945
944
945
4337
3949
2522
1446
4047
1446
3791
3480
4399
3480
2708
3480
3298
3480
1342
3480
4355
3480
1977
2948
222
223
3416
1932
1573
1932
1025
3115
2630
3115
145
3100
1277
4158
3001
1118
3010
1118
1594
1118
3084
2487
2488
2487
1568
3953
4197
3953
2546
1641
1598
1999
4095
1999
4334
4325
4387
4318
1526
4318
1527
4318
4341
4318
79
2833
4356
4287
4457
3825
4440
3825
4596
2834
1355
2092
4180
2092
4018
2503
2962
2504
348
302
834
809
825
809
1657
3659
2507
2084
2682
2083
1963
2083
2508
2083
384
306
272
306
4132
3663
4528
1478
4523
1478
3070
1478
78
62
3663
3475
2981
2976
2988
2976
3848
4588
982
4588
1442
2334
2204
2334
2709
2333
3251
2333
4281
2333
4314
1808
4299
4245
4310
4245
4373
4245
302
273
328
273
205
273
510
677
637
677
3942
3237
4425
3237
2722
3237
4174
1186
3425
3140
3756
3140
3630
3140
542
545
549
545
2766
3289
4000
3124
1585
3124
4007
3123
286
240
2801
3557
316
388
260
388
4302
1542
2450
2230
1474
2230
187
198
3331
2147
2397
2147
3335
2147
3439
2535
3192
2535
540
656
1188
2255
1468
2255
2951
3164
2579
3164
1896
3164
3639
3163
4081
3163
4443
2739
3031
2739
3599
2550
2533
2550
1280
3935
710
709
3100
1393
2735
1394
1401
1394
2762
1394
1724
3217
1964
2682
112
53
4119
3173
2810
3692
3577
3692
3328
3692
1772
3174
521
636
517
636
1484
1809
1349
1809
879
837
851
837
541
625
692
686
525
686
2711
1656
2772
4466
2772
4466
899
774
626
452
1185
2205
1623
2210
1184
2210
4342
2694
754
890
849
890
897
890
4487
1451
3503
1451
4477
1451
4495
1451
2725
1451
2463
1451
2697
2693
4262
1382
4374
3807
1565
2786
3841
2786
2734
4450
1647
4450
1753
1752
2363
1290
2481
3598
3204
3765
1120
1139
3273
1139
4417
1139
4321
1139
4217
4137
2713
1595
123
3627
4004
2934
4004
4060
2046
4114
2046
3835
3914
4447
4414
3802
4414
4448
4414
1218
4113
1636
3658
156
163
3255
1507
3945
1507
1656
1507
2196
1507
3463
1507
3482
1507
2242
2241
755
900
1374
1087
2883
1087
2791
4522
2885
1791
2884
1791
1026
2858
1078
2858
4276
2858
1064
2858
1071
2858
1034
2858
1017
2858
1086
2858
1041
2858
1060
2858
4311
3131
2155
3131
3893
3131
4245
4109
1964
4109
485
486
2519
2518
4249
1492
4174
1492
2954
1103
3188
1103
1102
1103
4363
1104
2881
1104
4249
3466
4249
3466
3269
2965
1759
2965
3268
2965
4582
968
4205
4163
1659
2361
2689
2361
4176
2361
3982
3968
3984
3968
3834
4497
3721
4553
991
4553
3077
4553
2996
4385
1381
4385
2523
4385
2083
2078
2327
2078
2242
4159
2723
4227
1473
4227
2316
4227
3409
979
970
979
3481
3426
3239
3426
3238
3426
4238
3426
3461
3426
4255
3426
4613
3885
2237
2925
1498
2925
4239
2925
1330
2321
280
373
194
373
363
373
429
423
425
423
99
103
1130
1484
1370
1483
793
874
869
874
2701
2499
1317
4085
1521
2829
1956
2068
1944
2068
262
393
315
393
1531
2003
2917
2897
3130
2004
1208
2004
347
319
405
319
72
4612
1615
2371
290
264
220
264
3497
2975
3666
3476
2539
2079
1649
2079
4254
1890
1418
1890
256
354
396
354
2906
4164
787
788
761
788
1201
2028
980
978
972
978
3190
2902
3195
2902
1535
2980
2870
3738
4057
3738
2411
3448
2413
3448
3225
3448
2148
4409
1715
4409
2781
4409
686
569
483
569
3427
2432
4585
4577
3889
4577
2811
3909
4560
3909
3739
3999
1339
3999
2221
3999
1066
3999
1015
3999
1133
3999
1035
3999
1050
3999
2644
3999
979
3999
1027
3999
2433
3999
4040
3999
2645
3999
1126
3999
4131
3999
3125
3999
1325
3999
1138
3999
1318
3999
4396
3999
1279
3999
1145
3999
3156
1445
1808
1445
1556
1445
3056
946
1511
4208
2408
4114
4067
3116
2586
4530
3073
3913
2240
1987
1232
1987
3038
3311
4497
3311
3907
3311
2611
4003
2744
4413
3198
3601
3204
3188
481
595
611
595
112
979
3119
776
927
862
927
4387
1185
1526
1185
1527
1185
4341
1185
3913
3294
3341
3294
2428
3294
177
190
4472
2402
3033
2402
4531
2760
3060
2760
2527
2760
735
736
3307
3293
4247
1727
2702
1727
2557
2744
4484
2744
4481
2743
3689
2743
2016
3159
2647
3159
3152
2051
1400
2051
2720
2536
3890
2536
4509
3282
1768
1767
1103
4192
3405
4192
537
661
3503
2720
2461
2720
1468
2256
4133
2256
3361
3572
3360
3572
3465
3637
4120
3637
3554
2397
612
457
2398
2329
2201
2329
3881
2329
744
928
750
928
172
1445
3390
2879
3390
3164
4047
179
453
2928
1170
2930
1170
2625
1170
823
748
874
800
875
800
749
800
3627
2871
2632
2871
3166
2871
2983
4347
3873
4347
1758
3757
1758
3757
2797
2785
1291
2861
1387
3847
3362
3847
1396
3847
3651
1160
3650
1160
4387
1160
3775
1160
3911
4500
3710
4500
2135
4500
3832
3522
3827
3522
1667
1144
2373
1144
2828
2821
1353
1143
1648
1143
2426
1120
3805
1120
1574
1120
3919
1120
24
458
4388
1596
2814
3562
3356
3562
192
382
363
382
171
75
2446
1777
1725
1777
1629
1630
1128
1813
1575
1814
2155
1814
3893
1814
4043
1337
4139
1337
698
691
487
691
2185
3169
3047
1655
661
641
496
641
619
641
4582
1389
2132
1389
604
652
585
652
14
536
1367
2770
4137
2637
2417
2637
2680
2637
532
502
601
502
2654
2206
3248
2689
3667
2358
2817
951
114
17
3066
3549
1741
1740
4082
4045
4091
4045
3820
3297
274
279
202
279
403
279
496
497
584
497
2972
3229
4384
3229
4246
1724
2561
1724
1163
1723
2159
2747
3306
2747
2160
2747
306
402
382
402
4102
3635
3826
2290
349
358
4455
1764
2819
2139
2518
2139
3074
2139
587
672
631
672
474
672
468
672
4455
1763
2869
2595
2555
2595
36
729
630
493
552
493
2922
2393
3864
2393
1380
2393
711
710
40
710
3018
2394
4403
3302
4460
3302
3037
3302
1181
3612
706
705
836
768
591
555
687
676
683
676
2511
1205
3398
1205
2655
1210
1152
1210
3763
1210
4283
1210
669
657
3361
3356
2417
3208
2227
2451
1929
2451
1930
2451
3220
2911
2393
2382
2216
2382
692
687
484
687
1406
2186
1813
2186
3696
4456
502
637
660
637
575
637
2188
3152
4168
3152
1543
3152
4251
1841
948
3538
3247
1230
2975
1230
1971
1230
4278
1230
1383
1230
1559
1230
171
2544
2542
2543
2542
708
707
2156
1147
4385
1147
3257
1147
2157
1147
2761
1535
3701
1535
3535
1535
3914
1535
3314
1535
2776
1535
4160
1255
1660
1255
625
462
3674
3258
1549
1550
870
869
799
869
2678
1773
3652
1773
2675
1773
3178
1774
92
37
2445
4460
111
2910
1817
4152
1334
4138
1334
4177
1333
2441
1333
4003
3992
1427
3992
2387
3992
3660
3209
1564
3209
1438
2633
630
498
647
498
664
498
3356
3845
2662
2634
2817
2805
3892
4345
2910
3755
3888
2810
4616
3887
1434
999
3009
4418
944
4418
4448
4418
1517
3729
1416
3729
2691
4225
4273
4225
2294
4387
2293
4387
4401
4387
3793
4387
3678
4387
3676
4387
3605
4008
3300
3261
3340
3918
3067
3918
1404
1503
1093
1092
2650
1092
1277
1504
3566
3066
4551
3066
2122
3066
3492
3654
4453
3654
3249
3654
4419
3654
2971
3654
3155
4203
4222
3221
1083
1084
2130
1084
3674
1084
1688
1083
3051
1083
3906
1083
4548
1083
1341
3733
1357
3733
3079
4557
4565
4557
3086
4557
3582
4557
3082
4557
821
759
3704
4495
1012
4548
2770
4548
3541
4548
1844
4199
4290
4199
1569
4199
3047
2478
3762
4072
2243
4072
3429
4072
734
735
4612
4598
4499
3026
4351
1107
1482
1107
3354
3341
153
4614
2484
3964
2459
3964
3860
2446
2140
2446
2905
1945
2641
1945
2907
1945
3291
3796
3307
3796
248
253
416
253
4083
2118
2110
2118
590
576
545
604
1148
1487
3059
3048
1623
2032
1608
2032
4583
4573
1699
4573
3982
3959
4009
3959
1053
1045
1394
1045
2753
1045
3502
1045
4607
3581
3451
2894
4203
2007
2110
2007
2661
2893
3158
2882
2696
2411
3969
3963
273
371
278
371
3470
4168
539
623
4213
1856
3923
1856
1551
1018
3718
3516
2818
3516
1075
3015
600
571
656
571
95
2746
3000
3262
2468
3807
3649
298
229
334
229
1532
1992
1984
1992
4572
4568
1718
3872
4515
3872
4063
2099
1982
2099
4104
3734
2239
3734
4464
4372
3824
4372
4421
4372
4169
4087
3088
3076
2794
2479
125
0
6
0
133
0
127
0
149
0
173
0
71
0
119
0
131
0
132
0
123
0
172
0
171
0
120
0
136
0
139
0
134
0
174
0
168
0
130
0
154
0
158
0
156
0
122
0
121
0
7
0
170
0
147
0
126
0
124
0
129
0
128
0
3692
4511
1398
4511
3539
4511
1953
4204
3343
2428
3659
3653
2643
4118
2100
1984
4280
1984
2493
1984
3625
1983
1843
1983
1842
1983
2727
3271
4257
3660
306
303
1562
3966
1026
2840
1034
2840
2738
3794
3849
2824
4600
2824
4151
1141
1817
1141
97
2823
1121
1512
120
3659
1847
34
214
1953
2864
139
162
1863
2863
1863
2863
53
222
2861
1922
2589
1922
2828
954
2731
1072
2990
1072
2997
1072
4486
1072
950
953
2805
953
1502
3950
2497
3950
3668
3656
4343
3656
4340
3656
2516
1449
3059
1449
793
875
4044
4022
4202
4022
2450
2498
4263
2498
1965
2498
4161
2498
1159
2498
1976
2498
2568
2498
1831
2498
2449
2498
4160
2498
1660
2498
1479
2498
4163
2498
1484
2498
2451
2498
3152
2498
4351
2498
2108
2498
1477
2498
1474
2498
1650
2498
1482
2498
1351
2498
1094
2498
1349
2498
4146
2498
3142
2498
1400
2498
4107
2498
2865
2498
1348
2498
1815
2498
2558
2498
3148
2498
927
778
773
778
413
226
4110
1962
3136
1962
2719
4275
4391
4275
2443
4275
818
760
1813
1811
1366
1811
83
15
925
920
745
920
3615
3736
2229
3736
2271
2054
2321
2054
1021
1022
1019
1022
3511
1022
733
806
924
806
868
806
1321
2053
1357
2053
2751
2741
298
227
4136
1972
1651
1972
3304
3291
1057
1062
104
35
4599
3096
4364
4322
2468
4322
3239
4206
3238
4206
4238
4206
3325
3822
2703
3781
345
321
379
321
1450
2917
2925
2873
2598
2457
1224
2457
1597
2457
1617
2457
4128
2457
4062
2457
819
816
1131
2874
239
350
410
350
577
521
650
521
3669
3789
456
628
4254
1905
2190
1905
2522
1910
1361
1910
1436
4435
3471
3450
1061
1438
3471
3435
2684
2936
439
438
3684
3793
4372
2708
3090
2285
4183
3932
1700
4449
1701
4449
3829
4449
4202
2580
2567
2580
1639
2374
185
195
1614
2373
1451
2417
967
3711
4258
2001
3154
2001
1700
4453
1701
4453
3829
4453
3141
3587
3741
3587
2434
3587
2543
3587
1149
3587
1101
1408
3480
1156
1419
1156
1051
3410
1741
3405
326
277
302
277
208
277
3751
3604
329
407
215
407
2774
3277
1417
3277
3314
3277
4437
3277
2502
3277
2873
3603
3320
3313
130
153
4432
3314
2673
4242
3224
4242
1659
1639
4162
1639
4284
1639
3200
1639
4176
1639
1897
2270
2369
2270
879
730
3750
2575
3435
1409
2684
1409
91
4124
3762
2584
3133
4223
3133
1866
3133
1109
3134
1850
2260
1199
2260
1408
1794
1654
1794
915
871
1113
1793
1412
1793
4588
2565
2517
2565
4454
3227
309
272
364
272
1844
2244
3459
2244
2244
2243
2906
1782
1081
1782
4358
2709
4301
2709
1761
2709
1159
2525
1661
2525
2498
2525
4351
2525
1094
2525
2846
2525
2740
3267
645
500
475
500
496
500
272
276
3755
2220
1420
2220
4518
2756
2799
2756
1678
4301
1175
1481
2656
2323
2380
2324
1838
2324
3762
1352
2243
1352
3429
1352
95
97
1045
4454
4150
2340
1846
2340
2949
2363
4175
2363
3773
2363
2187
2363
3216
2363
1833
1306
1834
1306
3949
1306
2196
1306
1589
1306
4134
2364
2365
2364
2676
2364
3935
1616
3470
1616
3880
1686
3913
3347
1102
1101
1093
1101
3326
3695
1464
2652
3858
1566
2385
1566
1355
1566
3856
1566
1188
1566
4256
1566
2386
1566
3859
1566
1240
1566
1453
1566
2501
1566
1468
1566
2503
1566
1286
1566
1514
1566
2511
1566
4074
1566
3869
1566
2424
1566
1395
1566
3857
1566
4029
1566
4180
1566
4098
1566
3891
2377
2870
3592
1651
3592
3488
2414
2696
2413
2972
2891
1119
2891
1343
2891
1754
2891
3883
3583
3884
3584
826
799
4592
3370
1092
4351
4008
3741
1155
1190
4395
1526
2699
1758
2432
1239
4599
3851
4417
3273
4417
3273
92
3143
3607
3951
3607
3141
3607
1983
3607
1352
3607
3146
3607
3617
3607
1506
3607
1149
3607
379
235
3499
3274
1542
3274
350
281
349
281
237
281
1493
1981
2800
3317
1707
2659
1597
3385
4128
3385
1442
1319
4118
1319
1345
1388
1080
2600
1624
2600
4235
2600
1096
2600
2859
2600
4113
2600
4159
2600
4277
2600
1067
2600
4198
2600
4069
2600
2497
2600
1590
2600
2312
2600
1160
2619
1610
2615
3295
2305
2700
2688
3322
2310
295
434
416
434
2133
1359
4514
1359
2798
1359
3873
1706
941
1706
3666
3240
2978
3189
2628
1548
1043
3545
2377
1286
4171
1286
4205
1369
1442
3137
1568
3137
1288
3137
4349
3137
1252
3137
1095
3137
1658
3137
2355
3137
1448
3137
2191
3137
4092
3137
1667
3137
4197
3137
4101
3137
1377
3137
4118
3137
2374
3137
2373
3137
1548
3137
1235
3137
1113
3137
1077
3137
1403
3137
2622
3137
1412
3137
1751
3137
4155
3137
1649
3137
2204
3137
1523
3137
2375
3137
3924
3137
4093
3137
1113
1797
2622
1797
1073
1081
3335
3697
3476
3224
3240
3224
1020
1729
4251
3223
4103
2247
1845
2247
2658
1501
200
387
4474
2130
867
805
917
805
4400
3264
2730
3264
3524
3264
835
873
4543
2790
1459
2790
2999
3263
4296
2669
4125
2155
1484
1802
1477
1802
2520
3360
2549
2327
4167
2327
4144
2327
3014
3802
2763
4458
815
889
833
889
716
889
3164
4051
3375
4602
1076
2367
3798
4132
3795
4132
2485
4132
1612
1576
854
815
624
460
3326
3320
2524
3320
2995
4261
3283
4261
2726
4261
3073
3343
3351
3344
934
827
765
827
1103
4277
3507
3798
4405
3798
3679
3798
1039
1049
3850
2827
3090
2827
1127
1472
212
312
264
312
1664
1860
1569
1844
1569
1844
4219
1843
3417
1820
3438
1820
2384
2098
2614
2098
83
4213
2867
3568
4536
3570
4536
323
316
324
316
46
822
956
957
190
399
402
399
1426
1112
3455
1112
2915
1112
2800
3700
1168
3916
2441
3916
1591
3916
4059
4006
2455
4006
1697
4416
3282
4416
1698
4416
4354
2631
4108
1331
305
324
291
324
2688
2942
2688
2942
2585
1771
2675
1771
2386
1938
2315
1938
3551
4437
4146
1885
1815
1885
1678
1761
365
231
413
231
2920
2012
3168
2012
1379
2057
2225
2057
272
348
2887
4150
3910
1721
234
379
1037
1038
1030
1038
2479
3035
2775
3035
434
429
246
429
1214
4116
167
77
1633
3050
3338
3050
462
519
609
519
588
519
3472
2913
2747
2913
3280
2913
4422
2914
1378
2914
351
317
381
317
4445
2454
3236
1422
1550
2453
1130
2877
4344
4310
4339
4282
2390
1949
3633
1949
1447
1462
3279
3496
2737
2995
1432
998
2528
4166
4274
4166
2485
4166
2510
4166
4333
4166
3863
1870
3862
1870
1833
2391
1834
2391
3949
2391
2394
2391
3670
2391
158
161
4562
3843
1676
3843
4516
3336
4517
3336
1807
3753
3509
4343
1640
2901
2206
1200
2029
1200
1854
1200
1139
2431
4163
1215
1348
1215
3172
4044
113
34
4210
3218
3620
3749
4459
4339
3036
4339
4371
4339
3709
3839
2187
4171
1828
4171
3039
3312
3643
3634
4108
3602
1497
3602
2297
2295
224
361
1849
2590
43
2126
32
669
604
613
474
613
2764
3529
4476
3529
4128
2166
2222
3597
2363
2372
2880
1745
2146
1745
4435
3249
167
39
964
1491
2223
2653
2945
2654
1731
2176
2883
2176
1288
2362
4349
2362
1252
2362
1377
2362
1077
2362
1403
2362
2622
2362
2204
2362
2538
2800
4555
2800
2512
2815
1696
2815
2818
2815
3804
4462
3374
1696
2119
1696
1350
1696
4261
3199
2656
2322
1674
1354
3846
1354
2891
1353
3778
1807
1749
1807
2994
1807
118
19
2545
3990
3600
3990
2785
3696
3700
3696
3912
3696
3076
3558
2535
1250
4178
1250
1317
4039
3602
4039
4260
3633
915
775
4415
1555
586
461
1080
1783
2367
1783
4349
1784
1095
1784
1221
1235
254
420
357
420
4379
3238
1531
1530
82
14
1979
2242
2693
2242
1844
2242
3638
2242
4290
2242
1569
2242
1642
4043
3474
4043
4106
3629
1095
1792
3924
1792
476
499
662
499
493
499
3137
3132
2539
3132
4488
2148
3712
3844
4153
3754
4400
4344
2730
4344
2514
4344
2460
2459
3262
2947
189
38
3007
3655
3514
3655
345
255
404
255
233
255
612
574
599
574
1964
1963
852
794
793
794
498
606
639
606
3251
1964
3251
1964
4281
1964
3792
4224
3787
4224
2903
2108
2002
2108
3154
2108
17
465
3053
4494
2573
4494
3723
2488
2314
1940
3615
1940
3197
2419
1125
4276
602
645
550
645
2979
1117
2442
1117
2143
1117
3790
1117
1308
1923
1421
1923
1068
1074
1061
1074
1068
1073
1061
1073
2805
952
2323
1924
2192
1924
1354
3039
4549
3039
3979
3965
2848
3965
729
923
2224
2862
4058
2862
4201
2862
4100
2862
4151
2862
1587
2862
1385
2862
2084
2862
1290
2862
4164
2862
1817
2862
1081
2862
1049
2862
2322
2862
4152
2862
3952
2862
2399
2862
1570
2862
4220
2862
4076
2862
1952
2862
4138
2862
2642
2862
1903
2862
2154
2862
1420
2862
2521
2862
1510
2862
4606
4595
3075
4545
1679
4545
2901
4070
3441
4070
2198
4070
3302
3521
935
934
905
934
1180
1514
1520
1513
2429
1513
1519
1513
1115
1477
98
2822
1606
4417
1008
1009
4536
3561
3903
3888
1524
3888
1043
3888
1031
3917
3746
4007
2615
4007
2153
4007
3687
4388
1601
4388
1364
4388
1600
4388
1719
4388
4426
4388
707
674
673
674
546
674
3575
3571
3359
3571
2760
4481
2627
4088
3174
4088
2513
4088
4191
4117
2660
1467
4287
1467
2788
4436
3089
4565
2003
2109
1530
2109
4112
2109
1156
2872
3825
3870
1308
1427
1264
1427
1305
1427
1414
1427
2858
1427
1945
1427
1408
1427
1586
1427
1421
1427
2064
1427
3619
1427
1628
1427
1654
1427
1047
1427
3682
4370
3686
4370
4594
1008
2663
4167
1968
4219
1535
4219
4294
4219
1331
3735
3548
3010
1563
3010
2783
3010
1057
1063
624
572
516
572
1057
1064
3010
3506
3290
3005
113
18
4501
2401
4501
2401
321
368
258
368
3039
4493
3831
4493
3702
4493
1528
1836
1528
1836
1652
1974
4148
1974
2164
4223
1022
1023
2985
1023
1029
1023
2712
1023
3416
2052
1023
1024
1013
1024
1652
1973
1265
1973
1190
2017
3146
2017
3308
3281
4466
3281
2772
3281
3885
3086
699
698
3422
2469
4264
4205
4266
4205
3202
4205
2697
4205
1979
4205
3638
4205
1033
1040
1580
4489
1449
4489
2683
2943
2683
2943
1753
2944
3454
3439
161
4606
1188
4005
3752
4005
1468
4005
1286
4005
1514
4005
2511
4005
3869
4005
3857
4005
4098
4005
2202
1967
1503
1967
4491
3915
923
808
851
808
727
808
497
563
500
563
3820
4415
1222
4228
2939
2920
2939
2920
717
833
4589
4579
3913
4498
3913
4498
3354
4498
2541
3967
2430
4091
581
567
578
567
1482
1114
2558
1114
1111
1113
3487
2960
1162
2960
1069
1077
2576
1927
2882
1927
4156
4079
2073
4079
4245
2508
50
818
2451
2059
1400
2059
4192
2838
4297
3151
1843
1842
1843
1842
525
484
181
180
1627
1517
3408
2541
4008
2541
2544
2541
3988
2541
1567
3657
790
921
2011
4083
1439
4083
4170
4083
1615
1474
2889
1474
2984
1473
3001
4384
3506
4384
2742
4384
3952
2088
2085
2088
1500
2019
1480
2019
2698
969
4614
3884
2752
4383
3675
4383
3508
4383
3334
3301
1454
3301
3313
3301
1359
3301
4615
3883
4231
3611
958
959
3151
4207
2895
4207
2516
1463
2123
1463
982
1463
4388
1464
1544
1464
2902
4084
2637
4084
1136
3106
2879
3106
2393
3879
3260
3486
959
2985
1019
2985
3989
3737
1553
2069
2395
2069
2709
4165
3264
4165
3251
4165
4422
4379
3153
1440
4181
1440
3091
988
1218
1423
3726
1424
2494
2452
1505
2452
3933
2912
2313
2381
3472
2381
2747
2381
3280
2381
2159
2970
3306
2970
681
568
480
568
2716
4391
28
665
4207
1895
1508
1895
2733
3891
3512
3891
3797
3891
3299
3891
3830
3891
3810
3891
1054
1067
1978
1977
863
776
3411
1027
978
1027
409
349
351
349
1211
2014
2239
2014
1211
2013
2109
2013
1092
2849
2333
4115
2571
4115
516
520
460
520
577
520
954
2509
3349
2509
4228
1991
2420
1991
3692
4520
3533
4520
2953
3178
2607
3395
1200
3395
2810
1398
1020
1398
3915
4441
4470
4441
2410
4048
2409
4048
4117
4048
3786
1175
3780
1175
3769
1175
3231
1175
3777
1175
2961
1175
4564
4561
4045
2349
2325
2349
3880
2698
1980
3638
2989
3272
3280
3272
1514
2031
1395
2031
414
448
1499
2556
1499
2556
2461
2725
3885
3582
102
16
2652
4190
2652
4190
402
375
191
375
418
425
246
425
412
364
219
364
209
364
231
364
3952
2236
4468
2765
2478
2765
3828
2765
3765
2881
3188
2881
3644
2881
2696
2412
383
191
4163
3594
3603
3594
1145
3593
1185
3146
2552
1180
4265
1180
439
416
294
416
12
534
2194
2657
3776
2657
2195
2657
3565
3342
22
284
2385
2338
2424
2338
4463
2775
116
36
2170
2216
1501
2216
646
501
645
501
21
459
555
649
655
649
1631
1650
3432
1650
3753
1650
746
925
2193
1357
2419
1357
2635
1357
1646
1635
303
395
280
395
197
395
4287
1804
1123
1803
1748
1803
3449
1125
1132
1125
2959
1125
1750
1125
2545
3971
3123
3971
3637
3179
3579
4541
2487
4541
1009
4541
1011
4541
48
821
3748
1296
4045
1296
2820
4591
2819
4591
2821
4591
2822
4591
2121
4532
2786
4532
2900
3128
2998
3262
4398
3262
2955
1091
2650
1091
1408
1787
1105
1787
3186
3168
4105
3222
4105
3222
4088
1165
63
2780
4368
4348
1726
3758
4518
4502
3548
4502
2783
4502
103
3848
1390
2387
2197
2387
2624
2387
4075
2387
2621
2387
2329
2387
2383
2387
1316
2387
1486
2387
3418
2387
1105
2387
3419
2387
753
754
1495
2605
1494
2605
932
785
763
785
2455
2610
1048
2300
1059
2300
2933
2646
2666
2315
1035
3380
232
233
8
1346
3171
3617
3621
3617
3578
3573
4504
3307
2768
3307
2813
3574
306
280
135
3375
4004
1226
4116
1226
4216
1539
99
31
2664
3198
3214
3198
4271
3198
1181
1195
3490
1378
1609
1378
4362
1378
3322
1378
2737
3283
3032
3284
4436
3284
3516
1021
1460
1021
1350
1021
1078
1738
1086
1738
4288
1971
1713
2742
2757
2742
2421
2403
4115
1266
2326
1266
1691
2404
1001
2404
2570
2404
4415
3292
2990
1061
2692
1061
2997
1061
4486
1061
78
2585
2678
2861
1921
1379
1921
1610
1071
2639
4130
2888
4130
2638
4130
2963
2668
4061
1328
3857
1328
101
52
2656
1379
3661
1276
1511
1276
88
96
3071
3325
3892
2628
2671
2628
3196
2628
2442
2679
3740
1961
4143
1961
1557
3921
3523
3921
3690
3921
4492
4457
4276
1812
2383
1812
2740
3800
1763
3800
3849
3365
3081
3365
3582
3365
4602
1368
967
2795
2284
2795
2139
3564
955
3564
3349
3564
1098
3563
4564
3563
3348
3563
3067
3563
2659
2150
765
766
1650
1142
4146
1142
3562
4526
986
4526
2548
2547
3996
2547
1413
2135
1755
1511
4328
1511
3669
1511
3276
1511
2310
3524
3553
3698
947
3698
3693
3523
2925
3157
1567
3245
4253
1586
3708
1716
3346
1716
2991
1749
2777
3540
4529
3540
4522
3540
2667
1248
1841
1248
3223
1248
1101
1482
723
724
1618
1351
74
79
4364
4331
4538
3831
4096
1958
4094
1958
4413
4386
2744
4386
3005
4386
3861
3886
86
989
4538
3702
2688
2651
4239
1493
2923
1493
1436
1102
2966
1102
1576
1102
2736
1102
1172
1494
2431
1825
1665
1825
291
346
2830
4584
2831
4584
1008
4584
516
517
461
517
614
517
3501
1029
1021
1029
74
3868
1865
4141
1865
2885
1781
2886
1781
3645
1097
1587
1097
304
342
360
342
621
513
504
513
466
513
3801
3797
4335
4278
597
570
653
570
832
910
833
910
715
910
3017
2990
1805
1875
2875
1875
3139
2434
4200
2434
3140
2434
3612
2434
4204
2434
1190
2434
1248
2434
3613
2434
1547
2434
2574
2434
3245
4312
2640
2433
600
518
609
518
463
518
331
347
350
347
3184
2904
1397
1997
1372
1997
4360
4280
4258
2903
2364
1929
1300
4152
2692
1058
1052
1058
4609
4600
4197
4086
2373
4086
2435
3055
2706
3641
4193
3641
744
745
2289
3030
2766
3030
358
318
237
318
4264
2887
4266
2887
2701
2887
4298
2887
68
860
4258
2002
229
230
116
43
1598
2089
4148
2089
1837
4031
2578
4031
1224
4031
4043
4031
4228
4031
1429
4031
2165
4031
2420
4031
1179
4031
4139
4031
1617
4031
2569
4031
4090
4031
1416
4031
1184
4031
1855
2037
2029
2037
3815
4438
3519
4438
1390
1880
1586
1880
92
98
4466
4433
4489
4433
3619
1801
3419
1801
4274
3795
2551
4429
3706
4429
946
4429
3193
3952
3456
3952
3747
1429
762
786
835
786
3171
4020
1983
4020
2674
1497
3643
1497
3646
1497
4270
4226
1074
1082
283
244
259
305
385
305
2721
3662
2156
3662
1950
1502
1835
1502
4221
1502
1436
1093
2992
1093
3008
1093
2993
1093
1089
1094
1463
4496
1433
4496
4003
2845
1585
2845
4327
4274
250
441
415
441
3195
3430
4306
4273
380
228
1843
1982
1842
1982
3938
1982
4158
1900
1540
1900
4320
1458
1830
1915
2589
1915
3259
2956
3462
3455
695
693
485
693
2491
2489
2490
2489
2908
4269
543
522
491
680
595
680
3085
2437
739
878
1658
1993
4101
1993
4212
2907
261
320
361
320
4101
1994
1235
1994
333
351
386
351
1713
3811
1714
3811
3020
3811
2714
4320
2982
4320
3275
4320
3950
3591
4036
3591
1074
2883
1089
2884
2771
3820
3701
3820
3914
3820
3318
3820
2776
3820
2653
2892
170
76
108
23
2147
4434
3143
2034
4157
2034
857
877
921
877
860
765
1572
2033
4140
2033
3629
2384
3447
2384
1127
2383
2381
1421
4171
1666
91
94
1369
2275
1225
2275
1580
3693
1449
3693
2829
2570
4595
2570
1010
2570
1663
1626
4426
1626
1671
1461
2556
1461
123
140
1180
3613
3448
3614
3542
3689
2286
3689
4473
3689
2773
3304
4434
3304
2604
2392
2393
2392
3888
3577
4580
3577
554
618
4445
3303
2970
4240
2355
4046
2191
4046
4092
4046
4101
4046
4118
4046
1235
4046
1751
4046
1497
4121
1139
1418
2000
3415
2950
3415
1458
3415
2729
1762
2233
3400
326
278
206
278
328
278
4123
2011
2760
3287
1117
1136
3522
3681
92
51
1723
1722
2468
3636
2947
3636
4331
3636
3777
3636
4394
3636
2789
2407
4210
3930
734
924
3004
2718
4336
2718
192
193
2569
2280
4090
2280
99
2976
2585
4381
2585
109
32
3462
1111
2915
1111
1110
1111
737
738
2227
1316
1929
1316
1930
1316
2934
2632
4506
1606
3025
1606
3697
1606
3027
1606
3818
1606
1128
1648
968
3846
1488
3846
2205
2345
4090
2345
4119
3756
2977
4346
4099
1332
4181
1332
857
849
881
849
4194
2941
2678
1772
3652
1772
2675
1772
1705
2520
4579
2520
2291
4455
4475
4455
2563
4455
1656
2196
1656
2196
4462
2699
3806
2699
3819
2699
2748
2699
3338
2699
1315
2225
4603
3567
4382
1471
2314
2544
1532
2544
3615
2544
2229
2544
3139
2544
3143
2544
3951
2544
3141
2544
4200
2544
4156
2544
3140
2544
1382
2544
3612
2544
4204
2544
1984
2544
1983
2544
3133
2544
1352
2544
1190
2544
3146
2544
1248
2544
3613
2544
3415
2544
1547
2544
3608
2544
4157
2544
2073
2544
2354
2544
1506
2544
1283
2544
2574
2544
1149
2544
2010
2544
1576
2736
1576
2736
3607
2543
2434
2543
3605
2543
1852
2265
4140
2265
3310
3527
2124
3527
2185
3760
1475
2560
3344
2560
2792
2560
3331
3694
3697
3694
2361
3153
2943
3153
2683
3153
4225
3154
55
746
1051
1399
882
713
4615
1676
80
12
468
582
2224
2058
2322
2058
684
611
227
260
346
260
406
260
313
367
277
367
3457
3181
2911
3181
3187
3181
1679
1002
3132
2846
2562
1089
1084
1089
1036
1037
1394
1037
4524
1037
3502
1037
703
699
534
699
3229
2878
4257
2878
2416
4471
534
488
1548
4078
2375
4078
2450
4002
4263
4002
1965
4002
4161
4002
1159
4002
1976
4002
2568
4002
1831
4002
2449
4002
4160
4002
1660
4002
1479
4002
4163
4002
1484
4002
2451
4002
3152
4002
4351
4002
2108
4002
1477
4002
1474
4002
1650
4002
1482
4002
1351
4002
1094
4002
3145
4002
1349
4002
4146
4002
4071
4002
3142
4002
1400
4002
4107
4002
1348
4002
1815
4002
2558
4002
3148
4002
2800
3912
4570
4564
165
1434
3327
1433
2515
1433
982
1433
4439
4412
3691
4380
4402
4380
1683
997
148
3880
4259
2879
2304
2879
3930
3941
2648
4112
482
483
3087
4544
3366
4544
4604
4594
93
2828
2129
3090
2512
3090
3888
3090
4581
3090
1699
3090
3889
3090
80
4092
4080
2375
4080
772
779
938
779
1189
2868
2654
2029
4016
2097
4147
2097
535
487
2295
4378
2296
4378
1182
3878
2604
3878
2603
3878
3130
3878
1197
3878
2607
3878
1942
3878
1177
3878
1237
3878
1174
3878
1169
3878
1208
3878
3956
3878
3129
3878
3127
3878
2595
3878
1200
3878
1423
3878
2216
3878
2605
3878
2606
3878
1216
3878
1312
3878
2608
3878
3403
3878
3404
3878
3407
3878
3126
3878
1298
3878
2597
3878
1192
3878
1534
3878
3217
2930
641
564
501
564
4121
2482
1588
2482
1981
2351
4150
2351
1612
2955
3008
2955
3013
2955
3677
4231
3254
4231
3785
4231
2553
3456
3223
3456
3498
4162
9
958
2624
1916
1486
1916
3765
4286
3188
4286
3644
4286
4048
1937
4129
1937
584
475
3157
1989
3142
1989
2241
2102
4116
2102
1978
2493
3053
2494
2573
2494
3158
3416
1146
1150
3619
1798
1654
1798
4032
3138
4315
2851
4382
2142
2900
1547
4262
2511
1117
1135
2538
3552
4555
3552
2405
2586
4541
2586
3499
3232
3415
2248
2574
2248
2891
1665
2072
2071
1155
4194
2414
2328
2413
2328
2412
2328
136
11
533
4296
2379
4072
2276
1632
2276
3032
3299
4436
3299
3816
3299
1695
3609
2924
3609
3900
961
3444
1625
332
239
35
537
30
3
182
3
42
3
22
3
13
3
21
3
26
3
44
3
28
3
24
3
29
3
17
3
37
3
0
3
15
3
35
3
14
3
18
3
16
3
31
3
43
3
23
3
32
3
12
3
11
3
176
3
20
3
40
3
179
3
45
3
166
3
25
3
27
3
2802
2368
4519
2368
1315
2226
1629
2750
3688
2750
26
668
23
538
3751
2539
3720
4556
2570
4556
2467
4505
4304
2195
1832
2378
1193
4189
1346
2735
2566
2704
1499
2704
2556
2704
2001
2021
2872
2021
3525
2703
2394
2703
4458
2703
3023
2703
4357
2703
3670
2703
3739
971
1653
4193
3320
1757
1382
2266
4157
2266
1131
1403
4299
1404
4310
1404
4373
1404
3784
3149
3237
3149
3597
3998
2372
3998
2374
2061
1523
2061
4498
4467
4613
1675
809
814
724
814
896
814
3367
1387
3371
1387
2830
1387
3084
1387
926
770
3426
4136
3333
3318
3781
1605
166
456
1709
1610
1708
1610
1054
1610
3203
1610
1434
1680
2674
1300
2707
1300
3246
1300
3787
1300
3616
3608
3614
3608
3610
3608
3479
1315
2669
1315
2379
1315
4324
1315
1832
1315
740
804
850
804
867
804
3295
3806
1306
4181
1202
2346
1515
2346
4188
3441
1450
2687
3766
3621
3237
3212
2163
1196
4318
1196
1611
1520
1602
3162
1743
3228
1150
3376
3682
3279
3030
3279
3929
3279
1214
1225
2460
3981
2472
2471
3131
4040
1122
4040
4397
1544
1364
1544
1622
1544
4439
1544
3935
1543
198
199
2914
1265
3770
1560
2433
3122
2415
3268
2398
2399
2201
2399
3881
2399
3689
3936
4323
3630
4103
2111
2569
2111
4005
3993
972
2645
2984
2316
957
2606
3606
2606
1583
4198
1584
4198
1804
4198
4597
4576
2132
4576
4557
3569
144
1345
2601
3989
3004
4246
2987
4246
3355
3348
555
648
2333
2332
550
496
583
496
2800
2418
3350
2796
529
542
554
542
3708
2136
4540
3559
1008
1011
3372
1011
3792
2707
1574
1753
1715
3041
2781
3041
771
831
938
831
4384
1754
2011
1407
1439
1407
4170
1407
3770
3766
2942
3766
1373
3588
3135
3588
699
695
535
695
3301
1280
2699
1280
2710
3246
4490
1700
3598
3994
4030
1585
1716
1715
1478
3519
139
1220
1384
4288
1383
4531
2421
2790
2421
4509
2692
1697
2692
1045
2692
3604
1275
4155
1275
2788
3326
134
4375
3278
3293
3278
3291
3278
4503
4465
953
4465
1131
1570
3844
2461
2796
2461
3560
2461
3560
4507
100
823
750
859
750
796
798
924
798
732
798
2706
2683
3272
2683
4193
2683
4111
3172
3767
3172
4317
3172
2978
2684
3068
3840
3100
1392
4066
3750
3509
4340
2488
3366
1414
1826
1628
1826
532
578
117
935
872
1042
4220
1065
4220
1032
4220
1467
4220
4286
4220
1055
4220
1070
4220
2164
1866
4525
4490
2506
4490
824
790
821
790
2541
3962
1028
1034
1023
1033
1030
1033
3527
3873
2125
3873
4408
4373
2823
982
47
823
3657
3201
554
492
478
492
4227
4074
2371
4074
1943
4074
2320
2458
1282
2458
1623
2458
4114
2458
4070
2458
1517
2458
2328
2458
1853
2458
4229
2458
1608
2458
1845
2458
2238
2458
4062
2458
4385
2918
544
640
452
640
4423
4369
1187
1489
603
609
580
609
2271
1437
3153
1437
2384
4026
3869
4026
3625
3869
1842
3869
1773
4141
4223
4141
696
690
691
690
3078
993
4592
994
345
258
235
258
347
258
2960
3652
670
660
60
3056
3937
4326
3937
4326
1368
3531
3175
4202
4510
3826
3836
3826
2234
4069
2235
4069
4126
4069
4109
2082
2709
3251
2709
3251
1568
4073
3406
4073
3551
2502
3858
2093
1355
2093
1590
2094
1251
2094
77
2832
1968
3874
1969
3874
4241
3874
1646
3874
4194
1848
4317
1848
2233
3732
3136
3732
545
585
1550
4374
2454
4374
3303
4374
78
11
71
138
454
573
628
573
599
573
1516
1876
4130
1876
2720
3490
4177
1934
1949
1934
2069
1933
3135
1933
1723
2899
2307
2429
548
577
603
577
1618
2497
4500
3819
4218
4076
3439
4076
3440
4076
2241
2008
2440
2008
2890
2063
3807
4319
3808
4319
3803
4319
2943
2064
4081
2064
3545
1401
1729
1401
3668
3665
4343
3665
4340
3665
204
308
328
308
4531
3047
3060
3047
2527
3047
1500
2023
2012
2023
968
974
3584
974
2468
4323
2947
4323
4331
4323
4427
2701
2717
2701
2566
2701
1499
2701
2556
2701
1762
2701
1393
973
2619
2024
1848
2024
1045
1052
1037
1052
178
176
980
1017
3045
3823
2835
3707
4288
1469
1200
2040
3403
2040
3858
4024
2424
4024
1695
3443
4137
3444
3208
3444
2680
3444
465
654
3163
3420
3480
2939
531
580
1942
3955
1312
3955
2565
2467
4590
2467
33
734
15
525
1102
1109
1110
1109
3503
3792
2725
3792
2463
3792
4004
2427
3946
2427
824
789
759
789
1756
4270
2733
4270
1755
4270
3789
4270
3801
4270
2955
3460
472
615
670
615
3213
1896
1686
4585
2306
3470
1542
3470
3232
3470
2310
2514
4230
2513
3230
2477
4326
2477
2639
2853
2888
2853
2638
2853
2633
2854
2631
2854
3434
2854
1596
4317
822
859
642
634
640
634
3147
2009
1157
2009
1592
4288
1577
4288
2977
4288
526
684
686
684
4556
1459
1005
1459
4043
4023
4062
4023
2645
3110
1014
3110
4617
963
3256
4324
4617
964
2329
3105
1103
1108
2897
4157
2652
4157
4190
4157
3052
3824
4204
4019
3742
4019
3556
3876
3556
3876
1693
940
2285
1488
1466
2986
3535
4376
1417
4376
3314
4376
4332
3485
4328
3485
3673
3485
1557
1419
4399
1419
3523
1419
3298
1419
3690
1419
3420
2117
3431
2117
3678
4430
1949
2074
4096
2074
832
909
815
909
719
909
361
225
1953
1952
1946
2073
2376
2073
2395
2073
3297
2726
4203
2250
4072
2250
667
643
3443
2555
2924
2555
4345
3763
433
430
253
430
4154
2235
399
391
289
391
1391
1242
2432
1242
297
380
2531
2530
203
275
274
275
199
275
2721
3257
74
20
2560
2766
1558
2766
285
241
4385
1148
3933
1148
1373
3589
2225
3589
3157
3145
3940
3759
3940
3759
2771
3537
2723
4244
3578
2491
2437
2491
994
2491
1115
2622
3417
1818
1418
1818
1863
1176
1664
1176
2837
1362
1371
3396
3134
3396
1038
2662
3313
3934
1757
3934
3926
3934
2408
2354
1321
1322
2312
1322
2500
2353
4089
2353
196
197
80
115
195
196
1831
1295
3148
1295
3557
4537
1354
4537
1122
1126
4166
1590
3029
3298
1507
4138
2305
3933
4462
3933
3806
3933
3494
3933
2523
3933
4446
3933
3483
2672
2695
2672
3940
3183
121
151
2962
3184
3242
3184
2677
1166
1771
1166
1722
1166
2975
3192
2980
3192
1559
3192
180
192
1645
1372
2289
4452
3289
4452
2290
4452
3526
3929
966
4570
2810
4570
901
749
1062
1732
1399
1732
4374
3808
1633
2748
297
334
3270
4243
3286
4243
2745
4243
1304
2200
1304
2200
2167
2215
4141
2215
176
451
162
1431
3547
2776
2499
4239
2642
1799
2154
1799
3468
3764
3532
3690
167
40
2533
3996
4358
3207
4301
3207
1761
3207
274
400
201
400
2557
1636
4484
1636
42
2125
1191
4196
2297
2296
937
876
1098
4581
981
4581
973
4581
3093
4581
1240
2091
3869
2091
151
4610
4375
3253
3293
3253
3291
3253
1574
3253
4350
3254
236
237
1175
2165
4303
4248
1368
3533
961
3533
1687
3533
2153
1746
2146
1746
3333
3534
4542
3335
3062
3335
3685
3803
428
426
283
426
2197
1338
2064
1338
300
376
4547
3350
2436
3350
3853
1778
1507
4129
133
152
2226
1931
1573
1931
3364
4550
3079
4550
2242
1216
1465
3938
3009
3799
414
446
310
446
2000
4133
1458
4133
4165
2357
4259
2638
200
201
1643
1642
1643
1642
3274
4134
1024
1031
1030
1031
2595
1728
2606
1728
4353
1556
450
449
2595
1779
2597
1779
252
444
446
444
13
294
975
2712
3500
2712
1019
2712
1655
3671
2478
3671
3287
3671
3936
3671
3828
3671
3680
3671
768
769
2240
1236
4113
1236
3218
3187
446
415
292
415
1101
1412
4413
1768
2744
1768
3005
1768
408
396
287
396
3911
3804
3710
3804
2135
3804
178
4297
2180
990
991
49
236
43
540
988
2816
4542
4533
3337
4533
2671
2649
2201
2398
2201
2398
1081
2175
1070
2175
855
850
179
1695
586
663
548
663
458
663
2549
3768
1125
1349
299
411
1084
3204
4416
3203
4416
3203
551
619
56
232
727
728
4106
2898
2757
3020
3281
4291
3275
4291
2448
4559
1690
4559
3080
4559
2386
2067
4061
2067
533
490
3340
3043
3058
3043
1122
1751
3328
3044
1020
3044
3099
977
2028
2027
978
1014
122
143
4563
1013
1022
1013
2985
1013
2973
1013
2790
3060
3324
4421
4085
3957
3424
3957
3468
4028
3233
4028
3631
4028
2984
1509
3206
4283
3567
3705
3353
3705
4551
3705
4084
1959
1979
2681
2693
2681
2694
3447
1571
3447
3469
3447
3011
2463
2870
2464
1897
2464
1233
2464
4056
2464
1928
2464
1445
2464
1740
2464
2001
2464
1981
2464
1472
2464
1112
2464
4150
2464
2372
2464
2872
2464
4048
2464
1136
2464
2878
2464
2879
2464
2868
2464
3149
2464
4136
2464
1489
2464
2063
2464
4129
2464
4028
2464
1846
2464
2380
2464
1441
2464
2617
2464
4057
2464
1651
2464
1537
2464
1838
2464
1522
1919
2192
1919
1709
1069
1072
1069
3203
1069
3477
1069
1644
4279
574
632
523
632
1590
1988
1232
1988
3155
2440
2791
2423
209
362
4082
2424
4091
2424
1625
2424
3155
1452
41
310
2425
3667
3805
3667
1606
3667
3919
3667
3925
1381
2370
1381
2773
1381
4434
1381
3681
1381
4480
1381
3521
3510
2745
3510
3292
3006
2752
3505
3169
1508
4269
1508
3760
1508
1181
1850
1052
1059
4209
1835
4591
2517
2519
2517
3876
1541
3556
1541
174
3052
2474
344
315
401
315
621
514
587
514
464
514
3428
2857
2894
2857
3179
2857
4456
2473
221
343
307
343
1618
4155
2715
4284
4184
1088
1705
3085
2738
1019
1460
1019
1970
1969
181
179
2837
967
2288
3828
3866
3070
3867
3070
3278
4328
3654
4315
4592
4589
992
4589
989
4589
990
4589
2491
4539
2490
4539
4066
2114
1492
2114
2009
2113
3401
2113
757
758
1272
2077
1956
2077
937
780
770
780
1538
2470
2472
2470
2593
2470
3782
3775
108
2918
2896
2918
2896
1038
1039
1033
1039
585
532
861
771
3092
1521
4416
3477
4262
1853
91
45
1855
1854
3542
3514
2368
3514
1213
3513
4457
3513
3332
3513
486
694
695
694
2780
3009
3966
1561
2582
1561
3706
947
3056
947
2003
2110
1530
2110
4112
2110
4450
4424
1669
2105
1632
2105
4327
2485
2779
4476
4161
1986
3142
1986
168
3825
4294
4348
4294
3717
3074
290
325
307
325
3050
3830
2690
2952
1457
3073
4546
3073
1159
3117
4367
4330
3070
3063
4435
4419
3371
1010
3372
1010
3722
1010
3580
1005
1691
1005
1680
1005
1330
1506
2815
3064
3348
3064
3015
3008
187
720
1026
4030
2624
4030
4075
4030
2329
4030
1945
4030
1408
4030
4276
4030
1071
4030
1586
4030
1421
4030
2064
4030
1086
4030
3619
4030
1628
4030
1041
4030
1060
4030
2355
2047
1448
2047
378
208
1025
4293
2630
4293
2644
4293
1063
4293
1040
4293
2645
4293
1014
4293
1059
4293
3891
1281
4270
1281
2759
3023
3536
4423
3683
4423
1702
1701
3540
3024
2120
3040
1043
3040
2536
4289
764
845
929
845
1079
1086
1645
3946
859
916
570
678
511
678
3234
3640
3934
2443
3934
2444
4342
1571
479
480
2315
1939
4074
1939
3484
3467
3264
4281
1231
2420
3297
4236
2995
4236
1202
2460
1171
2460
1515
2460
2466
2460
1476
2460
1581
2460
1410
2460
4059
2460
2623
2460
3618
2460
1397
2460
1769
2460
1411
2460
2083
2460
1170
2460
1481
2460
2619
2460
1369
2460
2327
2460
1225
2460
1407
2460
1848
2460
1372
2460
1452
2460
1850
2460
1199
2460
1178
2460
1272
2460
3423
2460
1307
2460
4179
2460
1956
2460
1490
2460
1944
2460
1360
3427
3475
3427
4132
3427
4186
3427
934
933
860
933
1048
2298
1040
2298
748
892
875
892
916
892
48
296
3278
3673
4610
1672
1403
2183
1751
2183
117
169
1667
2184
1751
2184
104
1770
1597
1722
1597
2899
1597
11
292
3695
3669
3284
3669
623
620
590
620
2700
1529
1291
2192
1220
1249
2743
2732
3035
3852
3167
1748
4315
1748
3019
4352
3614
3742
885
826
790
826
2450
1336
1479
1336
52
234
4360
1218
3199
1218
1977
1218
2649
1218
3196
1218
1777
1776
3498
3200
2687
3215
2687
3215
668
551
1670
2799
4559
2799
149
164
2711
1602
2931
2636
1410
2207
1769
2207
2902
1312
2637
1312
900
841
849
841
109
3844
3555
2796
3555
3560
3555
1475
1558
3351
1558
4247
1726
2702
1726
3265
3250
1237
1238
3956
1238
3045
3530
252
440
445
440
2156
3235
3257
3235
2157
3235
4386
1766
359
341
243
341
1188
2257
3180
2257
3493
2145
1461
2537
2442
1132
3026
1132
2741
1132
1712
1132
2363
2589
2202
3626
3925
3920
3522
3920
3267
3491
1719
1622
4426
1622
4142
4052
1607
4052
4196
2396
981
2818
1483
2818
4577
2818
3819
3801
2748
3801
3338
3801
4236
4186
2163
4262
4318
4262
3442
1662
1666
1662
2626
1662
1193
1199
2596
4131
1614
4131
4553
3354
3909
3354
984
3353
1075
3674
46
297
2471
3931
2470
3931
2137
2779
2422
2779
3055
2779
311
450
39
450
3512
2728
3830
2728
3810
2728
883
839
794
839
3662
2187
193
194
4499
1712
1277
1582
3321
1594
3546
1594
3026
1594
2751
1594
3833
1594
4300
1593
2743
1593
4282
1593
1520
1593
2429
1593
1519
1593
3832
2768
4222
4120
3358
3712
4552
3712
553
549
552
549
550
549
537
549
551
549
4001
3986
2495
3986
3400
3986
3185
3180
1596
3180
2941
3180
3689
3680
3942
1146
2946
1146
4392
1146
1752
1146
2944
1146
2722
1146
4294
4241
1840
1649
4165
1649
4018
3398
2163
3175
4318
3175
281
336
318
336
1173
1178
2359
1816
2358
1816
2893
1816
1682
1395
762
843
873
843
3489
2695
296
332
1640
1272
4188
1272
4211
2204
3236
2203
3528
3296
3259
1128
4272
1128
1118
1128
4393
1128
1252
1262
1649
1262
1173
1179
1951
3125
3633
3125
1941
3125
2924
3761
100
106
85
3091
2931
3165
1480
2253
1851
2253
1578
2254
4097
2254
1167
1168
2141
1168
1465
1222
4342
1222
2537
1222
279
337
400
337
3413
2533
2860
2533
3895
2533
4016
2533
1504
2533
1418
2533
3424
2533
3896
2533
1849
2533
730
812
918
812
851
812
3301
4302
1717
2746
3024
2746
4483
2746
3995
2534
3984
2534
3285
1342
3285
1342
1405
2335
2864
2335
441
436
442
436
3288
4524
1729
4524
3044
4524
3875
2778
3208
2931
4217
2931
3418
2350
747
802
794
802
866
802
3855
1638
3532
3678
3693
3678
1115
2642
310
301
2814
3357
186
166
29
528
2688
2850
2942
2850
1560
2850
3265
2510
51
817
2009
2006
2440
2006
3098
2505
807
825
1362
2835
1764
1151
1763
1151
3491
1151
1657
1151
112
60
2689
3474
1513
3474
4176
3474
214
215
1858
1857
3233
3473
1401
3517
914
888
882
888
2507
2085
2698
2969
284
243
100
25
942
943
3054
944
2072
2070
4037
4021
1140
4021
3859
4021
3660
4146
3226
4146
1564
4146
1594
4428
4123
1439
4603
4586
987
4586
984
4586
988
4586
884
807
826
807
2587
4298
1619
4298
4411
4298
4365
3777
130
4608
4599
995
3077
992
3077
3085
3077
1377
3114
62
887
4616
960
1637
3113
1699
3067
671
590
969
970
2969
970
1830
1898
2559
1898
2872
2020
2617
2020
1861
2043
2863
2043
1860
2043
3312
2751
3831
2751
1176
2044
3894
2044
1928
2060
2892
2060
3050
3810
3034
3027
3793
3782
4430
3782
3827
3821
4533
3821
2768
3821
3796
4321
2403
1611
2407
1611
2287
1611
1594
2959
4606
1681
2446
2447
4156
1301
4204
1301
3241
3463
1091
1106
3230
3464
457
523
522
523
599
523
3527
2988
3454
3440
1546
2919
3211
2919
3212
2919
87
985
3622
1486
3754
1486
3943
1486
22
527
362
210
1770
3423
1722
3423
2899
3423
3634
3424
3162
3424
3646
3424
163
4604
4187
4144
3788
1828
1240
2090
4180
2090
241
356
421
356
4263
1879
1815
1879
2221
3727
629
583
493
583
834
896
811
896
4596
3097
465
587
154
2165
1868
1179
1868
4464
3029
3824
3029
4421
3029
1186
4071
3159
4071
949
4478
3538
4478
4505
4478
2826
3351
2364
1930
309
385
136
159
658
464
3255
3482
3255
3482
182
530
1461
2916
4031
2456
2458
2456
1597
2456
1305
1955
1945
1955
666
659
4459
2989
3036
2989
4371
2989
589
575
880
844
932
844
3242
2937
1702
3493
1099
3493
1700
3493
1279
3102
2996
3494
598
511
597
511
467
511
1051
1055
4567
3058
4561
3058
3064
3058
3373
4580
3095
4580
2120
4580
526
482
1036
1030
1029
1030
2712
1030
4524
1030
2874
2181
1366
2181
933
929
692
689
3665
4238
1206
1846
647
639
644
639
415
442
251
442
769
781
936
781
3041
4371
540
588
4368
3871
1311
4139
1808
1878
3150
1878
2833
990
3714
4551
987
4551
3360
4551
836
935
936
935
1126
3948
2139
4512
2784
4512
4224
4143
3430
4143
3623
4143
4502
4480
2674
3195
3515
4405
1194
3378
856
741
3097
3905
1687
3905
3229
3226
3923
1375
4189
1198
1395
1198
1493
4015
2968
1750
965
3539
2405
1704
4541
1704
1717
3021
2586
1703
1276
1283
2191
1284
4093
1284
1731
1735
1062
1735
3294
3266
2554
1292
2970
1292
1280
1292
3321
2757
3546
2757
3833
2757
3575
3867
4539
2149
2822
3061
158
4429
4367
4398
4367
2960
2675
3642
4170
913
840
877
840
112
27
3436
2608
1415
2608
20
556
1769
2318
1481
2318
4217
2680
3138
3984
1249
3984
3352
3346
3352
3346
2922
1380
2922
1380
3465
1307
3221
1307
4120
1307
2381
1573
1581
2212
3423
2212
3012
1574
2773
1574
2147
1574
3027
1574
4480
1574
3818
1574
4108
2441
4602
1687
2900
1617
4257
1564
3205
4188
3201
4188
2952
4188
4518
1563
1704
2798
2133
2416
4514
2416
2798
2416
2707
4217
3246
4217
3787
4217
3599
3983
2548
3983
4130
3983
1135
3983
3957
3983
4034
3983
1849
3983
959
3511
1196
1851
2435
2138
1222
3142
4167
3628
3768
3628
4144
3628
895
912
896
912
4536
4519
4306
1157
4273
1157
4233
1157
1386
1524
1595
2552
4378
2552
4248
2552
4367
2552
2223
1523
1837
2232
4139
2232
1147
1540
4300
3248
4282
3248
2732
3248
2855
3979
4016
1245
1982
1245
2129
4575
3905
4575
1133
3586
3488
2665
58
3071
1293
1325
2465
3991
2599
3991
1112
3991
2613
3991
3930
4067
3176
4067
3675
3276
3505
3276
3508
3276
1066
3379
4568
3328
3064
3328
78
86
4315
2609
1727
2625
1119
4257
4243
4105
4134
4105
1041
2299
1047
2299
1009
3368
271
339
265
339
2185
1365
4269
1365
3446
1415
3445
1415
1605
1415
2153
1796
1444
1796
3197
1400
2657
1400
648
596
578
596
655
596
3436
3418
1415
3418
1033
1707
3453
3136
4209
3136
1453
1287
1286
1287
1147
2559
760
761
962
2753
2755
2753
1174
2041
2605
2041
1345
2754
3796
2700
3273
2700
3494
2700
2523
2700
4446
2700
2001
2246
1846
2246
83
89
4578
2519
2520
2519
617
635
530
635
2454
2715
2453
2715
3303
2715
1454
2588
1593
4191
451
626
686
685
482
685
3438
3421
4087
3421
90
70
2813
1692
1116
3619
82
84
4406
4365
4414
4365
2643
4179
1984
2278
1352
2278
4558
4555
1683
4555
108
47
1164
3865
4187
2326
2663
2326
3195
3623
1928
4017
1537
4017
2795
3907
1668
3907
3656
3461
3607
3988
2162
4407
1644
1304
1836
1304
4155
1303
2204
1303
1213
4440
3332
4440
2148
2366
1716
2366
2781
2366
4376
1577
1432
1683
2827
1613
4569
1613
1058
4183
2854
4183
1078
2172
1071
2172
1631
1614
4361
1614
3667
1614
1431
1684
1553
2376
2546
1567
4501
1567
2401
1567
2473
1567
3691
1567
4402
1567
3415
2279
2010
2279
1161
4107
3656
4255
1604
2162
3024
2162
3021
2162
3402
4184
1074
4184
2669
2228
2379
2228
2378
2228
4199
3624
3273
3471
4417
3471
4321
3471
4496
1153
3242
1154
983
2122
1853
2268
4229
2268
4395
1527
300
299
286
299
3684
3676
1661
3970
4002
3970
4064
3399
4089
3399
2867
4065
1375
4065
1376
4065
4396
3111
3609
3606
956
3606
538
655
34
737
4335
1645
4219
1645
1971
1645
1469
1645
2572
3316
3915
3316
4470
3316
2399
2348
1952
2348
4273
4215
45
283
3336
3332
13
535
3642
2569
4123
2569
2983
941
458
614
2229
2056
1506
2056
1720
4426
2240
2531
4142
2531
1637
2531
1123
2531
1341
2531
1607
2531
1321
2531
1487
2531
2600
2531
2367
2531
1353
2531
1967
2531
1357
2531
1502
2531
1648
2531
1748
2531
1582
2531
1816
2531
1106
2531
1232
2531
1251
2531
3874
4148
1369
2251
1452
2251
3661
3943
3088
3082
2735
3502
3517
3502
2505
3093
3887
3094
853
868
743
868
4411
3939
4577
4571
977
4571
3585
4571
536
485
2731
4474
4445
1832
2453
1832
3991
2848
3022
4296
3521
4296
88
2015
4090
2904
4090
3759
4090
2691
4233
216
360
2438
2490
3370
2490
3573
2490
994
2490
472
473
3476
2876
4390
2876
3887
3725
4268
4229
853
867
855
867
1508
1899
1540
1899
3219
2934
3486
2934
731
732
1347
2933
4312
2933
4289
2933
553
477
3277
3497
2681
3429
94
2826
529
478
4149
1591
2913
1591
4234
1591
412
265
264
265
362
265
4487
3890
4477
3890
4495
3890
156
233
405
330
405
3175
2866
3249
4390
4419
4390
2971
4390
3194
4234
2581
4473
2082
1430
2705
2201
284
421
426
421
718
719
1456
1455
176
956
4114
1918
1617
1918
708
673
519
592
515
592
3475
3458
4132
3458
4186
3458
705
700
490
700
3821
4469
3019
3944
610
509
502
509
470
509
1565
1668
3711
1668
2284
1668
4285
2921
3653
2921
1847
2921
3248
4176
2646
2325
2200
2325
1304
2325
811
918
825
918
1435
1679
3786
2961
3786
2961
3890
1609
3018
4357
4109
3747
2477
1299
2636
1299
3165
1299
2681
4124
2891
1628
2381
3857
3308
3684
4466
3684
2772
3684
2448
2812
1676
2812
1613
2812
82
66
4243
2365
2360
2564
2362
2564
4046
2564
2846
2564
2540
2564
556
546
542
664
3156
3150
1556
3150
2509
2563
3564
2563
1624
1795
1748
1795
3426
1416
856
917
738
917
66
836
4513
3547
3549
3547
1306
3135
2177
1138
2851
1138
2853
1138
2609
1138
2820
3715
4383
2157
2498
1552
3980
1552
3911
2524
1413
2524
4446
2523
4446
2523
3311
2749
3743
2540
1658
2540
1448
2540
1667
2540
4197
2540
2374
2540
2373
2540
1113
2540
1412
2540
4155
2540
1649
2540
1523
2540
2375
2540
1230
1232
42
631
4107
2245
3003
2716
2588
2716
2765
3691
1056
3387
4422
1646
1599
1646
3316
3300
887
773
963
3315
3541
3315
1191
1608
1317
1318
2314
3605
1532
3605
3615
3605
2229
3605
4156
3605
1382
3605
1984
3605
3749
3605
3415
3605
4157
3605
2073
3605
2354
3605
1283
3605
2010
3605
3647
3610
2640
2380
288
333
3840
2573
3715
2573
3717
2573
2792
2573
4092
1212
2288
2307
4468
2307
1655
2307
113
1206
2574
3450
1441
2936
1441
3189
1441
1160
2617
3872
3683
2486
3683
2714
4305
3793
4305
4430
4305
3676
4305
2982
4305
3275
4305
4205
2375
3514
3928
4082
4057
1625
4057
2430
4057
4188
2198
3718
2738
4482
2971
1743
1742
2282
2283
1693
2283
3480
4123
1488
2284
3414
3403
1621
3403
1189
3404
2782
2292
3513
3679
3525
1678
4458
1678
3023
1678
2552
4119
2801
4549
2700
1149
4363
4267
1374
4267
602
524
643
524
583
524
722
903
3235
4271
1127
2875
657
470
314
355
356
355
1224
1990
4228
1990
4354
3434
3447
3433
3943
2929
2372
1904
1537
1904
295
247
3017
2997
2188
1903
4168
1903
1543
1903
1448
2055
1523
2055
2532
4540
3572
4540
3356
4540
2806
4590
2805
4590
3574
4590
329
218
1202
2030
1199
2030
2919
1887
299
386
3026
3813
1712
3813
799
853
752
853
234
330
1599
3002
4250
1181
4386
1181
2687
1181
1768
1181
3215
1181
3042
3037
1053
3809
2753
3809
1619
4338
3261
4338
3939
4338
1091
2880
608
679
568
679
1689
3089
3850
3089
3583
3089
4576
3089
2821
3838
4535
4521
446
445
3271
2958
3496
2958
3279
2958
4467
4431
3823
4431
954
955
1457
1456
4546
1456
3744
4038
3601
4038
3128
4038
3745
4038
3083
4560
992
4560
4566
4560
3300
3814
4508
4486
1241
1651
3290
3648
3910
3648
3658
3648
4413
3648
1721
3648
3002
3785
122
1085
1090
96
2825
282
246
154
160
195
363
2873
2865
4488
2781
241
242
411
410
333
410
3937
2430
4326
2430
3464
2430
296
381
319
390
255
390
121
2945
1201
1464
1201
207
328
3281
2982
432
431
435
431
2932
2455
2646
1956
2200
1956
756
792
877
792
849
792
484
683
689
683
2200
4096
1304
4096
2933
4096
3927
2900
4175
2900
3773
2900
3640
2900
2187
2900
3216
2900
3460
2915
573
633
638
633
4165
3437
4352
3489
4407
3489
3944
3489
250
251
822
901
3015
2993
2568
1907
1831
1907
219
220
3296
2994
3649
3643
3803
3643
4037
4029
1140
4029
4064
4029
4061
4029
2315
4029
2384
4029
4189
4029
4133
4029
1529
4029
4067
4029
4089
4029
1385
1883
1420
1883
2878
1884
1441
1884
3529
4420
1489
2591
2943
3639
2683
3639
4097
4033
4083
4033
4338
4290
3149
1892
1441
1892
3049
3034
3833
3034
3907
3834
2782
3033
1603
3033
1692
3033
4208
3772
932
835
904
835
825
851
2763
4334
3023
4334
414
447
4537
3833
3798
4333
41
862
1674
2801
968
2801
1389
2801
2807
2801
4085
4034
2323
4034
4225
1490
2903
1490
2002
1490
2121
4538
2786
4538
4370
4329
91
68
2756
3818
4490
3829
2710
3787
334
406
2954
3644
600
515
625
515
588
515
7
3410
1056
1039
1056
1151
1531
3874
1251
230
344
305
344
413
401
223
401
132
145
204
205
1206
1845
2620
3896
3635
3896
1028
4396
3917
4396
671
653
3339
4525
2628
1632
4306
2648
4215
2648
4233
2648
3012
3919
3025
3919
2756
3919
1689
4569
1389
4569
3584
4569
3182
1348
3624
1348
2921
1348
3925
4446
2370
4446
3681
4446
1166
4128
453
627
628
627
2727
1569
3496
1569
2809
3345
4545
3345
2820
3717
2552
3923
3046
2772
4512
2772
4260
1941
3544
3688
3860
3855
2140
3855
2414
3225
1146
1279
2850
1279
4213
1376
4268
2567
3529
3520
3029
4355
4261
3196
3198
3745
3956
1228
1423
1228
3310
1162
942
1162
1367
1699
3851
1699
2407
3544
2421
3544
1063
1736
1059
1736
963
3543
1111
2153
3712
3560
1109
2154
2356
1268
1966
1268
4356
1122
3774
1122
3449
1122
1750
1122
3677
3265
3002
3265
3345
2527
937
936
926
936
3274
2676
768
829
936
829
3685
2666
3807
2666
3808
2666
4352
2666
4407
2666
3944
2666
69
886
1082
3384
3139
3383
4200
3383
1595
4265
2295
4265
2296
4265
3648
4265
4263
1278
2568
1278
3576
3570
1681
3570
1396
3570
1316
1326
2064
1326
3800
3275
1514
4055
4067
4055
90
2377
2626
3269
4307
1759
4307
3268
4307
796
797
735
797
630
644
1138
3392
1132
2304
183
289
114
64
1125
1366
2869
2577
2555
2577
870
855
752
855
4201
2303
4286
2303
2870
2613
1425
2613
1928
2613
1445
2613
2001
2613
1472
2613
4150
2613
2372
2613
2872
2613
2878
2613
2868
2613
3149
2613
4136
2613
1489
2613
4028
2613
2866
2613
1441
2613
4057
2613
1651
2613
1163
1172
3780
1172
3231
1172
3777
1172
4064
2614
2445
2415
3037
2415
1076
3924
3044
2762
3040
2762
1641
2400
2401
2400
88
69
1604
3011
3021
3011
4483
3011
2789
2287
3497
1559
957
3407
3606
3407
706
704
490
704
1031
1041
1381
2722
2535
1246
3946
1246
1611
1519
1686
3585
3634
1588
3162
1588
3646
1588
2526
3976
3989
3976
1456
1718
67
905
2400
3670
12
293
2747
3280
2747
3280
701
675
702
675
4300
1653
2732
1653
1109
1654
37
286
1684
3362
2877
1800
1444
1800
2359
1815
2661
1815
2358
1815
2830
1396
2488
1396
3368
1396
4323
3176
4119
3176
2720
4362
2705
2696
4216
2199
770
830
876
830
2170
3862
1501
3862
2285
2807
2827
2807
4487
3322
3704
3322
2149
3322
1455
3322
4515
3322
15
282
494
561
499
561
1741
2558
934
783
766
783
3874
4178
2887
2238
1419
3242
2456
3973
2439
3973
2799
2783
2821
2784
3061
2784
2808
2792
2518
2792
2603
1257
1534
1257
1614
1145
1566
3969
4597
4574
4582
4574
4463
4444
3706
4444
1293
1537
543
599
1363
2132
3725
2132
586
650
614
650
3671
1589
2189
3148
2158
3148
3757
3148
1405
2336
2069
2336
2551
4443
4463
4443
2479
4443
2521
1901
1510
1901
170
3426
4180
1467
2218
1570
2218
184
1359
3926
147
2406
4212
3252
4212
2695
4212
3448
3620
2932
3431
4461
4439
4465
4439
1026
3974
3124
3974
2329
3974
1017
3974
4110
2602
4121
2602
2189
2312
2158
2312
3757
2312
2
5
3127
1207
3126
1207
742
898
3407
3590
2016
3126
2647
3126
1186
3126
2476
1298
2636
1298
3165
1298
3815
3295
1478
3295
4469
3295
3222
4062
2668
4062
4105
4062
1182
1183
1177
1183
4210
1184
3854
2597
1638
2597
288
287
4594
3372
858
897
1377
2529
1077
2529
2530
2529
3924
2529
3458
3166
109
110
2867
1192
1375
1192
1376
1192
1352
2249
2574
2249
189
3022
2745
3481
4252
1483
1443
2505
1443
2836
1443
1485
1443
1116
1444
1635
2571
2665
3881
1006
3722
3243
939
126
2981
4381
3527
4381
2909
1420
3450
1420
3189
1420
3705
3836
1015
3109
2126
4336
3873
4336
1018
1460
4491
4470
1169
1872
2597
1872
2476
4094
2931
4094
2920
2010
3168
2010
2939
2010
555
472
538
472
1677
2506
3065
2506
3563
2506
1452
2005
1490
2005
3177
1047
2634
1047
2150
1047
4125
3893
3750
3401
4428
4393
4601
2836
4593
2281
4607
2281
1003
2281
999
2281
998
2281
4595
2281
4594
2281
1006
2281
4511
3017
1044
3017
104
56
2719
2974
2444
2974
2716
2974
2509
3052
3564
3052
1673
2973
3794
2973
1084
4389
455
638
628
638
522
638
1965
2086
1976
2086
3585
3889
2537
3469
693
688
694
688
188
742
743
589
474
615
474
4338
3459
2231
1947
3424
1947
715
716
1027
3108
631
658
4162
2963
4284
2963
2966
1110
1576
1110
2736
1110
3493
1110
504
506
587
506
658
506
1091
1105
2244
4089
4124
4089
4376
2964
1130
3419
3181
3894
1393
1485
985
986
3672
4394
4418
4394
507
565
567
565
4313
3488
4325
3488
4369
3488
3266
3488
4420
3488
3520
3488
2967
2940
2237
2923
1498
2923
4172
4093
1694
2924
2283
2924
2677
4230
4069
4036
2497
4036
4389
1470
824
930
3403
2039
1192
2039
185
1
67
1
50
1
55
1
187
1
65
1
33
1
41
1
49
1
48
1
46
1
177
1
183
1
62
1
53
1
34
1
39
1
19
1
38
1
180
1
36
1
52
1
51
1
115
1
169
1
70
1
47
1
66
1
68
1
69
1
56
1
54
1
76
4605
1863
1862
217
268
304
268
325
268
4153
2521
2929
2521
1512
1822
4207
1822
1602
3646
4305
3940
2361
4081
1620
4488
4530
4488
1703
4488
4540
4517
2718
2561
1308
2611
1390
2611
2197
2611
1305
2611
1414
2611
2621
2611
1078
2611
1064
2611
2383
2611
1316
2611
1034
2611
1017
2611
1486
2611
3418
2611
1654
2611
1047
2611
1105
2611
3419
2611
169
722
2897
4140
2652
4140
4190
4140
958
1447
342
369
268
369
3540
4483
1047
2301
1060
2301
185
2
50
2
55
2
187
2
22
2
33
2
13
2
41
2
49
2
48
2
46
2
29
2
177
2
183
2
53
2
37
2
0
2
15
2
34
2
39
2
19
2
14
2
38
2
180
2
36
2
52
2
12
2
11
2
45
2
169
2
47
2
56
2
54
2
2108
2106
1348
2106
2767
4479
948
4479
949
4479
2779
2486
4161
1985
1660
1985
4567
3069
3072
3069
1390
1912
1486
1912
1325
3381
3655
3452
3253
2895
1839
1970
4340
1970
1292
4098
2560
4491
1558
4491
539
468
590
468
3355
1020
1388
1043
965
1044
1398
1044
3054
3014
1052
1060
1083
3013
3507
2977
4405
2977
3679
2977
294
249
1705
4566
3294
3509
3520
3509
3453
4221
2917
1849
4190
1849
2672
1943
108
59
2905
1944
2475
1944
2907
1944
1610
1070
3369
4546
3077
4546
656
463
4539
4515
712
882
1308
1920
2624
1920
2856
2439
2457
2439
3900
4596
2562
2967
124
946
4398
4444
4398
880
763
1339
3898
3594
3898
49
757
3474
2927
653
467
213
270
264
270
343
270
4143
1960
2325
1960
3920
3508
1147
1510
1431
1006
2563
1505
668
584
2823
3059
1300
1838
2615
2151
1063
2151
2630
2842
1040
2842
111
54
3340
3541
4410
3019
1630
3019
3688
3019
1079
1085
2650
1085
129
2767
4484
3325
4484
3695
3816
1690
3088
3584
3088
3090
3088
4574
3088
2868
2342
4500
3338
4129
1335
1838
1335
928
752
925
752
2291
1657
4475
1657
2717
1657
1762
1657
1505
1657
3234
3216
472
601
1018
1350
1777
1775
186
70
904
616
559
512
559
2131
2650
2992
2650
3258
2650
2130
2650
3008
2650
2993
2650
3081
2804
3076
2804
1675
2804
3082
2804
59
2803
2657
2635
2504
4174
2937
4174
1154
4174
4611
4601
1195
2262
2037
2262
21
2128
1570
2179
2642
2179
3191
3631
2812
2787
3030
3686
4002
3980
1252
1253
1658
1253
902
854
807
854
2369
2222
1476
1254
1411
1254
1171
2168
1170
2168
2765
4402
2281
1533
4218
1534
3439
1534
3440
1534
2882
4041
1422
4126
1182
3902
2604
3902
2603
3902
3130
3902
1197
3902
2607
3902
1942
3902
1177
3902
1237
3902
1174
3902
1169
3902
1208
3902
3956
3902
3129
3902
3127
3902
2595
3902
2393
3902
1200
3902
3879
3902
1423
3902
2216
3902
2605
3902
3878
3902
2606
3902
1216
3902
1312
3902
2608
3902
3403
3902
3404
3902
3126
3902
1298
3902
2597
3902
1192
3902
1534
3902
2594
3902
3698
4448
1080
1780
4235
1780
4060
4012
4062
4012
1713
2991
1714
2991
3020
2991
128
2411
3751
2412
3751
3225
3751
1626
4341
27
670
751
866
869
866
1363
3841
2835
3841
960
3841
1311
4169
1371
2178
2874
2178
4125
4102
4311
4102
3563
4554
1392
4554
2686
2395
3713
3349
2808
3349
2819
3349
714
715
3809
1698
1637
3978
3987
3978
4235
3978
1067
3978
3856
4173
2511
4173
2449
2272
1351
2272
726
727
1197
1204
2607
1204
2037
1203
2567
1203
2953
1725
4553
3556
3909
3556
3035
3031
439
435
249
435
2504
1187
4388
1187
2937
1187
1154
1187
3518
3236
4301
3236
3266
3236
4420
3236
3520
3236
927
938
887
938
1406
2582
2356
2582
1966
2582
1405
2582
4363
2582
4145
2582
1374
2582
1373
2582
1391
2582
1371
2582
1731
2582
1046
2582
1830
2582
2432
2582
2861
2582
1813
2582
2864
2582
1062
2582
2874
2582
1409
2582
3134
2582
2069
2582
2881
2582
1379
2582
2883
2582
2225
2582
1399
2582
1384
2582
2589
2582
1365
2582
2559
2582
2876
2582
3135
2582
1366
2582
182
2594
4035
2593
3853
2593
4177
2593
2167
2593
3863
2593
3868
2593
1492
2593
1856
2593
2575
2593
2469
2593
1195
2593
1176
2593
1168
2593
2441
2593
2326
2593
1591
2593
4096
2593
2577
2593
4178
2593
4094
2593
1414
1881
1586
1881
4386
1765
1406
3412
1374
3412
1731
3412
1046
3412
1830
3412
2432
3412
2871
3412
1813
3412
1062
3412
2874
3412
1409
3412
2069
3412
2881
3412
1379
3412
2883
3412
2225
3412
1399
3412
2589
3412
1365
3412
2559
3412
2876
3412
1366
3412
259
291
102
58
2673
2146
3476
2146
3240
2146
