703
913
4292
3054
3053
327
2972
1741
4
3770
2291
185
2096
4422
3457
1873
250
1874
221
1917
2450
3835
2905
2910
4335
1936
2435
9
428
1211
378
1442
1840
4035
203
646
269
398
1824
1823
2847
314
1036
1551
3645
1864
1231
1863
617
2922
322
3817
3788
2962
4535
326
1495
996
3498
2811
2133
2134
8
141
908
3565
2227
857
3260
2794
2793
1568
2782
3244
3243
3220
1528
1756
1709
3525
1579
2267
600
3323
858
3718
4053
3324
3687
3854
1386
4127
1269
907
4354
3744
4259
3340
2686
3363
67
3364
4049
1652
4263
50
4528
2347
1288
4264
4349
3739
3580
1546
1219
1708
3849
3285
1194
3417
1193
3374
295
3373
3672
1259
2587
3853
1182
3001
4353
3743
2410
4054
2405
2313
2314
2604
2277
2603
3925
2639
4308
4587
1339
3575
1578
3270
2545
2137
2240
2706
1532
2189
4299
1252
2224
394
2729
2223
2797
544
3130
3685
4303
3247
274
1669
125
880
3155
2264
1158
1790
353
4125
1406
2263
3327
55
2802
2360
3714
4358
3748
1599
3858
1309
4542
30
2320
4531
4592
3367
560
4615
2343
2344
4562
4268
721
3414
3709
1197
894
3413
1129
3377
2592
2583
2584
1891
2758
4583
4058
2370
3713
3927
4451
2981
2317
1659
1202
2273
142
2607
335
2274
4304
2385
1618
3305
1688
846
3310
3600
1619
3615
915
1308
374
424
365
4337
2885
2761
3837
3779
718
682
3057
412
3012
331
2035
439
3783
911
248
1042
2721
2050
217
3454
3453
1877
1913
1914
2949
733
666
3791
2870
526
1995
2496
3391
1171
751
1161
621
2860
6
1827
212
2844
1121
2843
1867
1095
216
2820
3098
3815
133
3647
4516
1631
3784
950
4037
2771
1942
224
2938
1436
3499
3003
1897
1065
219
3004
1829
3068
3371
1191
2890
3028
57
2476
1975
1025
3961
4097
3079
127
824
1902
1980
2448
4509
469
3432
2116
4142
4513
2601
3651
2311
2987
417
181
1080
4514
3786
4201
3046
3241
893
2791
586
3518
3731
1858
2131
1016
1515
1500
271
1965
2466
3361
4397
3897
1075
1925
2426
4485
3078
433
3321
3982
4447
1233
1785
1861
1234
1553
4400
1554
2522
3900
3716
1127
4010
1821
1167
558
2562
2813
2814
2777
2630
4175
701
2169
2655
602
3206
3358
1689
1355
1770
1637
1330
2119
4306
2188
495
2727
290
3402
2294
1760
2293
2282
1744
1743
2159
3536
3051
1720
3256
2767
1177
3329
146
1213
2572
3397
1214
557
3977
553
2390
359
4100
1871
1140
1289
3856
697
3746
4356
3186
1237
1557
1124
2152
2841
1123
2538
149
3542
1164
2258
562
914
1163
4177
4360
2817
3860
144
2773
895
2774
187
2209
1805
1810
4445
1633
598
1634
2549
2740
932
2229
2724
2723
4250
2297
791
597
1747
4060
3595
593
3290
2764
2763
3139
813
3975
1598
2612
1173
937
1174
3393
711
173
1217
2302
3394
838
4266
455
2356
4056
2208
803
4182
1911
4210
3622
3382
288
3451
2048
3032
1894
3007
1893
2581
262
65
1882
3411
2516
2015
471
266
2000
2856
329
2992
966
1465
3468
4095
3099
4472
148
3428
4411
2076
3911
1425
4001
3479
2271
3720
2984
2983
891
4487
2261
4111
4518
3942
2066
2221
3895
1475
976
2026
4608
4395
182
3478
267
2341
948
1480
4161
4232
2945
3446
476
3118
1115
1100
842
504
2177
2213
42
1572
2214
881
2769
2690
548
3170
1806
1390
1629
747
1697
3185
4406
1119
782
4016
1188
3906
4122
3710
3682
1294
1293
1282
1702
1159
300
3677
155
1658
3389
1169
3337
2355
4106
2951
2330
389
338
2788
2233
22
2719
2234
4300
3160
2553
2554
1522
547
2127
3144
3143
2759
2167
714
3596
3120
1562
543
2968
3103
3492
1621
965
1466
3104
3778
529
4297
864
2075
4427
1661
3951
1426
2979
2928
4534
3484
3483
213
2080
1837
1889
397
245
3507
3087
2830
304
3661
2855
2016
2515
33
1131
2500
211
742
2946
3445
1448
980
1116
906
377
1601
1311
427
13
3812
3780
1671
2065
885
856
2191
2731
2978
1476
975
787
2025
1341
3107
723
2480
1948
847
3832
323
2932
3774
4332
3726
2115
2100
3487
2641
3701
1833
848
1261
1834
2999
4425
202
3503
3092
1066
3504
3084
3083
1221
2475
1976
1026
4295
531
206
2465
1966
207
4311
510
1076
2425
1926
762
1271
3769
3045
1048
630
4151
1581
1711
3642
3773
1516
1015
1000
4032
3018
85
1682
2173
1612
2174
753
21
1302
2217
696
4366
767
2656
2809
3866
1356
1208
552
3205
3210
883
1694
1693
1786
1549
3850
2752
1229
409
1297
4350
3740
879
2598
4260
1209
3334
3333
4216
3922
167
2808
4050
150
2140
2289
107
41
2237
4256
340
2557
2124
1152
2123
3147
731
3535
1538
3675
3230
298
1258
2164
3550
2163
1739
3255
4066
4213
1313
1314
1604
73
861
1603
1277
3908
4018
4442
3987
4408
26
2339
4597
4547
2578
4209
4558
2705
2288
4364
4249
2710
3864
2546
2733
2734
2219
2194
2193
4063
1717
2259
1587
1673
594
2182
1674
4253
1410
1405
4059
3408
3156
403
285
3352
3625
44
2647
3481
87
2386
2269
3859
1664
4254
772
4185
4359
1663
3616
3306
4064
1640
1624
3101
370
4363
1623
902
1347
3863
1133
101
1134
4567
3972
3409
1227
2568
49
4108
2528
4501
4214
1267
2579
852
884
507
2954
2953
3072
1909
624
3449
777
503
4092
1996
4475
2495
671
834
2886
3776
706
3512
1852
3141
2036
2551
3724
2231
82
4147
3723
931
647
479
48
1450
1908
4235
3719
591
2211
418
1435
105
2442
3438
263
3892
865
4392
3022
616
209
165
10
1291
3062
3945
1096
2839
508
3112
254
2957
4145
793
1869
605
2906
3331
662
1950
466
942
1935
2436
392
811
4529
4477
3049
2161
3472
2121
801
93
2095
667
3728
3422
28
4510
1691
3947
4482
2998
3462
995
1496
2171
708
81
589
651
4237
1819
642
1888
692
422
372
1035
2042
3038
1859
1050
157
512
481
102
2202
1317
46
1607
1273
1274
4103
4404
3388
3319
3904
1385
4014
443
2618
4172
4099
2308
863
2685
3359
554
414
3868
2789
4368
2670
2737
2197
4613
3566
2129
1592
1713
1583
1584
1714
383
1677
1730
4593
3526
3190
3985
3239
550
4543
1370
1755
2644
1360
2643
4258
2620
24
2599
2309
1667
4563
4068
4461
1320
4582
3576
4616
1627
2660
4611
1343
1344
828
1545
4009
1137
4578
3899
3286
3369
2532
1240
4399
3548
1189
2252
1224
1223
3081
366
3501
4403
3627
4013
3903
4187
29
4104
2158
1831
1264
1263
4218
2406
1647
2481
137
1323
2352
1324
2664
1340
4459
2663
3269
3386
2640
2306
1363
1364
4197
2616
2624
2101
4463
2623
2409
1260
3568
1565
3632
1244
1243
71
3579
4011
1525
4042
3901
1220
726
4401
3528
4508
3842
4101
4342
3752
3578
1270
4607
3339
3995
1575
3546
118
1733
1285
1734
3219
1705
3288
4464
1580
1710
1374
1373
1417
3194
3193
2673
1001
494
3182
2674
2717
3259
2408
2156
541
1457
3650
3956
579
491
2908
3442
2438
3211
4492
4075
899
3960
309
3666
1054
2022
972
1053
257
2062
4222
756
1839
608
810
607
1954
1953
2072
2449
2909
256
1498
3875
603
764
962
4375
3495
2996
119
252
1886
114
2852
2141
820
3730
2512
3036
3551
4200
3231
926
4000
3910
3706
1454
2422
2691
4410
1453
4382
3882
3721
949
2462
1998
4077
3171
1391
2888
702
489
717
2819
1012
725
1057
432
116
3042
261
2038
2859
419
581
612
1957
744
2112
2869
505
4316
2950
566
1906
2331
2935
3436
4160
4377
2049
3161
3877
63
2472
4110
3121
1098
4156
4082
3095
1644
175
1643
1327
3309
2667
1620
3599
3861
1367
2576
4361
1660
4617
2627
3532
784
4195
4499
2548
2369
2286
2081
739
3252
755
1247
2501
4503
1130
3158
2831
3406
1155
3202
981
2319
539
4211
4504
2388
72
1600
3308
1615
1685
3618
1305
1310
870
454
2359
4468
3997
1670
4061
1737
1789
2566
1377
3129
3197
1414
1413
2677
2730
2713
2714
712
2755
4251
4603
2526
2190
357
2239
740
200
3937
681
2337
2658
2389
3355
1206
1358
3330
238
1951
4247
3233
1719
3234
1788
3127
2160
3553
3554
796
2144
2143
1759
2596
2120
3167
3213
3214
1397
408
1329
622
3177
352
1690
4135
3767
1769
2806
3805
2170
2697
2629
2185
4506
1402
922
1051
1536
2702
1256
3668
311
4309
629
1432
1946
2445
437
987
4523
4313
61
4027
3958
131
1499
3704
1068
4153
2671
1003
1004
3065
3191
1371
1079
3771
177
3025
1731
4552
1028
1978
4149
2492
2103
2621
2104
1968
3699
1361
3827
4154
1928
3703
4285
1078
3075
4327
2661
1979
1321
2484
413
2483
1046
2889
313
3080
516
2837
4314
345
2507
1241
204
919
384
2087
1830
3016
4609
3515
183
3500
1855
1518
1468
3664
307
404
992
3790
2966
3465
1099
4272
610
1479
2926
3425
1428
832
4025
984
983
259
795
1032
3954
2045
2711
3708
1007
4527
1411
2018
135
2107
819
132
4572
4432
945
3949
1446
3480
2948
223
1932
3115
3100
4158
1118
2487
3953
1641
1999
4325
4318
2833
4287
3825
2834
2092
2503
2504
302
809
3659
2084
2083
306
3663
1478
62
3475
2976
4588
2334
2333
1808
4245
273
677
3237
1186
3140
545
3289
3124
3123
240
3557
388
1542
2230
198
2147
2535
656
2255
3164
3163
2739
2550
3935
709
1393
1394
3217
2682
53
3173
3692
3174
636
1809
837
625
686
1656
4466
774
452
2205
2210
2694
890
1451
2693
1382
3807
2786
4450
1752
1290
3598
3765
1139
4137
1595
123
4004
2046
3914
4414
4113
3658
163
1507
2241
900
1087
4522
1791
2858
3131
4109
486
2518
1492
1103
1104
3466
2965
968
4163
2361
3968
4497
4553
4385
2078
4159
4227
979
3426
3885
2925
2321
373
423
103
1484
1483
874
2499
4085
2829
2068
393
2003
2897
2004
319
4612
2371
264
2975
3476
2079
1890
354
4164
788
2028
978
2902
2980
3738
3448
4409
569
2432
4577
3909
3999
1445
946
4208
4114
3116
4530
3913
1987
3311
4003
4413
3601
3188
595
112
3119
927
1185
3294
190
2402
2760
736
3293
1727
2744
2743
3159
2051
2536
3282
1767
4192
661
2720
2256
3572
3637
2397
457
2329
928
172
3390
4047
453
1170
748
800
2871
4347
3757
2785
2861
3847
1160
4500
3522
1144
2821
1143
1120
458
1596
3562
382
75
1777
1630
1813
1814
1337
691
3169
1655
641
1389
652
536
2770
2637
502
2206
2689
2358
951
17
3549
1740
4045
3297
279
497
3229
1724
1723
2747
402
3635
2290
358
1764
2139
672
1763
2595
729
493
2393
710
2394
3302
3612
705
768
555
676
1205
1210
657
3356
3208
2451
2911
2382
687
2186
4456
637
3152
1841
3538
1230
171
2542
707
1147
1535
1255
462
3258
1550
869
1773
1774
37
4460
111
1817
1334
1333
3992
3209
2633
498
3845
2634
2805
4345
3755
2810
3887
999
4418
3729
4225
4387
4008
3261
3918
1503
1092
1504
3066
3654
4203
3221
1084
1083
3733
4557
759
4495
4548
4199
2478
4072
735
4598
3026
1107
3341
4614
3964
2446
1945
3796
253
2118
576
604
1487
3048
2032
4573
3959
1045
3581
2894
2007
2893
2882
2411
3963
371
4168
623
1856
1018
3516
3015
571
95
3000
2468
3649
229
1992
4568
3872
2099
3734
4372
4087
3076
2479
0
4511
4204
2428
3653
4118
1984
1983
3271
3660
303
3966
2840
3794
2824
1141
2823
1512
120
1847
214
2864
162
2863
222
1922
954
1072
953
3950
3656
1449
875
4022
2498
778
226
1962
4275
760
1811
15
920
3736
2054
1022
806
2053
2741
227
1972
3291
1062
35
3096
4322
4206
3822
3781
321
2917
2873
2457
816
2874
350
521
3789
628
1905
1910
4435
3450
1438
3435
2936
438
3793
2708
2285
3932
4449
2580
2374
195
2373
2417
3711
2001
4453
3587
1408
1156
3410
3405
277
3604
407
3277
3603
3313
153
3314
4242
1639
2270
730
2575
1409
91
3762
3133
3134
2260
1794
871
1793
2565
3227
272
2244
2243
1782
2709
2525
3267
500
276
2220
2756
4301
1481
2323
2324
1352
97
4454
2340
2363
1306
2364
1616
1686
3347
1101
3695
2652
1566
2377
3592
2414
2413
2891
3583
3584
799
3370
4351
3741
1190
1526
1758
1239
3851
3273
92
3607
235
3274
281
1981
3317
2659
3385
1319
1388
2600
2619
2615
2305
2688
2310
434
1359
1706
3240
3189
1548
3545
1286
1369
3137
1797
1081
3697
3224
1729
3223
2247
1501
387
2130
805
3264
873
2790
3263
2669
2155
1802
3360
2327
3802
4458
889
4051
4602
2367
4132
1576
815
460
3320
4261
3343
3344
827
4277
3798
1049
2827
1472
312
1860
1844
1843
1820
2098
83
2867
4536
316
822
957
399
1112
3700
3916
4006
4416
2631
1331
324
2942
1771
1938
4437
1885
1761
231
2012
2057
348
4150
1721
379
1038
3035
429
4116
77
3050
519
2913
2914
317
2454
1422
2453
2877
4310
4282
1949
1462
3496
2995
998
4166
1870
2391
161
3843
3336
3753
4343
2901
1200
2431
1215
4044
34
3218
3749
4339
3839
4171
3312
3634
3602
2295
361
2590
2126
669
613
3529
2166
3597
2372
1745
3249
39
1491
2653
2654
2176
2362
2800
2815
4462
1696
3199
2322
1354
1353
1807
19
3990
3696
3558
1250
4039
3633
775
1555
461
1783
1784
1235
420
3238
1530
14
2242
4043
3629
1792
499
3132
2148
3844
3754
4344
2459
2947
38
3655
255
574
1963
794
606
1964
4224
2108
465
4494
2488
1940
2419
4276
645
1117
1923
1074
1073
952
1924
3039
3965
923
2862
4595
4545
4070
3521
934
1514
1513
1477
2822
4417
1009
3561
3888
3917
4007
4388
674
3571
4481
4088
4117
1467
4436
4565
2109
2872
3870
1427
4370
1008
4167
4219
3735
3010
1063
572
1064
3506
3005
18
2401
368
4493
1836
1974
4223
1023
2052
1024
1973
2017
3281
3086
698
2469
4205
1040
4489
2943
2944
3439
4606
4005
1967
3915
808
563
4415
4228
2920
833
4579
4498
3967
4091
567
1114
1113
2960
1077
1927
4079
2508
818
2059
2838
3151
1842
484
180
1517
2541
3657
921
4083
1474
1473
4384
2088
2019
969
3884
4383
3301
3883
3611
959
4207
1463
1464
4084
3106
3879
3486
2985
3737
2069
4165
4379
1440
988
1423
1424
2452
2912
2381
2970
568
4391
665
1895
3891
1067
1977
776
1027
349
2014
2013
2849
4115
520
2509
1991
4520
3178
3395
1398
4441
4048
1175
4561
2349
2698
3638
3272
2031
448
2556
2725
3582
16
4190
375
425
364
2236
2765
2881
2412
191
3594
3593
3146
1180
416
534
2657
3342
284
2338
2775
36
2216
501
459
649
1650
925
1357
1635
395
1804
1803
1125
3971
3179
4541
821
1296
4591
4532
3128
3262
1091
1787
3168
3222
1165
2780
4348
3758
4502
3848
2387
754
2605
785
2610
2300
2646
2315
3380
233
1346
3617
3573
3307
3574
280
3375
1226
1539
31
3198
1195
1378
3283
3284
1021
1738
1971
2742
2403
1266
2404
3292
1061
78
2678
1921
1071
4130
2668
1328
52
1379
1276
96
3325
2628
2679
1961
3921
4457
1812
3800
3365
1368
2795
3564
3563
2150
766
1142
4526
2547
2135
1511
3524
3698
3523
3157
3245
1586
1716
1749
3540
1248
1482
724
1351
79
4331
3831
1958
4386
3886
989
3702
2651
1493
1102
1494
1825
346
4584
517
1029
74
1865
1781
1097
342
513
3797
4278
570
910
2990
1875
2434
4312
2433
518
347
2904
1997
4280
2903
1929
4152
1058
4600
4086
3055
3641
745
3030
318
2887
860
2002
230
43
2089
4031
2037
4438
1880
98
4433
1801
3795
4429
3952
1429
786
4020
1497
4226
1082
244
305
3662
1502
1093
1094
4496
2845
4274
441
3430
4273
228
1982
1900
1458
1915
2956
3455
693
2489
4269
522
680
2437
878
1993
2907
320
1994
351
3811
4320
3591
2883
2884
3820
2892
76
23
4434
2034
877
765
2033
2384
2383
1421
1666
94
2275
3693
2570
1626
1461
140
3613
3614
3689
3304
2392
3577
618
3303
4240
4046
4121
1418
3415
1762
3400
278
2011
3287
1136
3681
51
1722
3636
2407
3930
924
2718
193
2280
99
2585
32
1111
738
1316
2632
1606
1648
3846
2345
3756
4346
1332
849
2941
1772
2520
4455
2196
2699
2225
3567
1471
2544
2736
2543
2265
3527
3760
2560
3694
3153
3154
746
1399
713
1676
12
582
2058
611
260
367
3181
1002
2846
1089
1037
699
2878
4471
488
4078
4002
3912
4564
1434
1433
4412
4380
997
3880
2879
3941
4112
483
4544
4594
2828
3090
80
4080
779
2868
2029
2097
487
4378
3878
2930
564
2482
2351
2955
4231
3456
4162
958
1916
4286
1937
475
1989
2102
2493
2494
3416
1150
1798
3138
2851
2142
1547
2511
1135
3552
2586
3232
2248
1665
2071
4194
2328
136
533
2379
2276
3299
3609
961
1625
239
537
3
2368
2226
2750
668
538
2539
4556
4505
2195
2378
4189
2735
2704
2021
2703
971
4193
1757
2266
1403
1404
3149
3998
2061
4467
1675
814
1387
770
4136
3318
1605
456
1610
1680
1300
3608
1315
804
3806
4181
2346
3441
2687
3621
3212
1196
1520
3162
3228
3376
3279
1225
3981
2471
4040
1544
1543
199
1265
1560
3122
3268
2399
3936
3630
2111
3993
2645
2316
2606
4198
4576
3569
1345
3989
4246
3348
648
2332
496
2418
2796
542
2136
3559
1011
2707
1753
3041
831
1754
1407
3766
3588
695
1280
3246
1700
3994
1585
1715
3519
139
1384
1383
2421
2692
1275
3326
134
3278
4465
1570
2461
4507
100
750
798
2683
3172
2684
3840
1392
3750
4340
3366
1826
578
117
872
4220
1866
4490
790
3962
1034
1033
3873
4373
982
823
3201
492
4074
2458
2918
640
4369
1489
609
1437
4026
3869
4141
690
993
994
258
3652
660
3056
4326
3531
4202
3826
4069
2082
3251
4073
2502
2093
2094
2832
3874
1848
3732
585
4374
11
138
573
1876
3490
1934
1933
2899
2429
577
2497
3819
4076
2008
2063
4319
2064
1401
3665
308
3047
2023
974
4323
2701
973
2024
1052
176
1017
3823
3707
1469
2040
4024
3443
3444
654
3420
2939
580
3955
2467
734
525
1109
3792
2427
789
4270
3460
615
1896
4585
3470
2514
2513
2477
2853
2854
4317
859
634
2009
4288
684
1459
4023
3110
963
4324
964
3105
1108
4157
3824
4019
3876
940
1488
2986
4376
3485
1419
2117
4430
2074
909
225
1952
2073
2726
2250
643
2555
3763
430
2235
391
1242
380
2530
275
3257
20
2766
241
1148
3589
3145
3759
3537
4244
2491
2622
1818
1176
1362
3396
2662
3934
2354
1322
2353
197
115
196
1295
4537
1126
1590
3298
4138
3933
2672
3183
151
3184
1166
3192
192
1372
4452
3929
4570
749
1732
3808
2748
334
4243
2200
2215
451
1431
2776
4239
1799
3764
3690
40
3996
3207
400
1636
2125
4196
2296
876
4581
2091
4610
3253
3254
237
2165
4248
3533
1746
3534
3335
3803
426
1338
376
3350
1778
4129
152
1931
4550
1216
3938
3799
446
4133
2357
2638
201
1642
4134
1031
1728
1556
449
1779
444
294
2712
3671
769
1236
3187
415
1412
1768
396
3804
178
2180
991
236
540
2816
4533
2649
2398
2175
850
1695
663
3768
1349
411
3204
3203
619
232
728
2898
3020
4291
4559
2067
490
3043
1751
3044
977
2027
1014
143
1013
3060
4421
3957
4028
1509
4283
3705
1959
2681
3447
2463
2464
1919
1069
4279
632
1988
2440
2423
362
2424
1452
310
3667
1381
3510
3006
3505
1508
1850
1059
1835
2517
1541
174
2474
315
514
2857
2473
343
4155
4284
1088
3085
1019
1969
179
967
3828
3070
4328
4315
4589
4539
2114
2113
758
2077
780
2470
3775
108
2896
1039
532
771
1521
3477
1853
45
1854
3514
3513
694
3009
1561
947
2110
4424
2105
2485
4476
1986
168
4294
3074
325
3830
2952
3073
3117
4330
3063
4419
1010
1005
1506
3064
3008
720
4030
2047
208
4293
1281
3023
4423
1701
3024
3040
4289
845
1086
3946
916
678
3640
2443
2444
1571
480
1939
3467
4281
2420
4236
2460
3427
933
2298
892
296
3673
1672
2183
169
2184
104
1597
292
3669
620
1529
2192
1249
2732
3852
1748
4352
3742
826
1336
234
1218
1776
3200
3215
551
2799
164
1602
2636
2207
1312
841
109
3555
1558
1726
3250
1238
3530
440
3235
1766
341
2257
2145
2537
1132
2589
3626
3920
3491
1622
4052
2396
2818
3801
4186
4262
1662
1199
4131
3354
3353
3674
297
3931
2779
450
2728
839
2187
194
1712
1582
1594
1593
2768
4120
3712
549
3986
3180
3680
1146
4241
1649
3398
3175
336
1178
1816
1395
843
2695
332
1272
2204
2203
3296
1128
1262
1179
3125
3761
106
3091
3165
2253
2254
1168
1222
337
2533
812
4302
2746
2534
1342
2335
436
4524
2778
2931
2350
802
1638
3678
2642
301
3357
166
528
2850
2510
817
2006
2505
825
2835
1151
60
3474
215
1857
3473
3517
888
2085
2969
243
25
943
944
2070
4021
4146
4428
1439
4586
807
4298
3777
130
4599
3077
3114
887
960
3113
3067
590
970
1898
2020
2043
2751
2044
2060
3810
3027
3782
3821
4321
1611
2959
1681
2447
1301
3463
1106
3464
523
2988
3440
2919
985
1486
527
210
3423
3424
4604
4144
1828
2090
356
1879
3727
583
896
3097
587
154
1868
3029
4071
4478
3351
1930
385
159
464
3482
530
2916
2456
1955
659
2989
575
844
2937
3493
3102
3494
511
1055
3058
4580
482
1030
2181
929
689
4238
1846
639
442
781
4371
588
3871
4139
1878
990
4551
935
3948
4512
4143
4480
3195
4405
3378
741
3905
3226
1375
1198
4015
1750
3539
1704
3021
1703
1283
1284
1735
3266
1292
2757
3867
2149
3061
158
4367
2675
4170
840
27
2608
556
2318
2680
3984
3346
1380
1307
1573
2212
1574
2441
1687
1617
1564
4188
1563
2798
2416
4217
3983
3511
1851
2138
3142
3628
912
4519
1157
1524
2552
1523
2232
1540
3248
3979
1245
4575
3586
2665
3071
1325
3991
4067
3276
3379
3328
86
2609
2625
4257
4105
2299
3368
339
1365
1415
1796
1400
596
3418
1707
3136
1287
2559
761
2753
2041
2754
2700
2246
89
2519
635
2715
2588
4191
626
685
3421
70
1692
3619
84
4365
4179
2278
4555
47
3865
2326
3623
4017
3907
3461
3988
4407
1304
1303
4440
2366
1577
1683
1613
4183
2172
1614
1684
2376
1567
2279
4107
4255
2162
4184
2228
3624
3471
1153
1154
2122
2268
1527
299
3676
3970
3399
4065
3111
3606
655
737
1645
3316
2348
4215
283
3332
535
2569
941
614
2056
4426
2531
4148
2251
3943
3082
3502
3093
3094
868
3939
4571
485
4474
1832
2848
4296
88
4090
4233
360
2490
473
2876
3725
4229
867
1899
2934
732
2933
477
3497
3429
2826
478
1591
265
3890
156
405
2866
4390
4234
4473
1430
2201
421
719
1455
956
1918
673
592
3458
700
4469
3944
509
1668
2921
4176
2325
918
1679
2961
1609
4357
3747
1299
4124
1628
3857
3684
2812
66
2365
2564
546
664
3150
2563
1795
1416
917
836
3547
3135
1138
3715
2157
1552
2524
2523
2749
2540
1232
631
2245
2716
3691
3387
1646
3300
773
3315
1608
1318
3605
3610
2380
333
2573
1212
2307
113
2574
1441
2617
3683
4305
2375
3928
4057
2198
2738
2971
1742
2283
4123
2284
3403
3404
2292
3679
1678
4119
4549
1149
4267
524
903
4271
2875
470
355
1990
3434
3433
2929
1904
247
2997
1903
2055
4540
4590
218
2030
1887
386
3813
853
330
3002
1181
3037
3809
4338
2880
679
3089
3838
4521
445
2958
4431
955
1456
4038
4560
3814
4486
1651
3648
3785
122
1090
2825
246
160
363
2865
2781
242
410
2430
381
390
121
1201
328
2982
431
2455
1956
792
683
4096
2900
2915
633
3437
3489
251
901
2993
1907
220
2994
3643
4029
1883
1884
4420
2591
3639
4033
4290
1892
3034
3834
3033
3772
835
851
4334
447
3833
4333
862
2801
4034
1490
4538
4329
68
3818
3829
3787
406
3644
515
7
1056
1531
1251
344
401
145
205
1845
3896
4396
653
4525
1632
2648
3919
4569
1348
4446
4128
627
1569
3345
3717
3923
2772
1941
3688
3855
3225
1279
1376
2567
3520
4355
3196
3745
1228
1162
1699
3544
1736
3543
2153
3560
2154
1268
1122
3265
2527
936
2676
829
2666
886
3384
3383
4265
1278
3570
1326
3275
4055
90
2626
4307
797
644
3392
2304
289
64
1366
2577
855
2303
2613
1172
2614
2415
3924
2762
2400
69
3011
2287
1559
3407
704
1041
2722
1246
1519
3585
1588
3976
1718
905
3670
293
3280
675
1653
1654
286
3362
1800
1815
1396
3176
4362
2696
2199
830
3862
2807
3322
282
561
2558
783
4178
2238
3242
3973
2783
2784
2792
1257
1145
3969
4574
4444
1537
599
2132
650
1589
3148
2336
4443
1901
170
4180
2218
184
3926
147
4212
3620
3431
4439
3974
2602
2312
5
1207
898
3590
3126
1298
3295
4062
1183
1184
2597
287
3372
897
2529
3166
110
1192
2249
189
2745
4252
1443
1444
2571
3881
3722
939
126
4381
1420
3836
3109
4336
1460
4470
1872
4094
2010
472
2506
2005
1047
3893
3401
4393
2836
2281
3017
56
2974
3052
2973
4389
638
2086
3889
3469
688
188
743
474
3459
1947
716
3108
658
2963
1110
506
1105
4089
2964
3419
3894
1485
986
4394
565
3488
2940
2923
4093
2924
4230
4036
1470
930
2039
1
4605
1862
268
2521
1822
3646
3940
4081
4488
4517
2561
2611
722
4140
1447
369
4483
2301
2
2106
4479
2486
1985
3069
1912
3381
3452
2895
1970
4098
4491
468
1020
1043
1044
3014
1060
3013
2977
249
4566
3509
4221
1849
1943
59
1944
1070
4546
463
4515
882
1920
2439
4596
2967
124
4398
763
3898
757
2927
467
270
1960
3508
1510
1006
1505
584
3059
1838
2151
2842
54
3541
3019
1085
129
4484
3816
3088
2342
3338
1335
752
1657
3216
601
1350
1775
186
904
559
2650
2804
2803
2635
4174
4601
2262
2128
2179
3631
2787
3686
3980
1253
854
2222
1254
2168
4402
1533
1534
4041
4126
3902
4448
1780
4012
2991
128
3751
4341
670
866
3841
4169
2178
4102
4554
2395
3349
715
1698
3978
4173
2272
727
1204
1203
1725
3556
3031
435
1187
3236
938
2582
2594
2593
1881
1765
3412
291
58
2146
