703
706
703
533
913
858
913
754
4292
2127
4292
4336
3054
61
3053
3068
3053
1475
3053
3715
327
229
2972
2724
1741
1426
1741
3455
1741
2915
1741
1110
4
3
3770
3933
2291
2494
185
186
2096
1391
2096
1384
4422
4467
4422
3823
4422
3530
4422
3322
3457
3218
1873
1169
1873
2216
250
293
1874
1805
1874
2877
221
219
1917
1290
1917
2521
2450
1311
3835
3839
3835
4526
2905
4212
2910
3209
2910
3226
4335
3664
1936
4142
1936
2070
2435
4547
2435
2436
9
173
428
434
428
282
1211
1152
378
207
1442
2889
1442
2371
1442
1943
1840
4231
4035
3172
203
387
646
661
646
551
269
407
269
325
398
303
398
193
398
363
1824
2383
1824
1628
1823
1665
1823
2875
2847
2484
2847
3981
314
421
314
242
1036
1729
1036
2754
1551
10
3645
3210
3645
2935
3645
2940
1864
3868
1864
1176
1231
4219
1231
4278
1231
1383
1231
1469
1863
3786
1863
3769
1863
2961
617
544
617
451
2922
2677
322
428
322
245
3817
3536
3788
2733
3788
3797
3788
3299
2962
4366
2962
1600
4535
3569
4535
4550
326
276
326
348
1495
1496
996
3581
3498
3286
3498
3510
2811
3721
2811
990
2133
2134
2134
3716
2134
4544
8
127
141
124
908
914
908
712
908
819
3565
1670
3565
4559
2227
2228
857
757
3260
2995
3260
3283
3260
2726
2794
110
2793
2802
1568
4253
2782
2565
3244
1764
3244
1763
3244
3267
3243
1694
3220
4322
3220
2961
1528
4337
1528
1833
1756
4438
1709
4451
3525
2759
1579
2623
1579
4179
2267
2028
2267
1851
600
580
3323
3329
3323
3563
858
755
3718
981
3718
3585
4053
4099
4053
4084
3324
2474
3687
2402
3687
4496
3854
1167
3854
2141
1386
1346
4127
4194
1269
1967
1269
4069
907
914
907
713
4354
1054
3744
4226
4259
1117
3340
4568
3340
4570
2686
2406
2686
3252
2686
3489
3363
2831
3363
1681
3363
3722
67
83
3364
3076
3364
3086
4049
3951
4049
3620
1652
1241
4263
1146
50
95
4528
4535
2347
1965
2347
1351
1288
3442
1288
1666
1288
2626
4264
2958
4349
1092
3739
970
3580
1003
1546
3784
1219
1968
1219
3238
1219
3665
1219
1969
1219
4241
1708
3477
3849
1685
3285
2452
3285
3814
1194
1682
3417
1121
1193
4316
1193
3648
3374
4598
295
14
3373
3886
3672
4447
3672
3799
3672
944
1259
1967
1259
1251
2587
3261
3853
3854
3853
3855
1182
3941
1182
3176
3001
2742
3001
2742
4353
1132
3743
3604
2410
3641
4054
4118
4054
2374
2405
1007
2405
1009
2405
3366
2313
2159
2313
2160
2313
4391
2313
2443
2313
2444
2313
2366
2314
2666
2604
1166
2277
2082
2277
1416
2603
4206
2603
3456
3925
3694
2639
2304
4308
2739
4587
949
4587
2803
1339
1293
1339
2857
3575
3365
3575
4600
1578
1187
3270
3521
2545
2885
2545
2522
2545
1805
2545
2271
2545
1048
2545
2886
2545
4099
2545
1361
2545
2321
2545
1616
2545
2615
2545
4051
2545
2877
2545
2431
2545
4084
2545
2433
2545
2884
2545
3153
2545
1665
2545
4181
2545
4293
2545
1662
2545
2875
2545
2880
2545
2153
2545
1444
2545
2146
2137
2435
2240
1221
2706
3272
2706
3272
1532
1222
2189
1758
4299
4344
1252
1219
2224
1315
394
398
394
373
2729
4494
2729
3915
2223
3479
2223
3478
2223
2378
2223
4324
2223
4296
2797
3358
2797
4552
544
543
544
627
3130
1210
3685
4410
3685
1630
3685
3688
4303
2739
3247
2980
274
348
274
308
1669
3199
1669
2649
1669
3196
125
880
904
3155
2655
3155
4285
3155
3653
3155
1847
3155
3763
3155
4283
2264
3612
2264
3613
1158
1157
1790
1096
1790
2367
353
257
353
317
4125
4272
4125
2956
4125
4393
1406
1121
2263
3143
2263
3612
3327
2123
55
109
2802
2809
2802
4545
2360
1442
2360
1568
2360
1095
2360
1209
2360
3406
2360
1548
2360
3924
3714
2816
4358
3518
3748
3628
1599
4498
1599
3823
1599
1541
1599
3530
1599
2778
3858
2234
3858
2235
3858
4126
1309
1616
1309
1662
4542
3558
4542
1675
30
111
2320
4060
2320
4103
2320
4068
2320
2205
2320
4088
2320
4128
4531
3345
4592
4605
3367
1011
560
503
560
509
4615
157
2343
2205
2343
1853
2344
1382
2344
3146
4562
2448
4268
4316
4268
1464
721
720
3414
4196
3709
2814
3709
3572
3709
2816
3709
986
1197
3175
894
925
3413
3417
3413
3748
3413
1480
3413
4063
3413
4147
3413
4104
3413
2190
3413
2239
3413
4085
3413
2323
3413
2012
3413
2109
3413
2192
3413
4143
3413
1851
3413
2325
1129
1648
1129
4198
3377
1318
2592
1249
2583
2604
2583
1174
2584
1773
1891
1409
1891
1365
2758
2793
2758
3561
2758
4519
4583
3096
4583
1491
4058
1643
4058
1642
4058
2927
2370
3694
3713
3715
3927
3301
4451
4508
4451
2997
2981
2125
2317
1241
1659
1513
1202
2945
2273
2449
2273
1474
142
7
2607
1201
335
266
335
340
2274
1248
2274
3610
4304
3269
4304
2415
2385
4185
2385
1539
2385
2199
1618
3205
1618
1378
1618
3201
1618
2952
3305
1398
3305
961
3305
3531
1688
1344
1688
3918
846
865
846
773
3310
945
3310
3698
3600
2545
1619
2452
3615
1639
915
863
1308
1291
374
383
374
402
424
426
424
243
365
229
365
222
4337
4380
4337
2473
2885
3210
2885
2935
2885
2967
2761
4492
2761
3332
3837
3566
3779
2282
718
717
682
569
682
685
3057
3709
412
211
3012
3034
331
236
2035
4229
2035
1608
439
415
439
293
3783
3585
911
718
911
832
248
247
1042
1031
2721
2305
2721
3806
2721
3804
2050
2322
2050
1903
217
360
3454
2667
3454
1841
3454
3223
3453
3245
3453
4289
1877
1516
1877
3635
1913
3621
1913
1283
1914
1547
1914
1283
2949
3927
733
732
666
31
3791
4309
2870
2914
526
45
1995
1233
1995
4056
2496
1652
2496
1194
2496
1578
2496
1669
2496
4097
2496
1858
2496
1598
2496
4095
2496
1572
2496
1852
2496
4110
2496
2576
2496
4158
2496
1814
2496
4203
2496
4072
2496
1512
2496
4083
2496
4207
2496
4121
2496
2226
2496
1265
2496
1508
2496
2110
2496
1878
2496
1573
2496
1540
2496
4065
2496
4148
2496
1632
2496
1588
2496
4140
2496
4041
3391
1445
3391
1472
1171
1164
751
750
1161
2000
1161
2950
1161
4320
1161
4305
621
469
621
613
2860
1211
2860
1500
2860
1522
2860
4254
2860
2618
2860
2028
2860
4045
2860
4130
2860
1982
6
1827
1353
1827
1816
212
211
2844
1942
2844
1507
1121
2724
1121
1119
1121
1343
1121
1754
2843
1282
2843
4088
2843
4023
2843
1617
2843
4012
1867
1481
1867
1178
1095
1089
216
54
2820
2826
3098
138
3815
3821
133
3647
3467
3647
3473
4516
2532
4516
3845
1631
1807
3784
3253
950
2806
4037
2911
4037
3187
2771
4510
2771
3330
1942
4260
1942
1951
1942
3633
224
55
2938
2145
1436
1612
1436
1083
3499
4403
3499
4460
3499
3037
3003
3334
3003
4471
1897
2664
1897
3214
1897
4271
1065
1058
219
329
219
214
3004
2127
1829
2974
3068
2825
3371
4593
1191
4316
1191
3648
2890
2653
3028
2474
57
9
57
8
57
141
57
142
57
146
57
144
57
148
57
182
57
42
57
155
57
85
57
21
57
150
57
107
57
73
57
44
57
87
57
105
57
165
57
10
57
93
57
157
57
24
57
137
57
63
57
175
57
72
57
61
57
135
57
163
57
103
57
75
57
162
57
153
57
97
57
77
57
161
57
96
57
79
57
43
57
98
57
76
57
94
57
140
57
138
57
176
57
151
57
152
57
143
57
179
57
164
57
106
57
166
57
60
57
159
57
86
57
89
57
84
57
160
57
145
57
64
57
110
57
59
57
58
2476
2477
1975
2317
1975
4042
1025
1016
3961
3979
3961
2848
4097
2904
4097
3759
4097
3183
3079
4609
127
824
787
824
818
1902
1365
1902
2559
1980
4370
1980
3292
2448
2285
2448
974
4509
4511
4509
1044
469
468
3432
4361
2116
3404
2116
3126
4142
2643
4513
3842
4513
2122
2601
2852
2601
2071
2601
1887
3651
4291
2311
1587
2311
4286
2987
4336
417
331
417
232
417
332
417
333
417
330
181
1080
1073
4514
2134
3786
4308
3786
4248
3786
4330
4201
4242
3046
3061
3046
3838
3046
3349
3241
2308
3241
3000
893
894
893
794
893
745
2791
4543
2791
1459
586
459
3518
3817
3518
2764
3518
2486
3731
1090
1858
1621
1858
2396
2131
4474
1016
980
1016
1013
1515
1196
1500
1160
271
412
271
343
271
210
1965
4154
1965
1422
2466
3170
2466
2928
2466
2625
3361
2520
4397
4450
3897
4040
3897
3399
1075
3906
1075
3309
1075
4548
1075
3315
1925
1522
1925
1504
2426
3811
4485
3038
4485
4497
4485
3907
3078
4605
433
416
433
247
3321
3049
3982
3984
4447
3698
1233
1231
1785
4349
1785
1412
1861
1862
1234
1532
1234
1983
1553
2316
1553
4244
1553
1509
4400
4431
1554
3006
2522
3160
2522
2918
2522
2896
3900
143
3716
3719
3716
2487
3716
3366
1127
4272
1127
1118
1127
4428
4010
4063
4010
4104
1821
1814
1821
1512
1167
3243
1167
2283
558
505
558
513
2562
1075
2562
1072
2813
106
2814
988
2777
3552
2630
1024
4175
1828
701
703
701
488
2169
1171
2169
1581
2655
4345
602
662
602
477
3206
1657
3358
4558
3358
3581
3358
998
1689
3884
1355
3611
1355
2357
1355
3437
1770
1771
1637
2628
1330
2313
1330
2194
1330
3452
2119
1447
4306
3285
4306
4372
2188
3935
495
579
495
643
2727
2572
2727
4441
290
259
290
231
3402
1076
2294
4496
2294
4496
1760
4409
2293
1153
2282
4292
2282
2128
1744
3134
1744
2876
1743
2979
1743
2143
1743
3790
2159
2161
3536
4476
3051
1344
3051
4573
3051
3067
3051
3058
1720
4472
1720
3033
3256
1760
3256
3007
3256
3928
2767
2467
1177
2863
1177
1860
1177
1862
3329
1392
3329
3069
146
128
1213
3336
2572
4494
3397
1197
3397
3404
1214
1525
1214
3219
1214
3486
1214
2701
557
514
557
506
3977
4145
3977
3877
3977
1046
3977
1399
3977
2582
553
666
2390
2391
359
426
4100
4185
4100
1539
4100
2199
1871
1776
1871
3862
1140
1120
1289
1288
1289
2191
3856
4268
697
700
697
704
3746
2885
3746
1025
3746
2522
3746
2630
3746
1805
3746
2271
3746
1048
3746
2886
3746
4099
3746
2644
3746
1361
3746
2321
3746
4047
3746
1616
3746
2877
3746
2431
3746
1063
3746
1040
3746
4084
3746
2433
3746
2884
3746
3153
3746
1665
3746
4181
3746
2645
3746
1014
3746
1059
3746
1662
3746
1299
3746
2875
3746
2880
3746
1444
3746
2146
4356
3528
4356
4377
4356
2144
3186
4291
3186
3782
1237
3427
1557
3693
1124
1477
1124
2558
2152
1064
2152
1071
2841
1034
2841
1041
1123
4356
2538
4558
2538
2404
2538
997
149
3542
2581
1164
4347
1164
1706
1164
4246
1164
2561
2258
1515
2258
1848
562
495
562
524
914
922
914
854
1163
3672
1163
3487
1163
4418
1163
1162
4177
1306
4360
3892
2817
105
3860
2282
3860
940
144
125
2773
4502
895
721
895
903
2774
3703
187
188
2209
4068
2209
1184
1805
1583
1805
1584
1805
1804
1810
4276
1810
3419
4445
3542
4445
2286
4445
4473
1633
4514
1633
1704
598
547
598
613
1634
2782
1634
3574
2549
4187
2549
4187
2740
3028
2740
2769
932
933
932
886
2229
4149
2229
2913
2229
4234
2724
1606
2723
2394
2723
4357
2723
2400
4250
4295
2297
4478
2297
4479
791
881
791
921
791
758
597
547
1747
4195
1747
2154
4060
3451
4060
3428
3595
2071
593
571
593
518
3290
4478
3290
4479
2764
3872
2763
2137
2763
2422
2763
2138
3139
1175
813
923
813
728
813
918
3975
1042
3975
1032
3975
2845
3975
1249
1598
1360
2612
2333
1173
1163
1173
3636
937
861
937
938
1174
2584
1174
4223
1174
1866
3393
1108
711
0
173
1217
3130
1217
1216
2302
2881
2302
2876
3394
3856
3394
4189
838
878
838
850
4266
2958
455
454
2356
2398
2356
2665
4056
3629
4056
2898
4056
3433
2208
3140
2208
3613
803
920
803
866
4182
4277
4182
1106
1911
4256
1911
1453
4210
4308
4210
4295
4210
4248
4210
4330
4210
1766
4210
1765
3622
4153
3382
4037
288
50
3451
3256
3451
3479
3451
3478
2048
2354
2048
1506
3032
2524
1894
1897
1894
3149
3007
4409
1893
1886
1893
1816
2581
3352
2581
2136
2581
3346
262
261
262
223
262
226
65
81
1882
1385
1882
1510
3411
1016
2516
2517
2015
3183
471
581
266
324
266
346
266
228
2000
2950
2000
2950
2856
2922
2856
3864
2856
1380
329
216
2992
3013
966
2129
1465
1592
1465
3664
1465
4346
1465
2964
3468
3484
4095
1645
3099
137
4472
1692
4472
2292
148
168
3428
3637
4411
3316
2076
2327
2076
1272
3911
3571
1425
2892
4001
2481
3479
4307
2271
1929
2271
2228
3720
3723
3720
4595
3720
4584
2984
4352
2984
2162
2983
2126
891
899
891
776
4487
3555
2261
1410
2261
1850
4111
4127
4518
4534
3942
2722
3942
2722
2066
2890
2066
4048
2221
3744
2221
3601
2221
3745
3895
2317
3895
1516
3895
1135
1475
2808
976
4598
2026
4035
2026
1492
4608
146
4395
2294
4395
4401
4395
1153
182
184
3478
4307
267
261
267
225
267
344
2341
1845
2341
2238
948
2803
1480
1187
4161
1230
4232
2895
2945
1450
2945
1544
3446
3781
476
659
3118
4131
1115
2938
1115
2670
1115
2144
1115
3654
1100
2849
1100
1085
842
787
842
760
504
547
504
582
2177
3167
2213
1597
2213
1179
42
189
1572
1193
2214
2167
2214
3863
881
790
2769
3046
2769
4512
2690
3490
2690
1609
2690
4362
548
541
548
588
3170
2930
1806
1123
1806
4198
1390
3160
1390
2918
1390
2896
1629
2777
1629
4522
1629
2423
747
883
1697
3809
3185
4111
4406
3014
4406
4448
1119
3001
1119
3506
1119
2742
1119
2994
1119
2991
782
767
782
935
4016
3632
4016
3473
1188
3184
1188
3940
3906
3699
3906
3043
4122
1525
4122
3486
4122
2704
3710
3571
3682
3526
1294
1582
1294
2312
1293
1829
1293
2554
1293
4275
1293
1758
1293
4240
1282
1276
1702
2795
1702
1668
1159
1156
300
285
300
421
3677
4350
155
134
1658
1627
3389
1472
3389
2878
1169
1774
1169
3758
1169
2447
3337
2804
2355
2408
4106
4132
4106
4236
2951
1358
2330
1837
2330
2578
389
372
389
275
338
312
338
270
2788
4528
2788
3063
2788
4521
2233
3446
2233
3445
2233
1605
22
88
2719
3934
2234
4154
4300
4339
3160
2912
2553
3277
2554
2974
1522
1281
547
585
547
474
2127
44
3144
3178
3144
3758
3144
2447
3143
1191
2759
4501
2759
1641
2759
2401
2167
3174
2167
4230
714
180
3596
3858
3596
2385
3596
1355
3596
2500
3596
4256
3596
2386
3596
3859
3596
4014
3596
1240
3596
4061
3596
2384
3596
4189
3596
4074
3596
4133
3596
2424
3596
1529
3596
1395
3596
2614
3596
4180
3120
4145
1562
2356
1562
1966
1562
1405
1562
4363
1562
4145
1562
1373
1562
1391
1562
1371
1562
2861
1562
2864
1562
3134
1562
1384
1562
3135
1562
3412
543
531
543
663
2968
3528
3103
2466
3492
3504
1621
4265
965
3375
1466
3812
1466
1710
1466
2741
1466
2749
1466
3813
3104
1562
3104
3877
3778
3296
529
37
4297
1120
864
875
864
901
2075
3595
2075
1502
4427
4452
1661
2498
3951
1503
3951
3626
3951
2203
1426
3460
2979
4453
2928
1724
4534
3908
4534
3843
3484
2528
3484
3250
3484
2510
3483
4319
213
212
2080
2328
2080
3747
1837
1300
1889
1361
1889
2431
397
303
397
196
245
244
3507
3513
3087
4604
2830
4593
304
290
3661
1756
3661
1755
3661
3789
3661
3313
3661
1757
3661
3926
2855
2464
2855
2222
2016
3466
2515
2517
33
114
1131
1466
1131
2679
1131
3228
1131
1742
2500
2616
211
33
742
856
742
737
2946
2685
3445
3207
1448
1330
980
4563
980
3771
980
4571
980
2973
1116
2938
1116
2670
1116
2144
1116
3654
906
919
906
758
377
387
377
199
1601
3921
1311
3241
1311
3945
1311
1656
1311
2196
1311
3482
427
428
427
244
13
81
3812
4449
3812
4449
3780
4394
1671
2289
1671
3289
1671
2290
2065
1479
2065
2451
885
857
885
858
885
753
856
739
2191
3622
2191
3754
2191
2929
2731
3305
2731
3309
2731
4520
2731
3315
2978
3667
1476
4166
975
4612
787
817
787
835
2025
2619
2025
1407
1341
2223
3107
1100
723
722
2480
4001
2480
2483
1948
2226
1948
1588
847
723
847
809
3832
4557
3832
4550
323
227
323
334
2932
3222
2932
2668
2932
4105
3774
2959
4332
3276
3726
3856
3726
3596
3726
1453
3726
1566
3726
3993
3726
2043
2115
2012
2115
2109
2100
2492
3487
3310
3487
943
2641
2475
3701
3835
1833
1834
1833
1834
848
748
848
859
1261
1976
1261
4160
1834
2307
1834
1519
2999
2128
4425
3505
4425
3920
202
201
3503
3011
3092
3882
1066
1058
3504
3016
3504
2736
3084
3723
3084
2829
3083
3370
1221
1465
1221
2694
1221
1571
1221
2916
2475
1473
2475
4244
2475
1509
1976
1840
1976
2357
1976
3437
1026
1016
4295
2713
4295
2295
531
545
531
672
206
205
2465
4056
2465
1740
2465
2879
2465
2617
2465
1838
1966
2202
1966
1404
1966
2203
207
36
4311
1575
510
622
510
610
1076
2562
1076
1069
2425
3811
1926
2576
1926
4158
762
817
1271
2356
1271
2864
3769
4322
3045
2149
3045
1455
3045
4515
1048
3177
1048
2634
1048
2659
630
542
4151
1128
1581
2627
1581
3174
1581
2513
1711
4449
3642
3651
3642
3650
3642
3775
3773
3662
1516
4353
1516
4314
1015
978
1000
999
4032
3645
4032
2224
4032
4058
4032
1042
4032
1065
4032
4100
4032
4151
4032
1587
4032
1385
4032
4195
4032
1032
4032
1290
4032
3755
4032
1081
4032
1049
4032
2322
4032
1467
4032
4152
4032
3952
4032
4286
4032
2399
4032
1570
4032
1952
4032
4138
4032
2642
4032
2085
4032
1055
4032
1903
4032
2154
4032
1420
4032
2521
4032
1070
4032
1510
3018
4456
3018
3691
85
80
1682
4250
1682
1767
1682
2687
1682
3215
1682
1766
1682
1765
2173
2886
2173
2615
1612
3323
1612
1688
1612
4527
1612
4554
2174
1065
2174
1070
753
56
21
117
1302
2578
1302
4070
2217
3853
2217
1775
696
699
696
487
4366
3687
767
905
2656
2313
2656
2194
2656
3776
2656
2195
2809
3075
2809
1002
2809
4556
3866
2824
3866
3086
3866
3082
1356
1684
1356
1396
1208
1158
1208
3147
1208
4135
552
665
3205
3657
3210
4359
883
746
1694
166
1693
24
1786
2884
1786
2880
1549
2403
1549
2407
1549
2287
3850
4583
3850
1696
3850
4585
3850
4580
3850
3905
3850
1443
2752
4523
2752
3063
2752
4521
1229
4113
409
332
1297
2326
1297
4094
4350
3524
4350
2514
4350
4431
3740
4087
879
729
2598
4060
2598
1282
2598
1837
2598
2578
2598
1623
2598
4103
2598
4068
2598
2205
2598
4114
2598
4043
2598
4070
2598
4088
2598
4228
2598
1517
2598
2328
2598
2165
2598
1853
2598
2420
2598
1179
2598
4139
2598
2569
2598
4090
2598
4229
2598
1430
2598
1416
2598
1608
2598
1845
2598
2238
2598
1184
4260
2666
1209
1158
1209
3147
1209
4135
3334
2416
3333
4513
3333
3550
4216
1528
4216
1836
4216
4279
3922
4397
3922
4424
167
2808
2519
4050
1208
4050
3127
150
119
2140
3779
2140
940
2289
3826
107
104
41
74
2237
4122
4256
2912
4256
2896
340
346
340
380
2557
2767
2557
3822
2557
4505
2124
64
1152
4264
1152
3202
1152
4309
1152
2708
1152
1342
2123
3848
3147
4135
3147
4135
731
38
3535
4432
1538
2535
1538
4004
1538
2241
1538
4116
1538
1949
1538
4115
1538
2037
1538
4141
1538
4202
1538
2009
1538
2440
1538
3946
1538
1776
1538
2567
1538
3862
3675
3920
3230
4313
3230
4423
298
47
1258
2317
1258
4147
2164
1172
3550
3066
2163
3922
2163
1526
2163
1626
2163
4412
1739
2621
1739
1086
3255
3671
4066
3186
4066
2920
4066
2939
4213
4265
1313
1312
1313
1298
1314
2314
1314
2073
1604
3540
73
172
861
115
1603
2565
1277
1511
1277
4270
3908
2812
4018
3180
4442
1037
3987
2601
4408
1599
26
101
2339
2385
2339
4074
4597
4610
4547
3078
4547
2437
2578
4211
4209
2391
4558
3580
4558
3720
4558
1000
2705
4313
2705
4325
2705
1451
2705
4369
2288
4529
2288
3552
2288
2423
4364
4406
4364
4414
4249
4305
2710
2308
2710
2309
2710
3000
3864
3865
2546
4507
2546
3350
2733
3299
2733
3299
2734
1634
2734
3904
2734
4503
2219
4151
2219
1467
2194
4304
2193
3197
4063
3629
4063
2898
4063
3433
1717
2797
1717
3317
1717
2418
2259
1856
2259
1195
1587
1471
1587
2142
1587
4389
1673
1551
594
607
594
492
2182
1650
2182
1349
1674
4614
4253
2946
4253
4332
4253
1752
4253
2944
4253
4328
4253
3673
1410
1180
1405
4216
1405
4237
4059
3428
4059
2894
4059
3179
3408
2434
3156
4353
403
276
403
308
285
29
3352
1356
3352
3847
3625
3938
44
118
2647
4249
3481
3870
3481
4348
3481
3871
87
81
2386
2410
2386
2409
2386
4117
2269
1182
2269
1192
3859
4232
3859
3151
3859
2180
1664
3636
4254
2908
4254
3169
4254
3760
772
771
4185
4237
4359
1068
1663
2734
1663
1647
3616
3766
3306
2366
4064
2492
4064
4280
4064
2493
1640
3937
1640
4326
1640
3464
1624
1111
3101
3141
370
374
370
375
4363
1085
1623
1682
902
834
902
720
902
903
1347
3245
3863
1380
3863
3865
1133
2177
1133
2851
1133
2609
101
1134
1403
1134
2622
4567
3577
4567
4575
3972
2855
3972
3991
3409
972
1227
1423
1227
1216
2568
1148
49
100
4108
3194
4108
4149
4108
1593
2528
1518
4501
2785
4501
3912
4501
2418
4214
1624
4214
4277
1267
2084
1267
2399
2579
3772
852
750
884
742
884
731
884
924
884
752
507
471
507
651
507
578
2954
2955
2953
1726
3072
1098
3072
4573
3072
2815
3072
2836
1909
1487
1909
1887
624
459
3449
2968
777
774
777
776
503
502
503
657
4092
1210
1996
1476
1996
1372
4475
2494
2495
2496
2495
3136
671
30
834
726
834
923
2886
1073
3776
3655
706
708
706
556
3512
3319
1852
1196
3141
1173
2036
1858
2036
1572
2551
3553
3724
3092
2231
2620
82
4147
1220
3723
3724
931
759
931
930
647
665
479
528
48
99
1450
4397
1450
1721
1450
4412
1450
1636
1450
4424
1908
1487
1908
1582
4235
2633
4235
2631
4235
3434
3719
3087
591
16
2211
1178
2211
3423
418
434
1435
160
105
101
2442
4485
2442
3493
3438
4102
263
304
263
215
263
218
3892
2729
3892
3682
3892
4427
3892
2717
3892
3929
3892
3686
865
927
4392
4425
3022
2758
3022
3036
616
597
616
576
616
623
209
38
165
147
10
174
1291
2949
1291
2306
1291
1542
1291
3232
1291
3640
1291
3216
3062
2804
3945
1589
1096
4382
1096
1470
2839
1168
508
651
508
649
3112
1025
3112
1014
254
300
254
240
2957
4442
4145
1230
793
870
1869
4068
1869
2165
605
572
605
520
2906
3645
3331
3342
662
552
662
664
1950
4209
466
654
942
2124
1935
4179
1935
1944
2436
2438
2436
2437
2436
993
392
397
392
395
811
807
4529
2791
4477
3555
3049
3843
3049
2787
2161
3319
2161
3830
3472
2989
2121
3707
2121
960
2121
2284
801
848
801
874
93
90
2095
4115
2095
4178
667
25
3728
4019
3422
3181
28
95
4510
3837
4510
984
4510
3567
1691
1003
3947
2847
4482
1099
2998
4429
3462
4482
3462
4435
995
994
1496
3636
2171
1170
708
710
81
589
669
651
652
651
532
4237
2703
1819
1406
1819
1409
642
544
642
626
1888
3859
1888
1529
692
536
692
695
422
322
422
427
372
377
372
403
1035
1028
2042
1177
2042
2605
3038
4532
1859
4200
1050
1039
157
129
512
598
512
620
481
527
102
2202
2203
2202
2203
1317
4162
1317
4134
1317
3200
1317
2715
1317
2365
1317
2676
46
102
1607
1639
1273
4075
1273
3418
1274
4070
1274
2328
4103
1531
4103
2648
4404
4437
4404
2502
3388
1050
3319
1620
3319
4530
3319
1703
3904
951
1385
4253
4014
4037
4014
1140
4014
2315
4014
4067
4014
4089
443
448
443
301
443
447
2618
2206
2618
2029
2618
1854
4172
2942
4172
2651
4172
1560
4099
2641
4099
4212
2308
2750
863
39
2685
1381
3359
3866
554
681
554
528
414
450
3868
1172
2789
2793
2789
3561
2789
4519
4368
2774
4368
4404
2670
4377
2737
1535
2197
1497
4613
150
3566
3361
3566
987
3566
3357
2129
2834
2129
1368
1592
4376
1713
4493
1583
2660
1584
4287
1714
4493
383
190
1677
3098
1730
1042
1730
1049
4593
3901
3526
3318
3526
3537
3526
3534
3190
4224
3985
3600
3985
4007
3239
4379
550
667
4543
1004
4543
3075
4543
1680
1370
3099
1755
4438
2644
970
1360
4346
1360
3461
1360
1577
1360
4255
1360
4252
1360
2964
2643
3255
2643
1593
2643
3463
2643
3482
4258
1151
2620
4169
24
188
2599
1897
2599
1233
2599
2369
2599
4048
2599
1136
2599
4129
2599
1846
2599
4015
2599
2380
2599
1537
2309
2750
1667
1631
1667
3432
1667
3753
4563
1673
4563
3516
4563
2738
4068
3457
4068
3220
4068
3187
4461
950
4461
1634
4461
952
1320
1286
1320
4098
4582
2835
4582
3094
3576
2831
4616
155
1627
1518
1627
2485
1627
3250
1627
2510
1627
4333
2660
3774
2660
1750
4611
175
1343
4384
1344
4611
828
767
828
872
1545
1356
1545
3847
4009
2862
4009
1249
1137
1740
1137
1136
4578
4586
3899
4011
3899
3738
3899
1740
3899
1112
3899
1489
3286
3302
3369
2833
2532
3091
1240
1360
4399
4433
3548
4534
1189
1155
1189
1185
2252
1578
2252
1852
1224
4122
1224
2499
1223
4056
1223
4015
3081
3089
366
269
366
263
3501
2119
3501
975
3501
1462
4403
3042
3627
3458
4013
1100
4013
4192
4013
1331
4013
4039
4013
1082
4013
1150
4013
1108
4013
4183
4013
4184
4013
4038
4013
1090
4013
1056
3903
3886
4187
2705
29
90
4104
1214
2158
4275
1831
2951
1831
2579
1831
1896
1264
2612
1264
1635
1264
2332
1263
2603
1263
3129
4218
3192
2406
4319
1647
1634
1647
951
2481
1652
2481
1194
2481
1578
2481
1669
2481
4097
2481
1858
2481
1598
2481
4095
2481
1572
2481
2233
2481
1852
2481
4110
2481
2576
2481
4158
2481
1814
2481
4203
2481
4072
2481
1512
2481
2052
2481
4083
2481
4207
2481
4121
2481
2226
2481
1265
2481
1508
2481
2110
2481
1878
2481
1573
2481
1540
2481
3136
2481
4148
2481
1632
2481
1588
2481
4140
137
126
1323
1547
1323
2354
2352
2501
2352
4133
1324
1288
1324
2355
2664
3485
1340
2224
1340
4058
4459
2758
2663
3488
3269
2728
3386
4039
2640
1528
2640
1347
2640
2536
2640
1836
2640
4312
2640
4279
2306
4302
1363
1362
1364
1663
4197
2359
4197
2893
2616
2629
2616
4199
2624
1281
2101
1397
2101
1225
4463
3553
2623
3163
2409
3641
1260
1411
1260
2083
3568
3363
3568
1387
1565
1488
1565
2807
3632
3191
3632
3764
1244
1233
1244
4028
1243
1517
1243
2420
71
3579
1007
4011
2380
4011
4057
1525
3260
4042
3628
3901
164
1220
3461
1220
1646
1220
4252
726
19
4401
2402
3528
3311
3528
4449
3528
3312
3528
3831
3528
3702
4508
3305
4508
4520
3842
3566
4101
1231
4342
3664
3752
3180
3578
2832
1270
3129
1270
2608
4607
75
3339
1677
3339
973
3339
1485
3339
3069
3995
4009
1575
1118
3546
4537
118
1733
1065
1733
1055
1285
4051
1285
1662
1734
1049
1734
1055
3219
2704
1705
1521
1705
1533
3288
2754
4464
2769
1580
2516
1580
2515
1580
3048
1710
1711
1374
4359
1374
2940
1373
1643
1373
1642
1373
2927
1417
2761
3194
2711
3193
4206
2673
4390
1001
999
494
493
494
659
3182
4199
2674
2308
2674
2309
2674
3671
2674
2746
2717
4452
3259
2986
2408
1829
2408
2554
2408
4240
2408
1280
2156
4383
541
44
1457
1428
1457
3077
1457
4560
3650
4291
3956
3627
3956
2632
3956
3166
579
583
491
481
491
684
2908
3942
2908
4392
3442
4171
2438
3085
2438
4566
3211
3784
4492
3057
4492
4526
4075
2901
4075
3441
4075
2198
899
862
3960
2466
3960
4059
3960
4006
3960
2459
3960
1307
309
417
309
299
3666
1093
1054
1697
1054
2957
1054
3282
1054
4454
1054
1698
2022
2868
2022
2617
972
3771
972
969
972
2969
972
4571
1053
962
1053
3095
1053
1524
1053
2762
257
238
257
351
257
410
2062
1341
2062
1607
4222
3891
756
900
1839
3703
1839
2502
608
479
608
681
810
721
810
725
810
809
607
618
607
478
1954
4075
1954
1305
1953
2690
1953
3205
1953
1378
2072
1946
2072
2376
2072
2395
2449
1950
2449
1835
2449
4221
2909
2936
256
411
256
386
256
287
1498
4122
3875
4516
3875
3559
603
531
764
886
962
3861
4375
3304
3495
3006
2996
3815
2996
3519
2996
4469
119
252
292
1886
2919
114
2852
2240
2852
4142
2852
1080
2852
1637
2852
1123
2852
1341
2852
1624
2852
4235
2852
1096
2852
1607
2852
1321
2852
4113
2852
1487
2852
2367
2852
4277
2852
1353
2852
1967
2852
1067
2852
1357
2852
1502
2852
1648
2852
4198
2852
4069
2852
2497
2852
1590
2852
1748
2852
1582
2852
1816
2852
1106
2852
1232
2852
1251
2852
2312
2141
2283
2141
939
820
796
820
736
820
868
3730
3951
3730
1248
2512
976
2512
1462
2512
1460
3036
3041
3551
3341
3551
3347
3551
3343
4200
1496
4200
1494
3231
4365
926
65
4000
2611
3910
4461
3910
4465
3706
2794
1454
1545
1454
4530
2422
2489
2691
4433
2691
3298
2691
4355
4410
3544
1453
1276
4382
1079
3882
1386
3882
4597
3882
1370
3882
1685
3882
1393
3882
3885
3882
3887
3882
4598
3882
1018
3882
1686
3882
1388
3882
4602
3882
3884
3882
3883
3882
3886
3882
4600
3882
964
3882
1362
3882
2505
3882
4599
3882
1447
3882
4596
3882
4601
3721
989
949
3071
2462
2457
1998
1669
1998
4095
4077
2197
4077
1945
3171
3647
1391
4166
2888
4259
702
703
702
489
489
488
717
185
2819
2825
1012
4608
725
903
1057
2957
1057
1402
1057
3227
1057
2692
432
438
432
249
116
3042
3334
3042
4471
3042
2588
261
327
261
291
2038
1856
2038
2469
2859
1886
2859
2070
419
424
419
341
581
591
612
456
1957
2608
1957
1298
744
53
2112
1407
2112
1490
2869
3443
2869
3761
505
504
505
654
4316
3910
4316
3658
4316
1721
4316
1544
2950
1151
566
508
566
596
1906
2190
1906
1504
2331
4100
2331
4152
2935
4359
3436
2914
4160
1219
4377
3812
4377
1711
4377
2749
2049
2321
2049
1616
3161
3198
3877
2582
63
113
2472
3868
2472
3997
2472
2535
2472
2241
2472
1492
2472
4116
2472
4115
2472
2037
2472
2009
2472
2440
2472
3946
2472
1168
2472
2441
2472
2326
2472
2567
2472
4094
2472
3894
4110
3190
4110
3430
4110
3623
3121
4065
1098
4601
4156
4211
4082
3444
3095
1386
1644
1567
175
131
1643
2706
1643
3272
1643
1653
1327
1421
1327
1316
3309
3043
3309
3543
3309
3541
2667
2553
1620
1545
3599
2548
3861
141
1367
964
2576
1281
4361
2426
4361
2425
4361
3919
1660
1627
4617
142
2627
1772
3532
1463
3532
1433
784
764
784
933
4195
4242
4499
4532
4499
3834
2548
4016
2548
4063
2548
4147
2548
4027
2548
4085
2548
2028
2548
1504
2548
1418
2548
2325
2548
1849
2369
3161
2369
4226
2286
2368
2081
2233
2081
1265
739
54
3252
4319
755
52
1247
1237
1247
1534
2501
2616
4503
1603
4503
3574
1130
1466
1130
2926
1130
3228
1130
1742
3158
1292
2831
1006
3406
4172
1155
1601
1155
4366
1155
1600
1155
1419
3202
4298
981
1370
2319
3139
2319
3140
539
18
4211
2391
4211
2703
4504
3827
4504
4533
2388
1292
72
120
1600
3921
3308
4489
1615
2672
1685
73
3618
3431
1305
2640
1310
3152
1310
3148
870
826
454
453
2359
2358
2359
2358
4468
3047
3997
3853
3997
4177
3997
2167
3997
4066
3997
3863
3997
4004
3997
1856
3997
1949
3997
4044
3997
1195
3997
4141
3997
4202
3997
1176
3997
1591
3997
4096
3997
3862
3997
4178
3997
1775
1670
1690
1670
3583
1670
1672
1670
1613
4061
3222
4061
2963
1737
1064
1737
1060
1789
2621
1789
1105
2566
1671
1377
3182
1377
2629
1377
3624
3129
2612
3129
2332
3129
2571
3197
2965
3197
3221
3197
4120
1414
1139
1413
3716
1413
4544
2677
2976
2677
4347
2677
1706
2677
4381
2730
2310
2713
3852
2713
4443
2714
3800
712
177
2755
1401
2755
1524
4251
3677
4251
3254
4251
3785
4603
89
2526
3132
2190
1148
357
240
357
376
2239
2887
740
878
200
169
3937
1451
681
684
681
527
2337
4100
2337
1952
2658
1164
2389
2388
3355
4572
1206
3244
1206
3206
1206
3653
1206
3763
1358
3661
3330
3705
238
381
1951
2390
4247
4292
4247
3263
3233
3247
3233
2975
1719
1720
3234
2699
1788
1096
1788
1106
3127
1161
2160
2161
3553
4587
3553
2467
3554
3342
796
855
796
898
2144
2145
2143
3504
1759
2728
2596
4232
2596
3151
2596
2180
2120
1388
3167
2926
3167
1742
3213
4208
3214
3485
1397
1221
408
386
1329
3857
1329
4098
622
589
622
660
3177
1707
3177
1707
352
267
352
320
1690
3883
4135
1152
3767
2941
1769
3425
1769
3173
1769
3630
2806
107
3805
3811
2170
2928
2170
1727
2697
3271
2697
3496
2697
3279
2629
2921
2185
2685
2185
1752
4506
3331
4506
3554
1402
4442
922
714
922
833
1051
2957
1051
1402
1051
3227
1051
1038
1536
4256
1536
1529
2702
4292
2702
2999
1256
4136
1256
4028
3668
1839
311
0
4309
3285
629
553
1432
159
1946
2686
2445
3352
2445
2136
2445
3346
437
444
437
440
987
985
4523
4535
4313
4334
61
111
4027
1211
4027
3417
4027
2317
4027
1500
4027
1480
4027
1522
4027
1516
4027
4254
4027
4104
4027
4042
4027
2190
4027
2239
4027
4045
4027
2323
4027
2012
4027
2109
4027
4130
4027
1982
4027
1135
4027
2192
4027
3424
4027
4143
4027
1851
4027
3421
3958
2847
131
1499
3820
3704
2435
3704
2489
1068
4451
1068
2731
1068
4416
4153
3214
4153
3235
2671
1554
2671
1555
2671
4329
1003
1435
1004
3580
3065
973
3191
3467
1371
1116
1079
2131
1079
3258
1079
1072
1079
2130
3771
3783
3771
977
177
178
3025
3034
1731
4354
1731
1438
4552
996
4552
998
4552
2404
1028
1023
1028
1013
1978
3495
1978
1555
1978
4329
4149
2913
4149
2913
2492
2948
2103
1224
2103
2238
2621
1471
2621
2142
2621
1470
2104
1548
2104
1235
1968
1970
3699
1012
3699
1367
3699
1491
1361
1546
1361
3211
1361
3212
3827
4533
3827
4533
4154
1605
4154
3207
1928
2193
1928
2419
1928
2635
3703
3875
3703
3876
4285
3244
1078
1069
3075
3720
4327
3870
4327
4348
4327
3871
2661
3253
1979
1980
1321
2389
2484
1202
2484
1171
2484
1515
2484
2466
2484
3144
2484
1476
2484
1581
2484
1410
2484
4059
2484
1397
2484
1769
2484
1411
2484
2083
2484
1170
2484
1481
2484
2619
2484
1369
2484
2327
2484
2610
2484
1225
2484
1407
2484
1848
2484
3420
2484
1372
2484
1452
2484
1850
2484
1199
2484
1178
2484
1272
2484
3423
2484
1307
2484
4179
2484
1956
2484
1490
2484
1944
413
224
2483
1194
2483
1814
2483
2482
2483
1878
2483
2602
1046
2662
1046
1707
2889
4227
313
378
313
302
3080
1672
516
548
516
580
2837
140
4314
3778
4314
1749
4314
2994
345
331
345
349
2507
2682
2507
1963
2507
2508
1241
4299
1241
4408
1241
3236
204
19
919
881
384
198
384
387
384
308
2087
1966
2087
1384
1830
1358
1830
4208
3016
1099
4609
152
3515
3701
3515
3547
183
184
3500
1462
1855
1767
1855
3215
1518
3277
1468
1156
3664
3507
3664
3515
3664
3318
3664
3537
3664
3534
307
231
307
385
404
330
992
2832
3790
3492
2966
3016
3465
2965
1099
3323
1099
4525
1099
2506
1099
4554
4272
2986
610
652
610
473
1479
3641
1479
4191
2926
2679
3425
4119
1428
3369
832
854
4025
4058
4025
4138
984
983
983
84
259
309
795
738
795
850
795
741
1032
1024
3954
4038
2045
1290
2045
1903
2711
1760
2711
3007
2711
3287
2711
3936
2711
3680
2711
3928
3708
3568
3708
3570
1007
3901
4527
3051
1411
1219
2018
1190
2018
2010
135
6
2107
2108
2107
4107
819
183
132
4572
3718
4572
2512
4432
3876
4432
2778
4432
3556
945
2780
945
944
3949
4337
1446
2522
1446
4047
3480
3791
3480
4399
3480
2708
3480
3298
3480
1342
3480
4355
2948
1977
223
222
1932
3416
1932
1573
3115
1025
3115
2630
3100
145
4158
1277
1118
3001
1118
3010
1118
1594
2487
3084
2487
2488
3953
1568
3953
4197
1641
2546
1999
1598
1999
4095
4325
4334
4318
4387
4318
1526
4318
1527
4318
4341
2833
79
4287
4356
3825
4457
3825
4440
2834
4596
2092
1355
2092
4180
2503
4018
2504
2962
302
348
809
834
809
825
3659
1657
2084
2507
2083
2682
2083
1963
2083
2508
306
384
306
272
3663
4132
1478
4528
1478
4523
1478
3070
62
78
3475
3663
2976
2981
2976
2988
4588
3848
4588
982
2334
1442
2334
2204
2333
2709
2333
3251
2333
4281
1808
4314
4245
4299
4245
4310
4245
4373
273
302
273
328
273
205
677
510
677
637
3237
3942
3237
4425
3237
2722
1186
4174
3140
3425
3140
3756
3140
3630
545
542
545
549
3289
2766
3124
4000
3124
1585
3123
4007
240
286
3557
2801
388
316
388
260
1542
4302
2230
2450
2230
1474
198
187
2147
3331
2147
2397
2147
3335
2535
3439
2535
3192
656
540
2255
1188
2255
1468
3164
2951
3164
2579
3164
1896
3163
3639
3163
4081
2739
4443
2739
3031
2550
3599
2550
2533
3935
1280
709
710
1393
3100
1394
2735
1394
1401
1394
2762
3217
1724
2682
1964
53
112
3173
4119
3692
2810
3692
3577
3692
3328
3174
1772
636
521
636
517
1809
1484
1809
1349
837
879
837
851
625
541
686
692
686
525
1656
2711
4466
2772
4466
2772
774
899
452
626
2205
1185
2210
1623
2210
1184
2694
4342
890
754
890
849
890
897
1451
4487
1451
3503
1451
4477
1451
4495
1451
2725
1451
2463
2693
2697
1382
4262
3807
4374
2786
1565
2786
3841
4450
2734
4450
1647
1752
1753
1290
2363
3598
2481
3765
3204
1139
1120
1139
3273
1139
4417
1139
4321
4137
4217
1595
2713
123
4004
3627
4004
2934
2046
4060
2046
4114
3914
3835
4414
4447
4414
3802
4414
4448
4113
1218
3658
1636
163
156
1507
3255
1507
3945
1507
1656
1507
2196
1507
3463
1507
3482
2241
2242
900
755
1087
1374
1087
2883
4522
2791
1791
2885
1791
2884
2858
1026
2858
1078
2858
4276
2858
1064
2858
1071
2858
1034
2858
1017
2858
1086
2858
1041
2858
1060
3131
4311
3131
2155
3131
3893
4109
4245
4109
1964
486
485
2518
2519
1492
4249
1492
4174
1103
2954
1103
3188
1103
1102
1104
4363
1104
2881
3466
4249
3466
4249
2965
3269
2965
1759
2965
3268
968
4582
4163
4205
2361
1659
2361
2689
2361
4176
3968
3982
3968
3984
4497
3834
4553
3721
4553
991
4553
3077
4385
2996
4385
1381
4385
2523
2078
2083
2078
2327
4159
2242
4227
2723
4227
1473
4227
2316
979
3409
979
970
3426
3481
3426
3239
3426
3238
3426
4238
3426
3461
3426
4255
3885
4613
2925
2237
2925
1498
2925
4239
2321
1330
373
280
373
194
373
363
423
429
423
425
103
99
1484
1130
1483
1370
874
793
874
869
2499
2701
4085
1317
2829
1521
2068
1956
2068
1944
393
262
393
315
2003
1531
2897
2917
2004
3130
2004
1208
319
347
319
405
4612
72
2371
1615
264
290
264
220
2975
3497
3476
3666
2079
2539
2079
1649
1890
4254
1890
1418
354
256
354
396
4164
2906
788
787
788
761
2028
1201
978
980
978
972
2902
3190
2902
3195
2980
1535
3738
2870
3738
4057
3448
2411
3448
2413
3448
3225
4409
2148
4409
1715
4409
2781
569
686
569
483
2432
3427
4577
4585
4577
3889
3909
2811
3909
4560
3999
3739
3999
1339
3999
2221
3999
1066
3999
1015
3999
1133
3999
1035
3999
1050
3999
2644
3999
979
3999
1027
3999
2433
3999
4040
3999
2645
3999
1126
3999
4131
3999
3125
3999
1325
3999
1138
3999
1318
3999
4396
3999
1279
3999
1145
1445
3156
1445
1808
1445
1556
946
3056
4208
1511
4114
2408
3116
4067
4530
2586
3913
3073
1987
2240
1987
1232
3311
3038
3311
4497
3311
3907
4003
2611
4413
2744
3601
3198
3188
3204
595
481
595
611
112
3119
979
927
776
927
862
1185
4387
1185
1526
1185
1527
1185
4341
3294
3913
3294
3341
3294
2428
190
177
2402
4472
2402
3033
2760
4531
2760
3060
2760
2527
736
735
3293
3307
1727
4247
1727
2702
2744
2557
2744
4484
2743
4481
2743
3689
3159
2016
3159
2647
2051
3152
2051
1400
2536
2720
2536
3890
3282
4509
1767
1768
4192
1103
4192
3405
661
537
2720
3503
2720
2461
2256
1468
2256
4133
3572
3361
3572
3360
3637
3465
3637
4120
2397
3554
457
612
2329
2398
2329
2201
2329
3881
928
744
928
750
172
3390
1445
3390
2879
4047
3164
453
179
1170
2928
1170
2930
1170
2625
748
823
800
874
800
875
800
749
2871
3627
2871
2632
2871
3166
4347
2983
4347
3873
3757
1758
3757
1758
2785
2797
2861
1291
3847
1387
3847
3362
3847
1396
1160
3651
1160
3650
1160
4387
1160
3775
4500
3911
4500
3710
4500
2135
3522
3832
3522
3827
1144
1667
1144
2373
2821
2828
1143
1353
1143
1648
1120
2426
1120
3805
1120
1574
1120
3919
458
24
1596
4388
3562
2814
3562
3356
382
192
382
363
75
171
1777
2446
1777
1725
1630
1629
1813
1128
1814
1575
1814
2155
1814
3893
1337
4043
1337
4139
691
698
691
487
3169
2185
1655
3047
641
661
641
496
641
619
1389
4582
1389
2132
652
604
652
585
536
14
2770
1367
2637
4137
2637
2417
2637
2680
502
532
502
601
2206
2654
2689
3248
2358
3667
951
2817
17
114
3549
3066
1740
1741
4045
4082
4045
4091
3297
3820
279
274
279
202
279
403
497
496
497
584
3229
2972
3229
4384
1724
4246
1724
2561
1723
1163
2747
2159
2747
3306
2747
2160
402
306
402
382
3635
4102
2290
3826
358
349
1764
4455
2139
2819
2139
2518
2139
3074
672
587
672
631
672
474
672
468
1763
4455
2595
2869
2595
2555
729
36
493
630
493
552
2393
2922
2393
3864
2393
1380
710
711
710
40
2394
3018
3302
4403
3302
4460
3302
3037
3612
1181
705
706
768
836
555
591
676
687
676
683
1205
2511
1205
3398
1210
2655
1210
1152
1210
3763
1210
4283
657
669
3356
3361
3208
2417
2451
2227
2451
1929
2451
1930
2911
3220
2382
2393
2382
2216
687
692
687
484
2186
1406
2186
1813
4456
3696
637
502
637
660
637
575
3152
2188
3152
4168
3152
1543
1841
4251
3538
948
1230
3247
1230
2975
1230
1971
1230
4278
1230
1383
1230
1559
171
2542
2544
2542
2543
707
708
1147
2156
1147
4385
1147
3257
1147
2157
1535
2761
1535
3701
1535
3535
1535
3914
1535
3314
1535
2776
1255
4160
1255
1660
462
625
3258
3674
1550
1549
869
870
869
799
1773
2678
1773
3652
1773
2675
1774
3178
37
92
4460
2445
111
1817
2910
1334
4152
1334
4138
1333
4177
1333
2441
3992
4003
3992
1427
3992
2387
3209
3660
3209
1564
2633
1438
498
630
498
647
498
664
3845
3356
2634
2662
2805
2817
4345
3892
3755
2910
2810
3888
3887
4616
999
1434
4418
3009
4418
944
4418
4448
3729
1517
3729
1416
4225
2691
4225
4273
4387
2294
4387
2293
4387
4401
4387
3793
4387
3678
4387
3676
4008
3605
3261
3300
3918
3340
3918
3067
1503
1404
1092
1093
1092
2650
1504
1277
3066
3566
3066
4551
3066
2122
3654
3492
3654
4453
3654
3249
3654
4419
3654
2971
4203
3155
3221
4222
1084
1083
1084
2130
1084
3674
1083
1688
1083
3051
1083
3906
1083
4548
3733
1341
3733
1357
4557
3079
4557
4565
4557
3086
4557
3582
4557
3082
759
821
4495
3704
4548
1012
4548
2770
4548
3541
4199
1844
4199
4290
4199
1569
2478
3047
4072
3762
4072
2243
4072
3429
735
734
4598
4612
3026
4499
1107
4351
1107
1482
3341
3354
4614
153
3964
2484
3964
2459
2446
3860
2446
2140
1945
2905
1945
2641
1945
2907
3796
3291
3796
3307
253
248
253
416
2118
4083
2118
2110
576
590
604
545
1487
1148
3048
3059
2032
1623
2032
1608
4573
4583
4573
1699
3959
3982
3959
4009
1045
1053
1045
1394
1045
2753
1045
3502
3581
4607
2894
3451
2007
4203
2007
2110
2893
2661
2882
3158
2411
2696
3963
3969
371
273
371
278
4168
3470
623
539
1856
4213
1856
3923
1018
1551
3516
3718
3516
2818
3015
1075
571
600
571
656
95
3000
2746
2468
3262
3649
3807
229
298
229
334
1992
1532
1992
1984
4568
4572
3872
1718
3872
4515
2099
4063
2099
1982
3734
4104
3734
2239
4372
4464
4372
3824
4372
4421
4087
4169
3076
3088
2479
2794
0
125
0
6
0
133
0
127
0
149
0
173
0
71
0
119
0
131
0
132
0
123
0
172
0
171
0
120
0
136
0
139
0
134
0
174
0
168
0
130
0
154
0
158
0
156
0
122
0
121
0
7
0
170
0
147
0
126
0
124
0
129
0
128
4511
3692
4511
1398
4511
3539
4204
1953
2428
3343
3653
3659
4118
2643
1984
2100
1984
4280
1984
2493
1983
3625
1983
1843
1983
1842
3271
2727
3660
4257
303
306
3966
1562
2840
1026
2840
1034
3794
2738
2824
3849
2824
4600
1141
4151
1141
1817
2823
97
1512
1121
120
1847
3659
214
34
2864
1953
162
139
2863
1863
2863
1863
222
53
1922
2861
1922
2589
954
2828
1072
2731
1072
2990
1072
2997
1072
4486
953
950
953
2805
3950
1502
3950
2497
3656
3668
3656
4343
3656
4340
1449
2516
1449
3059
875
793
4022
4044
4022
4202
2498
2450
2498
4263
2498
1965
2498
4161
2498
1159
2498
1976
2498
2568
2498
1831
2498
2449
2498
4160
2498
1660
2498
1479
2498
4163
2498
1484
2498
2451
2498
3152
2498
4351
2498
2108
2498
1477
2498
1474
2498
1650
2498
1482
2498
1351
2498
1094
2498
1349
2498
4146
2498
3142
2498
1400
2498
4107
2498
2865
2498
1348
2498
1815
2498
2558
2498
3148
778
927
778
773
226
413
1962
4110
1962
3136
4275
2719
4275
4391
4275
2443
760
818
1811
1813
1811
1366
15
83
920
925
920
745
3736
3615
3736
2229
2054
2271
2054
2321
1022
1021
1022
1019
1022
3511
806
733
806
924
806
868
2053
1321
2053
1357
2741
2751
227
298
1972
4136
1972
1651
3291
3304
1062
1057
35
104
3096
4599
4322
4364
4322
2468
4206
3239
4206
3238
4206
4238
3822
3325
3781
2703
321
345
321
379
2917
1450
2873
2925
2457
2598
2457
1224
2457
1597
2457
1617
2457
4128
2457
4062
816
819
2874
1131
350
239
350
410
521
577
521
650
3789
3669
628
456
1905
4254
1905
2190
1910
2522
1910
1361
4435
1436
3450
3471
1438
1061
3435
3471
2936
2684
438
439
3793
3684
2708
4372
2285
3090
3932
4183
4449
1700
4449
1701
4449
3829
2580
4202
2580
2567
2374
1639
195
185
2373
1614
2417
1451
3711
967
2001
4258
2001
3154
4453
1700
4453
1701
4453
3829
3587
3141
3587
3741
3587
2434
3587
2543
3587
1149
1408
1101
1156
3480
1156
1419
3410
1051
3405
1741
277
326
277
302
277
208
3604
3751
407
329
407
215
3277
2774
3277
1417
3277
3314
3277
4437
3277
2502
3603
2873
3313
3320
153
130
3314
4432
4242
2673
4242
3224
1639
1659
1639
4162
1639
4284
1639
3200
1639
4176
2270
1897
2270
2369
730
879
2575
3750
1409
3435
1409
2684
91
3762
4124
3133
2584
3133
4223
3133
1866
3134
1109
2260
1850
2260
1199
1794
1408
1794
1654
871
915
1793
1113
1793
1412
2565
4588
2565
2517
3227
4454
272
309
272
364
2244
1844
2244
3459
2243
2244
1782
2906
1782
1081
2709
4358
2709
4301
2709
1761
2525
1159
2525
1661
2525
2498
2525
4351
2525
1094
2525
2846
3267
2740
500
645
500
475
500
496
276
272
2220
3755
2220
1420
2756
4518
2756
2799
4301
1678
1481
1175
2323
2656
2324
2380
2324
1838
1352
3762
1352
2243
1352
3429
97
95
4454
1045
2340
4150
2340
1846
2363
2949
2363
4175
2363
3773
2363
2187
2363
3216
1306
1833
1306
1834
1306
3949
1306
2196
1306
1589
2364
4134
2364
2365
2364
2676
1616
3935
1616
3470
1686
3880
3347
3913
1101
1102
1101
1093
3695
3326
2652
1464
1566
3858
1566
2385
1566
1355
1566
3856
1566
1188
1566
4256
1566
2386
1566
3859
1566
1240
1566
1453
1566
2501
1566
1468
1566
2503
1566
1286
1566
1514
1566
2511
1566
4074
1566
3869
1566
2424
1566
1395
1566
3857
1566
4029
1566
4180
1566
4098
2377
3891
3592
2870
3592
1651
2414
3488
2413
2696
2891
2972
2891
1119
2891
1343
2891
1754
3583
3883
3584
3884
799
826
3370
4592
4351
1092
3741
4008
1190
1155
1526
4395
1758
2699
1239
2432
3851
4599
3273
4417
3273
4417
92
3607
3143
3607
3951
3607
3141
3607
1983
3607
1352
3607
3146
3607
3617
3607
1506
3607
1149
235
379
3274
3499
3274
1542
281
350
281
349
281
237
1981
1493
3317
2800
2659
1707
3385
1597
3385
4128
1319
1442
1319
4118
1388
1345
2600
1080
2600
1624
2600
4235
2600
1096
2600
2859
2600
4113
2600
4159
2600
4277
2600
1067
2600
4198
2600
4069
2600
2497
2600
1590
2600
2312
2619
1160
2615
1610
2305
3295
2688
2700
2310
3322
434
295
434
416
1359
2133
1359
4514
1359
2798
1706
3873
1706
941
3240
3666
3189
2978
1548
2628
3545
1043
1286
2377
1286
4171
1369
4205
3137
1442
3137
1568
3137
1288
3137
4349
3137
1252
3137
1095
3137
1658
3137
2355
3137
1448
3137
2191
3137
4092
3137
1667
3137
4197
3137
4101
3137
1377
3137
4118
3137
2374
3137
2373
3137
1548
3137
1235
3137
1113
3137
1077
3137
1403
3137
2622
3137
1412
3137
1751
3137
4155
3137
1649
3137
2204
3137
1523
3137
2375
3137
3924
3137
4093
1797
1113
1797
2622
1081
1073
3697
3335
3224
3476
3224
3240
1729
1020
3223
4251
2247
4103
2247
1845
1501
2658
387
200
2130
4474
805
867
805
917
3264
4400
3264
2730
3264
3524
873
835
2790
4543
2790
1459
3263
2999
2669
4296
2155
4125
1802
1484
1802
1477
3360
2520
2327
2549
2327
4167
2327
4144
3802
3014
4458
2763
889
815
889
833
889
716
4051
3164
4602
3375
2367
1076
4132
3798
4132
3795
4132
2485
1576
1612
815
854
460
624
3320
3326
3320
2524
4261
2995
4261
3283
4261
2726
3343
3073
3344
3351
827
934
827
765
4277
1103
3798
3507
3798
4405
3798
3679
1049
1039
2827
3850
2827
3090
1472
1127
312
212
312
264
1860
1664
1844
1569
1844
1569
1843
4219
1820
3417
1820
3438
2098
2384
2098
2614
83
2867
4213
4536
3568
4536
3570
316
323
316
324
822
46
957
956
399
190
399
402
1112
1426
1112
3455
1112
2915
3700
2800
3916
1168
3916
2441
3916
1591
4006
4059
4006
2455
4416
1697
4416
3282
4416
1698
2631
4354
1331
4108
324
305
324
291
2942
2688
2942
2688
1771
2585
1771
2675
1938
2386
1938
2315
4437
3551
1885
4146
1885
1815
1761
1678
231
365
231
413
2012
2920
2012
3168
2057
1379
2057
2225
348
272
4150
2887
1721
3910
379
234
1038
1037
1038
1030
3035
2479
3035
2775
429
434
429
246
4116
1214
77
167
3050
1633
3050
3338
519
462
519
609
519
588
2913
3472
2913
2747
2913
3280
2914
4422
2914
1378
317
351
317
381
2454
4445
1422
3236
2453
1550
2877
1130
4310
4344
4282
4339
1949
2390
1949
3633
1462
1447
3496
3279
2995
2737
998
1432
4166
2528
4166
4274
4166
2485
4166
2510
4166
4333
1870
3863
1870
3862
2391
1833
2391
1834
2391
3949
2391
2394
2391
3670
161
158
3843
4562
3843
1676
3336
4516
3336
4517
3753
1807
4343
3509
2901
1640
1200
2206
1200
2029
1200
1854
2431
1139
1215
4163
1215
1348
4044
3172
34
113
3218
4210
3749
3620
4339
4459
4339
3036
4339
4371
3839
3709
4171
2187
4171
1828
3312
3039
3634
3643
3602
4108
3602
1497
2295
2297
361
224
2590
1849
2126
43
669
32
613
604
613
474
3529
2764
3529
4476
2166
4128
3597
2222
2372
2363
1745
2880
1745
2146
3249
4435
39
167
1491
964
2653
2223
2654
2945
2176
1731
2176
2883
2362
1288
2362
4349
2362
1252
2362
1377
2362
1077
2362
1403
2362
2622
2362
2204
2800
2538
2800
4555
2815
2512
2815
1696
2815
2818
4462
3804
1696
3374
1696
2119
1696
1350
3199
4261
2322
2656
1354
1674
1354
3846
1353
2891
1807
3778
1807
1749
1807
2994
19
118
3990
2545
3990
3600
3696
2785
3696
3700
3696
3912
3558
3076
1250
2535
1250
4178
4039
1317
4039
3602
3633
4260
775
915
1555
4415
461
586
1783
1080
1783
2367
1784
4349
1784
1095
1235
1221
420
254
420
357
3238
4379
1530
1531
14
82
2242
1979
2242
2693
2242
1844
2242
3638
2242
4290
2242
1569
4043
1642
4043
3474
3629
4106
1792
1095
1792
3924
499
476
499
662
499
493
3132
3137
3132
2539
2148
4488
3844
3712
3754
4153
4344
4400
4344
2730
4344
2514
2459
2460
2947
3262
38
189
3655
3007
3655
3514
255
345
255
404
255
233
574
612
574
599
1963
1964
794
852
794
793
606
498
606
639
1964
3251
1964
3251
1964
4281
4224
3792
4224
3787
2108
2903
2108
2002
2108
3154
465
17
4494
3053
4494
2573
2488
3723
1940
2314
1940
3615
2419
3197
4276
1125
645
602
645
550
1117
2979
1117
2442
1117
2143
1117
3790
1923
1308
1923
1421
1074
1068
1074
1061
1073
1068
1073
1061
952
2805
1924
2323
1924
2192
3039
1354
3039
4549
3965
3979
3965
2848
923
729
2862
2224
2862
4058
2862
4201
2862
4100
2862
4151
2862
1587
2862
1385
2862
2084
2862
1290
2862
4164
2862
1817
2862
1081
2862
1049
2862
2322
2862
4152
2862
3952
2862
2399
2862
1570
2862
4220
2862
4076
2862
1952
2862
4138
2862
2642
2862
1903
2862
2154
2862
1420
2862
2521
2862
1510
4595
4606
4545
3075
4545
1679
4070
2901
4070
3441
4070
2198
3521
3302
934
935
934
905
1514
1180
1513
1520
1513
2429
1513
1519
1477
1115
2822
98
4417
1606
1009
1008
3561
4536
3888
3903
3888
1524
3888
1043
3917
1031
4007
3746
4007
2615
4007
2153
4388
3687
4388
1601
4388
1364
4388
1600
4388
1719
4388
4426
674
707
674
673
674
546
3571
3575
3571
3359
4481
2760
4088
2627
4088
3174
4088
2513
4117
4191
1467
2660
1467
4287
4436
2788
4565
3089
2109
2003
2109
1530
2109
4112
2872
1156
3870
3825
1427
1308
1427
1264
1427
1305
1427
1414
1427
2858
1427
1945
1427
1408
1427
1586
1427
1421
1427
2064
1427
3619
1427
1628
1427
1654
1427
1047
4370
3682
4370
3686
1008
4594
4167
2663
4219
1968
4219
1535
4219
4294
3735
1331
3010
3548
3010
1563
3010
2783
1063
1057
572
624
572
516
1064
1057
3506
3010
3005
3290
18
113
2401
4501
2401
4501
368
321
368
258
4493
3039
4493
3831
4493
3702
1836
1528
1836
1528
1974
1652
1974
4148
4223
2164
1023
1022
1023
2985
1023
1029
1023
2712
2052
3416
1024
1023
1024
1013
1973
1652
1973
1265
2017
1190
2017
3146
3281
3308
3281
4466
3281
2772
3086
3885
698
699
2469
3422
4205
4264
4205
4266
4205
3202
4205
2697
4205
1979
4205
3638
1040
1033
4489
1580
4489
1449
2943
2683
2943
2683
2944
1753
3439
3454
4606
161
4005
1188
4005
3752
4005
1468
4005
1286
4005
1514
4005
2511
4005
3869
4005
3857
4005
4098
1967
2202
1967
1503
3915
4491
808
923
808
851
808
727
563
497
563
500
4415
3820
4228
1222
2920
2939
2920
2939
833
717
4579
4589
4498
3913
4498
3913
4498
3354
3967
2541
4091
2430
567
581
567
578
1114
1482
1114
2558
1113
1111
2960
3487
2960
1162
1077
1069
1927
2576
1927
2882
4079
4156
4079
2073
2508
4245
818
50
2059
2451
2059
1400
2838
4192
3151
4297
1842
1843
1842
1843
484
525
180
181
1517
1627
2541
3408
2541
4008
2541
2544
2541
3988
3657
1567
921
790
4083
2011
4083
1439
4083
4170
1474
1615
1474
2889
1473
2984
4384
3001
4384
3506
4384
2742
2088
3952
2088
2085
2019
1500
2019
1480
969
2698
3884
4614
4383
2752
4383
3675
4383
3508
3301
3334
3301
1454
3301
3313
3301
1359
3883
4615
3611
4231
959
958
4207
3151
4207
2895
1463
2516
1463
2123
1463
982
1464
4388
1464
1544
4084
2902
4084
2637
3106
1136
3106
2879
3879
2393
3486
3260
2985
959
2985
1019
3737
3989
2069
1553
2069
2395
4165
2709
4165
3264
4165
3251
4379
4422
1440
3153
1440
4181
988
3091
1423
1218
1424
3726
2452
2494
2452
1505
2912
3933
2381
2313
2381
3472
2381
2747
2381
3280
2970
2159
2970
3306
568
681
568
480
4391
2716
665
28
1895
4207
1895
1508
3891
2733
3891
3512
3891
3797
3891
3299
3891
3830
3891
3810
1067
1054
1977
1978
776
863
1027
3411
1027
978
349
409
349
351
2014
1211
2014
2239
2013
1211
2013
2109
2849
1092
4115
2333
4115
2571
520
516
520
460
520
577
2509
954
2509
3349
1991
4228
1991
2420
4520
3692
4520
3533
3178
2953
3395
2607
3395
1200
1398
2810
1398
1020
4441
3915
4441
4470
4048
2410
4048
2409
4048
4117
1175
3786
1175
3780
1175
3769
1175
3231
1175
3777
1175
2961
4561
4564
2349
4045
2349
2325
2698
3880
3638
1980
3272
2989
3272
3280
2031
1514
2031
1395
448
414
2556
1499
2556
1499
2725
2461
3582
3885
16
102
4190
2652
4190
2652
375
402
375
191
425
418
425
246
364
412
364
219
364
209
364
231
2236
3952
2765
4468
2765
2478
2765
3828
2881
3765
2881
3188
2881
3644
2412
2696
191
383
3594
4163
3594
3603
3593
1145
3146
1185
1180
2552
1180
4265
416
439
416
294
534
12
2657
2194
2657
3776
2657
2195
3342
3565
284
22
2338
2385
2338
2424
2775
4463
36
116
2216
2170
2216
1501
501
646
501
645
459
21
649
555
649
655
1650
1631
1650
3432
1650
3753
925
746
1357
2193
1357
2419
1357
2635
1635
1646
395
303
395
280
395
197
1804
4287
1803
1123
1803
1748
1125
3449
1125
1132
1125
2959
1125
1750
3971
2545
3971
3123
3179
3637
4541
3579
4541
2487
4541
1009
4541
1011
821
48
1296
3748
1296
4045
4591
2820
4591
2819
4591
2821
4591
2822
4532
2121
4532
2786
3128
2900
3262
2998
3262
4398
1091
2955
1091
2650
1787
1408
1787
1105
3168
3186
3222
4105
3222
4105
1165
4088
2780
63
4348
4368
3758
1726
4502
4518
4502
3548
4502
2783
3848
103
2387
1390
2387
2197
2387
2624
2387
4075
2387
2621
2387
2329
2387
2383
2387
1316
2387
1486
2387
3418
2387
1105
2387
3419
754
753
2605
1495
2605
1494
785
932
785
763
2610
2455
2300
1048
2300
1059
2646
2933
2315
2666
3380
1035
233
232
1346
8
3617
3171
3617
3621
3573
3578
3307
4504
3307
2768
3574
2813
280
306
3375
135
1226
4004
1226
4116
1539
4216
31
99
3198
2664
3198
3214
3198
4271
1195
1181
1378
3490
1378
1609
1378
4362
1378
3322
3283
2737
3284
3032
3284
4436
1021
3516
1021
1460
1021
1350
1738
1078
1738
1086
1971
4288
2742
1713
2742
2757
2403
2421
1266
4115
1266
2326
2404
1691
2404
1001
2404
2570
3292
4415
1061
2990
1061
2692
1061
2997
1061
4486
78
2678
2585
1921
2861
1921
1379
1071
1610
4130
2639
4130
2888
4130
2638
2668
2963
1328
4061
1328
3857
52
101
1379
2656
1276
3661
1276
1511
96
88
3325
3071
2628
3892
2628
2671
2628
3196
2679
2442
1961
3740
1961
4143
3921
1557
3921
3523
3921
3690
4457
4492
1812
4276
1812
2383
3800
2740
3800
1763
3365
3849
3365
3081
3365
3582
1368
4602
2795
967
2795
2284
3564
2139
3564
955
3564
3349
3563
1098
3563
4564
3563
3348
3563
3067
2150
2659
766
765
1142
1650
1142
4146
4526
3562
4526
986
2547
2548
2547
3996
2135
1413
1511
1755
1511
4328
1511
3669
1511
3276
3524
2310
3698
3553
3698
947
3523
3693
3157
2925
3245
1567
1586
4253
1716
3708
1716
3346
1749
2991
3540
2777
3540
4529
3540
4522
1248
2667
1248
1841
1248
3223
1482
1101
724
723
1351
1618
79
74
4331
4364
3831
4538
1958
4096
1958
4094
4386
4413
4386
2744
4386
3005
3886
3861
989
86
3702
4538
2651
2688
1493
4239
1493
2923
1102
1436
1102
2966
1102
1576
1102
2736
1494
1172
1825
2431
1825
1665
346
291
4584
2830
4584
2831
4584
1008
517
516
517
461
517
614
1029
3501
1029
1021
74
1865
3868
1865
4141
1781
2885
1781
2886
1097
3645
1097
1587
342
304
342
360
513
621
513
504
513
466
3797
3801
4278
4335
570
597
570
653
910
832
910
833
910
715
2990
3017
1875
1805
1875
2875
2434
3139
2434
4200
2434
3140
2434
3612
2434
4204
2434
1190
2434
1248
2434
3613
2434
1547
2434
2574
4312
3245
2433
2640
518
600
518
609
518
463
347
331
347
350
2904
3184
1997
1397
1997
1372
4280
4360
2903
4258
1929
2364
4152
1300
1058
2692
1058
1052
4600
4609
4086
4197
4086
2373
3055
2435
3641
2706
3641
4193
745
744
3030
2289
3030
2766
318
358
318
237
2887
4264
2887
4266
2887
2701
2887
4298
860
68
2002
4258
230
229
43
116
2089
1598
2089
4148
4031
1837
4031
2578
4031
1224
4031
4043
4031
4228
4031
1429
4031
2165
4031
2420
4031
1179
4031
4139
4031
1617
4031
2569
4031
4090
4031
1416
4031
1184
2037
1855
2037
2029
4438
3815
4438
3519
1880
1390
1880
1586
98
92
4433
4466
4433
4489
1801
3619
1801
3419
3795
4274
4429
2551
4429
3706
4429
946
3952
3193
3952
3456
1429
3747
786
762
786
835
4020
3171
4020
1983
1497
2674
1497
3643
1497
3646
4226
4270
1082
1074
244
283
305
259
305
385
3662
2721
3662
2156
1502
1950
1502
1835
1502
4221
1093
1436
1093
2992
1093
3008
1093
2993
1094
1089
4496
1463
4496
1433
2845
4003
2845
1585
4274
4327
441
250
441
415
3430
3195
4273
4306
228
380
1982
1843
1982
1842
1982
3938
1900
4158
1900
1540
1458
4320
1915
1830
1915
2589
2956
3259
3455
3462
693
695
693
485
2489
2491
2489
2490
4269
2908
522
543
680
491
680
595
2437
3085
878
739
1993
1658
1993
4101
2907
4212
320
261
320
361
1994
4101
1994
1235
351
333
351
386
3811
1713
3811
1714
3811
3020
4320
2714
4320
2982
4320
3275
3591
3950
3591
4036
2883
1074
2884
1089
3820
2771
3820
3701
3820
3914
3820
3318
3820
2776
2892
2653
76
170
23
108
4434
2147
2034
3143
2034
4157
877
857
877
921
765
860
2033
1572
2033
4140
2384
3629
2384
3447
2383
1127
1421
2381
1666
4171
94
91
2275
1369
2275
1225
3693
1580
3693
1449
2570
2829
2570
4595
2570
1010
1626
1663
1626
4426
1461
1671
1461
2556
140
123
3613
1180
3614
3448
3689
3542
3689
2286
3689
4473
3304
2773
3304
4434
2392
2604
2392
2393
3577
3888
3577
4580
618
554
3303
4445
4240
2970
4046
2355
4046
2191
4046
4092
4046
4101
4046
4118
4046
1235
4046
1751
4121
1497
1418
1139
3415
2000
3415
2950
3415
1458
1762
2729
3400
2233
278
326
278
206
278
328
2011
4123
3287
2760
1136
1117
3681
3522
51
92
1722
1723
3636
2468
3636
2947
3636
4331
3636
3777
3636
4394
2407
2789
3930
4210
924
734
2718
3004
2718
4336
193
192
2280
2569
2280
4090
99
2585
2976
2585
4381
32
109
1111
3462
1111
2915
1111
1110
738
737
1316
2227
1316
1929
1316
1930
2632
2934
1606
4506
1606
3025
1606
3697
1606
3027
1606
3818
1648
1128
3846
968
3846
1488
2345
2205
2345
4090
3756
4119
4346
2977
1332
4099
1332
4181
849
857
849
881
2941
4194
1772
2678
1772
3652
1772
2675
2520
1705
2520
4579
4455
2291
4455
4475
4455
2563
2196
1656
2196
1656
2699
4462
2699
3806
2699
3819
2699
2748
2699
3338
2225
1315
3567
4603
1471
4382
2544
2314
2544
1532
2544
3615
2544
2229
2544
3139
2544
3143
2544
3951
2544
3141
2544
4200
2544
4156
2544
3140
2544
1382
2544
3612
2544
4204
2544
1984
2544
1983
2544
3133
2544
1352
2544
1190
2544
3146
2544
1248
2544
3613
2544
3415
2544
1547
2544
3608
2544
4157
2544
2073
2544
2354
2544
1506
2544
1283
2544
2574
2544
1149
2544
2010
2736
1576
2736
1576
2543
3607
2543
2434
2543
3605
2265
1852
2265
4140
3527
3310
3527
2124
3760
2185
2560
1475
2560
3344
2560
2792
3694
3331
3694
3697
3153
2361
3153
2943
3153
2683
3154
4225
746
55
1399
1051
713
882
1676
4615
12
80
582
468
2058
2224
2058
2322
611
684
260
227
260
346
260
406
367
313
367
277
3181
3457
3181
2911
3181
3187
1002
1679
2846
3132
1089
2562
1089
1084
1037
1036
1037
1394
1037
4524
1037
3502
699
703
699
534
2878
3229
2878
4257
4471
2416
488
534
4078
1548
4078
2375
4002
2450
4002
4263
4002
1965
4002
4161
4002
1159
4002
1976
4002
2568
4002
1831
4002
2449
4002
4160
4002
1660
4002
1479
4002
4163
4002
1484
4002
2451
4002
3152
4002
4351
4002
2108
4002
1477
4002
1474
4002
1650
4002
1482
4002
1351
4002
1094
4002
3145
4002
1349
4002
4146
4002
4071
4002
3142
4002
1400
4002
4107
4002
1348
4002
1815
4002
2558
4002
3148
3912
2800
4564
4570
1434
165
1433
3327
1433
2515
1433
982
4412
4439
4380
3691
4380
4402
997
1683
3880
148
2879
4259
2879
2304
3941
3930
4112
2648
483
482
4544
3087
4544
3366
4594
4604
2828
93
3090
2129
3090
2512
3090
3888
3090
4581
3090
1699
3090
3889
80
4080
4092
4080
2375
779
772
779
938
2868
1189
2029
2654
2097
4016
2097
4147
487
535
4378
2295
4378
2296
3878
1182
3878
2604
3878
2603
3878
3130
3878
1197
3878
2607
3878
1942
3878
1177
3878
1237
3878
1174
3878
1169
3878
1208
3878
3956
3878
3129
3878
3127
3878
2595
3878
1200
3878
1423
3878
2216
3878
2605
3878
2606
3878
1216
3878
1312
3878
2608
3878
3403
3878
3404
3878
3407
3878
3126
3878
1298
3878
2597
3878
1192
3878
1534
2930
3217
564
641
564
501
2482
4121
2482
1588
2351
1981
2351
4150
2955
1612
2955
3008
2955
3013
4231
3677
4231
3254
4231
3785
3456
2553
3456
3223
4162
3498
958
9
1916
2624
1916
1486
4286
3765
4286
3188
4286
3644
1937
4048
1937
4129
475
584
1989
3157
1989
3142
2102
2241
2102
4116
2493
1978
2494
3053
2494
2573
3416
3158
1150
1146
1798
3619
1798
1654
3138
4032
2851
4315
2142
4382
1547
2900
2511
4262
1135
1117
3552
2538
3552
4555
2586
2405
2586
4541
3232
3499
2248
3415
2248
2574
1665
2891
2071
2072
4194
1155
2328
2414
2328
2413
2328
2412
136
533
11
2379
4296
2276
4072
2276
1632
3299
3032
3299
4436
3299
3816
3609
1695
3609
2924
961
3900
1625
3444
239
332
537
35
3
30
3
182
3
42
3
22
3
13
3
21
3
26
3
44
3
28
3
24
3
29
3
17
3
37
3
0
3
15
3
35
3
14
3
18
3
16
3
31
3
43
3
23
3
32
3
12
3
11
3
176
3
20
3
40
3
179
3
45
3
166
3
25
3
27
2368
2802
2368
4519
2226
1315
2750
1629
2750
3688
668
26
538
23
2539
3751
4556
3720
4556
2570
4505
2467
2195
4304
2378
1832
4189
1193
2735
1346
2704
2566
2704
1499
2704
2556
2021
2001
2021
2872
2703
3525
2703
2394
2703
4458
2703
3023
2703
4357
2703
3670
971
3739
4193
1653
1757
3320
2266
1382
2266
4157
1403
1131
1404
4299
1404
4310
1404
4373
3149
3784
3149
3237
3998
3597
3998
2372
2061
2374
2061
1523
4467
4498
1675
4613
814
809
814
724
814
896
1387
3367
1387
3371
1387
2830
1387
3084
770
926
4136
3426
3318
3333
1605
3781
456
166
1610
1709
1610
1708
1610
1054
1610
3203
1680
1434
1300
2674
1300
2707
1300
3246
1300
3787
3608
3616
3608
3614
3608
3610
1315
3479
1315
2669
1315
2379
1315
4324
1315
1832
804
740
804
850
804
867
3806
3295
4181
1306
2346
1202
2346
1515
3441
4188
2687
1450
3621
3766
3212
3237
1196
2163
1196
4318
1520
1611
3162
1602
3228
1743
3376
1150
3279
3682
3279
3030
3279
3929
1225
1214
3981
2460
2471
2472
4040
3131
4040
1122
1544
4397
1544
1364
1544
1622
1544
4439
1543
3935
199
198
1265
2914
1560
3770
3122
2433
3268
2415
2399
2398
2399
2201
2399
3881
3936
3689
3630
4323
2111
4103
2111
2569
3993
4005
2645
972
2316
2984
2606
957
2606
3606
4198
1583
4198
1584
4198
1804
4576
4597
4576
2132
3569
4557
1345
144
3989
2601
4246
3004
4246
2987
3348
3355
648
555
2332
2333
496
550
496
583
2418
2800
2796
3350
542
529
542
554
2136
3708
3559
4540
1011
1008
1011
3372
2707
3792
1753
1574
3041
1715
3041
2781
831
771
831
938
1754
4384
1407
2011
1407
1439
1407
4170
3766
3770
3766
2942
3588
1373
3588
3135
695
699
695
535
1280
3301
1280
2699
3246
2710
1700
4490
3994
3598
1585
4030
1715
1716
3519
1478
139
1384
1220
1383
4288
2421
4531
2421
2790
2692
4509
2692
1697
2692
1045
1275
3604
1275
4155
3326
2788
134
3278
4375
3278
3293
3278
3291
4465
4503
4465
953
1570
1131
2461
3844
2461
2796
2461
3560
4507
3560
100
750
823
750
859
798
796
798
924
798
732
2683
2706
2683
3272
2683
4193
3172
4111
3172
3767
3172
4317
2684
2978
3840
3068
1392
3100
3750
4066
4340
3509
3366
2488
1826
1414
1826
1628
578
532
117
872
935
4220
1042
4220
1065
4220
1032
4220
1467
4220
4286
4220
1055
4220
1070
1866
2164
4490
4525
4490
2506
790
824
790
821
3962
2541
1034
1028
1033
1023
1033
1030
3873
3527
3873
2125
4373
4408
982
2823
823
47
3201
3657
492
554
492
478
4074
4227
4074
2371
4074
1943
2458
2320
2458
1282
2458
1623
2458
4114
2458
4070
2458
1517
2458
2328
2458
1853
2458
4229
2458
1608
2458
1845
2458
2238
2458
4062
2918
4385
640
544
640
452
4369
4423
1489
1187
609
603
609
580
1437
2271
1437
3153
4026
2384
4026
3869
3869
3625
3869
1842
4141
1773
4141
4223
690
696
690
691
993
3078
994
4592
258
345
258
235
258
347
3652
2960
660
670
3056
60
4326
3937
4326
3937
3531
1368
4202
3175
3826
4510
3826
3836
4069
2234
4069
2235
4069
4126
2082
4109
3251
2709
3251
2709
4073
1568
4073
3406
2502
3551
2093
3858
2093
1355
2094
1590
2094
1251
2832
77
3874
1968
3874
1969
3874
4241
3874
1646
1848
4194
1848
4317
3732
2233
3732
3136
585
545
4374
1550
4374
2454
4374
3303
11
78
138
71
573
454
573
628
573
599
1876
1516
1876
4130
3490
2720
1934
4177
1934
1949
1933
2069
1933
3135
2899
1723
2429
2307
577
548
577
603
2497
1618
3819
4500
4076
4218
4076
3439
4076
3440
2008
2241
2008
2440
2063
2890
4319
3807
4319
3808
4319
3803
2064
2943
2064
4081
1401
3545
1401
1729
3665
3668
3665
4343
3665
4340
308
204
308
328
3047
4531
3047
3060
3047
2527
2023
1500
2023
2012
974
968
974
3584
4323
2468
4323
2947
4323
4331
2701
4427
2701
2717
2701
2566
2701
1499
2701
2556
2701
1762
973
1393
2024
2619
2024
1848
1052
1045
1052
1037
176
178
1017
980
3823
3045
3707
2835
1469
4288
2040
1200
2040
3403
4024
3858
4024
2424
3443
1695
3444
4137
3444
3208
3444
2680
654
465
3420
3163
2939
3480
580
531
3955
1942
3955
1312
2467
2565
2467
4590
734
33
525
15
1109
1102
1109
1110
3792
3503
3792
2725
3792
2463
2427
4004
2427
3946
789
824
789
759
4270
1756
4270
2733
4270
1755
4270
3789
4270
3801
3460
2955
615
472
615
670
1896
3213
4585
1686
3470
2306
3470
1542
3470
3232
2514
2310
2513
4230
2477
3230
2477
4326
2853
2639
2853
2888
2853
2638
2854
2633
2854
2631
2854
3434
4317
1596
859
822
634
642
634
640
2009
3147
2009
1157
4288
1592
4288
1577
4288
2977
684
526
684
686
1459
4556
1459
1005
4023
4043
4023
4062
3110
2645
3110
1014
963
4617
4324
3256
964
4617
3105
2329
1108
1103
4157
2897
4157
2652
4157
4190
3824
3052
4019
4204
4019
3742
3876
3556
3876
3556
940
1693
1488
2285
2986
1466
4376
3535
4376
1417
4376
3314
3485
4332
3485
4328
3485
3673
1419
1557
1419
4399
1419
3523
1419
3298
1419
3690
2117
3420
2117
3431
4430
3678
2074
1949
2074
4096
909
832
909
815
909
719
225
361
1952
1953
2073
1946
2073
2376
2073
2395
2726
3297
2250
4203
2250
4072
643
667
2555
3443
2555
2924
3763
4345
430
433
430
253
2235
4154
391
399
391
289
1242
1391
1242
2432
380
297
2530
2531
275
203
275
274
275
199
3257
2721
20
74
2766
2560
2766
1558
241
285
1148
4385
1148
3933
3589
1373
3589
2225
3145
3157
3759
3940
3759
3940
3537
2771
4244
2723
2491
3578
2491
2437
2491
994
2622
1115
1818
3417
1818
1418
1176
1863
1176
1664
1362
2837
3396
1371
3396
3134
2662
1038
3934
3313
3934
1757
3934
3926
2354
2408
1322
1321
1322
2312
2353
2500
2353
4089
197
196
115
80
196
195
1295
1831
1295
3148
4537
3557
4537
1354
1126
1122
1590
4166
3298
3029
4138
1507
3933
2305
3933
4462
3933
3806
3933
3494
3933
2523
3933
4446
2672
3483
2672
2695
3183
3940
151
121
3184
2962
3184
3242
1166
2677
1166
1771
1166
1722
3192
2975
3192
2980
3192
1559
192
180
1372
1645
4452
2289
4452
3289
4452
2290
3929
3526
4570
966
4570
2810
749
901
1732
1062
1732
1399
3808
4374
2748
1633
334
297
4243
3270
4243
3286
4243
2745
2200
1304
2200
1304
2215
2167
2215
4141
451
176
1431
162
2776
3547
4239
2499
1799
2642
1799
2154
3764
3468
3690
3532
40
167
3996
2533
3207
4358
3207
4301
3207
1761
400
274
400
201
1636
2557
1636
4484
2125
42
4196
1191
2296
2297
876
937
4581
1098
4581
981
4581
973
4581
3093
2091
1240
2091
3869
4610
151
3253
4375
3253
3293
3253
3291
3253
1574
3254
4350
237
236
2165
1175
4248
4303
3533
1368
3533
961
3533
1687
1746
2153
1746
2146
3534
3333
3335
4542
3335
3062
3803
3685
426
428
426
283
1338
2197
1338
2064
376
300
3350
4547
3350
2436
1778
3853
4129
1507
152
133
1931
2226
1931
1573
4550
3364
4550
3079
1216
2242
3938
1465
3799
3009
446
414
446
310
4133
2000
4133
1458
2357
4165
2638
4259
201
200
1642
1643
1642
1643
4134
3274
1031
1024
1031
1030
1728
2595
1728
2606
1556
4353
449
450
1779
2595
1779
2597
444
252
444
446
294
13
2712
975
2712
3500
2712
1019
3671
1655
3671
2478
3671
3287
3671
3936
3671
3828
3671
3680
769
768
1236
2240
1236
4113
3187
3218
415
446
415
292
1412
1101
1768
4413
1768
2744
1768
3005
396
408
396
287
3804
3911
3804
3710
3804
2135
178
2180
4297
991
990
236
49
540
43
2816
988
4533
4542
4533
3337
2649
2671
2398
2201
2398
2201
2175
1081
2175
1070
850
855
1695
179
663
586
663
548
663
458
3768
2549
1349
1125
411
299
3204
1084
3203
4416
3203
4416
619
551
232
56
728
727
2898
4106
3020
2757
4291
3281
4291
3275
4559
2448
4559
1690
4559
3080
2067
2386
2067
4061
490
533
3043
3340
3043
3058
1751
1122
3044
3328
3044
1020
977
3099
2027
2028
1014
978
143
122
1013
4563
1013
1022
1013
2985
1013
2973
3060
2790
4421
3324
3957
4085
3957
3424
4028
3468
4028
3233
4028
3631
1509
2984
4283
3206
3705
3567
3705
3353
3705
4551
1959
4084
2681
1979
2681
2693
3447
2694
3447
1571
3447
3469
2463
3011
2464
2870
2464
1897
2464
1233
2464
4056
2464
1928
2464
1445
2464
1740
2464
2001
2464
1981
2464
1472
2464
1112
2464
4150
2464
2372
2464
2872
2464
4048
2464
1136
2464
2878
2464
2879
2464
2868
2464
3149
2464
4136
2464
1489
2464
2063
2464
4129
2464
4028
2464
1846
2464
2380
2464
1441
2464
2617
2464
4057
2464
1651
2464
1537
2464
1838
1919
1522
1919
2192
1069
1709
1069
1072
1069
3203
1069
3477
4279
1644
632
574
632
523
1988
1590
1988
1232
2440
3155
2423
2791
362
209
2424
4082
2424
4091
2424
1625
1452
3155
310
41
3667
2425
3667
3805
3667
1606
3667
3919
1381
3925
1381
2370
1381
2773
1381
4434
1381
3681
1381
4480
3510
3521
3510
2745
3006
3292
3505
2752
1508
3169
1508
4269
1508
3760
1850
1181
1059
1052
1835
4209
2517
4591
2517
2519
1541
3876
1541
3556
174
2474
3052
315
344
315
401
514
621
514
587
514
464
2857
3428
2857
2894
2857
3179
2473
4456
343
221
343
307
4155
1618
4284
2715
1088
4184
3085
1705
1019
2738
1019
1460
1969
1970
179
181
967
2837
3828
2288
3070
3866
3070
3867
4328
3278
4315
3654
4589
4592
4589
992
4589
989
4589
990
4539
2491
4539
2490
2114
4066
2114
1492
2113
2009
2113
3401
758
757
2077
1272
2077
1956
780
937
780
770
2470
1538
2470
2472
2470
2593
3775
3782
108
2896
2918
2896
2918
1039
1038
1039
1033
532
585
771
861
1521
3092
3477
4416
1853
4262
45
91
1854
1855
3514
3542
3514
2368
3513
1213
3513
4457
3513
3332
694
486
694
695
3009
2780
1561
3966
1561
2582
947
3706
947
3056
2110
2003
2110
1530
2110
4112
4424
4450
2105
1669
2105
1632
2485
4327
4476
2779
1986
4161
1986
3142
168
4294
3825
4294
4348
3074
3717
325
290
325
307
3830
3050
2952
2690
3073
1457
3073
4546
3117
1159
4330
4367
3063
3070
4419
4435
1010
3371
1010
3372
1010
3722
1005
3580
1005
1691
1005
1680
1506
1330
3064
2815
3064
3348
3008
3015
720
187
4030
1026
4030
2624
4030
4075
4030
2329
4030
1945
4030
1408
4030
4276
4030
1071
4030
1586
4030
1421
4030
2064
4030
1086
4030
3619
4030
1628
4030
1041
4030
1060
2047
2355
2047
1448
208
378
4293
1025
4293
2630
4293
2644
4293
1063
4293
1040
4293
2645
4293
1014
4293
1059
1281
3891
1281
4270
3023
2759
4423
3536
4423
3683
1701
1702
3024
3540
3040
2120
3040
1043
4289
2536
845
764
845
929
1086
1079
3946
1645
916
859
678
570
678
511
3640
3234
2443
3934
2444
3934
1571
4342
480
479
1939
2315
1939
4074
3467
3484
4281
3264
2420
1231
4236
3297
4236
2995
2460
1202
2460
1171
2460
1515
2460
2466
2460
1476
2460
1581
2460
1410
2460
4059
2460
2623
2460
3618
2460
1397
2460
1769
2460
1411
2460
2083
2460
1170
2460
1481
2460
2619
2460
1369
2460
2327
2460
1225
2460
1407
2460
1848
2460
1372
2460
1452
2460
1850
2460
1199
2460
1178
2460
1272
2460
3423
2460
1307
2460
4179
2460
1956
2460
1490
2460
1944
3427
1360
3427
3475
3427
4132
3427
4186
933
934
933
860
2298
1048
2298
1040
892
748
892
875
892
916
296
48
3673
3278
1672
4610
2183
1403
2183
1751
169
117
2184
1667
2184
1751
104
1597
1770
1597
1722
1597
2899
292
11
3669
3695
3669
3284
620
623
620
590
1529
2700
2192
1291
1249
1220
2732
2743
3852
3035
1748
3167
1748
4315
4352
3019
3742
3614
826
885
826
790
1336
2450
1336
1479
234
52
1218
4360
1218
3199
1218
1977
1218
2649
1218
3196
1776
1777
3200
3498
3215
2687
3215
2687
551
668
2799
1670
2799
4559
164
149
1602
2711
2636
2931
2207
1410
2207
1769
1312
2902
1312
2637
841
900
841
849
109
3555
3844
3555
2796
3555
3560
1558
1475
1558
3351
1726
4247
1726
2702
3250
3265
1238
1237
1238
3956
3530
3045
440
252
440
445
3235
2156
3235
3257
3235
2157
1766
4386
341
359
341
243
2257
1188
2257
3180
2145
3493
2537
1461
1132
2442
1132
3026
1132
2741
1132
1712
2589
2363
3626
2202
3920
3925
3920
3522
3491
3267
1622
1719
1622
4426
4052
4142
4052
1607
2396
4196
2818
981
2818
1483
2818
4577
3801
3819
3801
2748
3801
3338
4186
4236
4262
2163
4262
4318
1662
3442
1662
1666
1662
2626
1199
1193
4131
2596
4131
1614
3354
4553
3354
3909
3353
984
3674
1075
297
46
3931
2471
3931
2470
2779
2137
2779
2422
2779
3055
450
311
450
39
2728
3512
2728
3830
2728
3810
839
883
839
794
2187
3662
194
193
1712
4499
1582
1277
1594
3321
1594
3546
1594
3026
1594
2751
1594
3833
1593
4300
1593
2743
1593
4282
1593
1520
1593
2429
1593
1519
2768
3832
4120
4222
3712
3358
3712
4552
549
553
549
552
549
550
549
537
549
551
3986
4001
3986
2495
3986
3400
3180
3185
3180
1596
3180
2941
3680
3689
1146
3942
1146
2946
1146
4392
1146
1752
1146
2944
1146
2722
4241
4294
1649
1840
1649
4165
3398
4018
3175
2163
3175
4318
336
281
336
318
1178
1173
1816
2359
1816
2358
1816
2893
1395
1682
843
762
843
873
2695
3489
332
296
1272
1640
1272
4188
2204
4211
2203
3236
3296
3528
1128
3259
1128
4272
1128
1118
1128
4393
1262
1252
1262
1649
1179
1173
3125
1951
3125
3633
3125
1941
3761
2924
106
100
3091
85
3165
2931
2253
1480
2253
1851
2254
1578
2254
4097
1168
1167
1168
2141
1222
1465
1222
4342
1222
2537
337
279
337
400
2533
3413
2533
2860
2533
3895
2533
4016
2533
1504
2533
1418
2533
3424
2533
3896
2533
1849
812
730
812
918
812
851
4302
3301
2746
1717
2746
3024
2746
4483
2534
3995
2534
3984
1342
3285
1342
3285
2335
1405
2335
2864
436
441
436
442
4524
3288
4524
1729
4524
3044
2778
3875
2931
3208
2931
4217
2350
3418
802
747
802
794
802
866
1638
3855
3678
3532
3678
3693
2642
1115
301
310
3357
2814
166
186
528
29
2850
2688
2850
2942
2850
1560
2510
3265
817
51
2006
2009
2006
2440
2505
3098
825
807
2835
1362
1151
1764
1151
1763
1151
3491
1151
1657
60
112
3474
2689
3474
1513
3474
4176
215
214
1857
1858
3473
3233
3517
1401
888
914
888
882
2085
2507
2969
2698
243
284
25
100
943
942
944
3054
2070
2072
4021
4037
4021
1140
4021
3859
4146
3660
4146
3226
4146
1564
4428
1594
1439
4123
4586
4603
4586
987
4586
984
4586
988
807
884
807
826
4298
2587
4298
1619
4298
4411
3777
4365
130
4599
4608
3077
995
3077
992
3077
3085
3114
1377
887
62
960
4616
3113
1637
3067
1699
590
671
970
969
970
2969
1898
1830
1898
2559
2020
2872
2020
2617
2043
1861
2043
2863
2043
1860
2751
3312
2751
3831
2044
1176
2044
3894
2060
1928
2060
2892
3810
3050
3027
3034
3782
3793
3782
4430
3821
3827
3821
4533
3821
2768
4321
3796
1611
2403
1611
2407
1611
2287
2959
1594
1681
4606
2447
2446
1301
4156
1301
4204
3463
3241
1106
1091
3464
3230
523
457
523
522
523
599
2988
3527
3440
3454
2919
1546
2919
3211
2919
3212
985
87
1486
3622
1486
3754
1486
3943
527
22
210
362
3423
1770
3423
1722
3423
2899
3424
3634
3424
3162
3424
3646
4604
163
4144
4187
1828
3788
2090
1240
2090
4180
356
241
356
421
1879
4263
1879
1815
3727
2221
583
629
583
493
896
834
896
811
3097
4596
587
465
154
1868
2165
1868
1179
3029
4464
3029
3824
3029
4421
4071
1186
4071
3159
4478
949
4478
3538
4478
4505
3351
2826
1930
2364
385
309
159
136
464
658
3482
3255
3482
3255
530
182
2916
1461
2456
4031
2456
2458
2456
1597
1955
1305
1955
1945
659
666
2989
4459
2989
3036
2989
4371
575
589
844
880
844
932
2937
3242
3493
1702
3493
1099
3493
1700
3102
1279
3494
2996
511
598
511
597
511
467
1055
1051
3058
4567
3058
4561
3058
3064
4580
3373
4580
3095
4580
2120
482
526
1030
1036
1030
1029
1030
2712
1030
4524
2181
2874
2181
1366
929
933
689
692
4238
3665
1846
1206
639
647
639
644
442
415
442
251
781
769
781
936
4371
3041
588
540
3871
4368
4139
1311
1878
1808
1878
3150
990
2833
4551
3714
4551
987
4551
3360
935
836
935
936
3948
1126
4512
2139
4512
2784
4143
4224
4143
3430
4143
3623
4480
4502
3195
2674
4405
3515
3378
1194
741
856
3905
3097
3905
1687
3226
3229
1375
3923
1198
4189
1198
1395
4015
1493
1750
2968
3539
965
1704
2405
1704
4541
3021
1717
1703
2586
1283
1276
1284
2191
1284
4093
1735
1731
1735
1062
3266
3294
1292
2554
1292
2970
1292
1280
2757
3321
2757
3546
2757
3833
3867
3575
2149
4539
3061
2822
158
4367
4429
4367
4398
2675
2960
4170
3642
840
913
840
877
27
112
2608
3436
2608
1415
556
20
2318
1769
2318
1481
2680
4217
3984
3138
3984
1249
3346
3352
3346
3352
1380
2922
1380
2922
1307
3465
1307
3221
1307
4120
1573
2381
2212
1581
2212
3423
1574
3012
1574
2773
1574
2147
1574
3027
1574
4480
1574
3818
2441
4108
1687
4602
1617
2900
1564
4257
4188
3205
4188
3201
4188
2952
1563
4518
2798
1704
2416
2133
2416
4514
2416
2798
4217
2707
4217
3246
4217
3787
3983
3599
3983
2548
3983
4130
3983
1135
3983
3957
3983
4034
3983
1849
3511
959
1851
1196
2138
2435
3142
1222
3628
4167
3628
3768
3628
4144
912
895
912
896
4519
4536
1157
4306
1157
4273
1157
4233
1524
1386
2552
1595
2552
4378
2552
4248
2552
4367
1523
2223
2232
1837
2232
4139
1540
1147
3248
4300
3248
4282
3248
2732
3979
2855
1245
4016
1245
1982
4575
2129
4575
3905
3586
1133
2665
3488
3071
58
1325
1293
3991
2465
3991
2599
3991
1112
3991
2613
4067
3930
4067
3176
3276
3675
3276
3505
3276
3508
3379
1066
3328
4568
3328
3064
86
78
2609
4315
2625
1727
4257
1119
4105
4243
4105
4134
2299
1041
2299
1047
3368
1009
339
271
339
265
1365
2185
1365
4269
1415
3446
1415
3445
1415
1605
1796
2153
1796
1444
1400
3197
1400
2657
596
648
596
578
596
655
3418
3436
3418
1415
1707
1033
3136
3453
3136
4209
1287
1453
1287
1286
2559
1147
761
760
2753
962
2753
2755
2041
1174
2041
2605
2754
1345
2700
3796
2700
3273
2700
3494
2700
2523
2700
4446
2246
2001
2246
1846
89
83
2519
4578
2519
2520
635
617
635
530
2715
2454
2715
2453
2715
3303
2588
1454
4191
1593
626
451
685
686
685
482
3421
3438
3421
4087
70
90
1692
2813
3619
1116
84
82
4365
4406
4365
4414
4179
2643
2278
1984
2278
1352
4555
4558
4555
1683
47
108
3865
1164
2326
4187
2326
2663
3623
3195
4017
1928
4017
1537
3907
2795
3907
1668
3461
3656
3988
3607
4407
2162
1304
1644
1304
1836
1303
4155
1303
2204
4440
1213
4440
3332
2366
2148
2366
1716
2366
2781
1577
4376
1683
1432
1613
2827
1613
4569
4183
1058
4183
2854
2172
1078
2172
1071
1614
1631
1614
4361
1614
3667
1684
1431
2376
1553
1567
2546
1567
4501
1567
2401
1567
2473
1567
3691
1567
4402
2279
3415
2279
2010
4107
1161
4255
3656
2162
1604
2162
3024
2162
3021
4184
3402
4184
1074
2228
2669
2228
2379
2228
2378
3624
4199
3471
3273
3471
4417
3471
4321
1153
4496
1154
3242
2122
983
2268
1853
2268
4229
1527
4395
299
300
299
286
3676
3684
3970
1661
3970
4002
3399
4064
3399
4089
4065
2867
4065
1375
4065
1376
3111
4396
3606
3609
3606
956
655
538
737
34
1645
4335
1645
4219
1645
1971
1645
1469
3316
2572
3316
3915
3316
4470
2348
2399
2348
1952
4215
4273
283
45
3332
3336
535
13
2569
3642
2569
4123
941
2983
614
458
2056
2229
2056
1506
4426
1720
2531
2240
2531
4142
2531
1637
2531
1123
2531
1341
2531
1607
2531
1321
2531
1487
2531
2600
2531
2367
2531
1353
2531
1967
2531
1357
2531
1502
2531
1648
2531
1748
2531
1582
2531
1816
2531
1106
2531
1232
2531
1251
4148
3874
2251
1369
2251
1452
3943
3661
3082
3088
3502
2735
3502
3517
3093
2505
3094
3887
868
853
868
743
3939
4411
4571
4577
4571
977
4571
3585
485
536
4474
2731
1832
4445
1832
2453
2848
3991
4296
3022
4296
3521
88
4090
2015
4090
2904
4090
3759
4233
2691
360
216
2490
2438
2490
3370
2490
3573
2490
994
473
472
2876
3476
2876
4390
3725
3887
4229
4268
867
853
867
855
1899
1508
1899
1540
2934
3219
2934
3486
732
731
2933
1347
2933
4312
2933
4289
477
553
3497
3277
3429
2681
2826
94
478
529
1591
4149
1591
2913
1591
4234
265
412
265
264
265
362
3890
4487
3890
4477
3890
4495
156
405
233
405
330
2866
3175
4390
3249
4390
4419
4390
2971
4234
3194
4473
2581
1430
2082
2201
2705
421
284
421
426
719
718
1455
1456
956
176
1918
4114
1918
1617
673
708
592
519
592
515
3458
3475
3458
4132
3458
4186
700
705
700
490
4469
3821
3944
3019
509
610
509
502
509
470
1668
1565
1668
3711
1668
2284
2921
4285
2921
3653
2921
1847
4176
3248
2325
2646
2325
2200
2325
1304
918
811
918
825
1679
1435
2961
3786
2961
3786
1609
3890
4357
3018
3747
4109
1299
2477
1299
2636
1299
3165
4124
2681
1628
2891
3857
2381
3684
3308
3684
4466
3684
2772
2812
2448
2812
1676
2812
1613
66
82
2365
4243
2564
2360
2564
2362
2564
4046
2564
2846
2564
2540
546
556
664
542
3150
3156
3150
1556
2563
2509
2563
3564
1795
1624
1795
1748
1416
3426
917
856
917
738
836
66
3547
4513
3547
3549
3135
1306
1138
2177
1138
2851
1138
2853
1138
2609
3715
2820
2157
4383
1552
2498
1552
3980
2524
3911
2524
1413
2523
4446
2523
4446
2749
3311
2540
3743
2540
1658
2540
1448
2540
1667
2540
4197
2540
2374
2540
2373
2540
1113
2540
1412
2540
4155
2540
1649
2540
1523
2540
2375
1232
1230
631
42
2245
4107
2716
3003
2716
2588
3691
2765
3387
1056
1646
4422
1646
1599
3300
3316
773
887
3315
963
3315
3541
1608
1191
1318
1317
3605
2314
3605
1532
3605
3615
3605
2229
3605
4156
3605
1382
3605
1984
3605
3749
3605
3415
3605
4157
3605
2073
3605
2354
3605
1283
3605
2010
3610
3647
2380
2640
333
288
2573
3840
2573
3715
2573
3717
2573
2792
1212
4092
2307
2288
2307
4468
2307
1655
113
2574
1206
1441
3450
1441
2936
1441
3189
2617
1160
3683
3872
3683
2486
4305
2714
4305
3793
4305
4430
4305
3676
4305
2982
4305
3275
2375
4205
3928
3514
4057
4082
4057
1625
4057
2430
2198
4188
2738
3718
2971
4482
1742
1743
2283
2282
2283
1693
4123
3480
2284
1488
3403
3414
3403
1621
3404
1189
2292
2782
3679
3513
1678
3525
1678
4458
1678
3023
4119
2552
4549
2801
1149
2700
4267
4363
4267
1374
524
602
524
643
524
583
903
722
4271
3235
2875
1127
470
657
355
314
355
356
1990
1224
1990
4228
3434
4354
3433
3447
2929
3943
1904
2372
1904
1537
247
295
2997
3017
1903
2188
1903
4168
1903
1543
2055
1448
2055
1523
4540
2532
4540
3572
4540
3356
4590
2806
4590
2805
4590
3574
218
329
2030
1202
2030
1199
1887
2919
386
299
3813
3026
3813
1712
853
799
853
752
330
234
3002
1599
1181
4250
1181
4386
1181
2687
1181
1768
1181
3215
3037
3042
3809
1053
3809
2753
4338
1619
4338
3261
4338
3939
2880
1091
679
608
679
568
3089
1689
3089
3850
3089
3583
3089
4576
3838
2821
4521
4535
445
446
2958
3271
2958
3496
2958
3279
4431
4467
4431
3823
955
954
1456
1457
1456
4546
4038
3744
4038
3601
4038
3128
4038
3745
4560
3083
4560
992
4560
4566
3814
3300
4486
4508
1651
1241
3648
3290
3648
3910
3648
3658
3648
4413
3648
1721
3785
3002
122
1090
1085
2825
96
246
282
160
154
363
195
2865
2873
2781
4488
242
241
410
411
410
333
2430
3937
2430
4326
2430
3464
381
296
390
319
390
255
121
1201
2945
1201
1464
328
207
2982
3281
431
432
431
435
2455
2932
1956
2646
1956
2200
792
756
792
877
792
849
683
484
683
689
4096
2200
4096
1304
4096
2933
2900
3927
2900
4175
2900
3773
2900
3640
2900
2187
2900
3216
2915
3460
633
573
633
638
3437
4165
3489
4352
3489
4407
3489
3944
251
250
901
822
2993
3015
1907
2568
1907
1831
220
219
2994
3296
3643
3649
3643
3803
4029
4037
4029
1140
4029
4064
4029
4061
4029
2315
4029
2384
4029
4189
4029
4133
4029
1529
4029
4067
4029
4089
1883
1385
1883
1420
1884
2878
1884
1441
4420
3529
2591
1489
3639
2943
3639
2683
4033
4097
4033
4083
4290
4338
1892
3149
1892
1441
3034
3049
3034
3833
3834
3907
3033
2782
3033
1603
3033
1692
3772
4208
835
932
835
904
851
825
4334
2763
4334
3023
447
414
3833
4537
4333
3798
862
41
2801
1674
2801
968
2801
1389
2801
2807
4034
4085
4034
2323
1490
4225
1490
2903
1490
2002
4538
2121
4538
2786
4329
4370
68
91
3818
2756
3829
4490
3787
2710
406
334
3644
2954
515
600
515
625
515
588
7
1056
3410
1056
1039
1531
1151
1251
3874
344
230
344
305
401
413
401
223
145
132
205
204
1845
1206
3896
2620
3896
3635
4396
1028
4396
3917
653
671
4525
3339
1632
2628
2648
4306
2648
4215
2648
4233
3919
3012
3919
3025
3919
2756
4569
1689
4569
1389
4569
3584
1348
3182
1348
3624
1348
2921
4446
3925
4446
2370
4446
3681
4128
1166
627
453
627
628
1569
2727
1569
3496
3345
2809
3345
4545
3717
2820
3923
2552
2772
3046
2772
4512
1941
4260
3688
3544
3855
3860
3855
2140
3225
2414
1279
1146
1279
2850
1376
4213
2567
4268
3520
3529
4355
3029
3196
4261
3745
3198
1228
3956
1228
1423
1162
3310
1162
942
1699
1367
1699
3851
3544
2407
3544
2421
1736
1063
1736
1059
3543
963
2153
1111
3560
3712
2154
1109
1268
2356
1268
1966
1122
4356
1122
3774
1122
3449
1122
1750
3265
3677
3265
3002
2527
3345
936
937
936
926
2676
3274
829
768
829
936
2666
3685
2666
3807
2666
3808
2666
4352
2666
4407
2666
3944
886
69
3384
1082
3383
3139
3383
4200
4265
1595
4265
2295
4265
2296
4265
3648
1278
4263
1278
2568
3570
3576
3570
1681
3570
1396
1326
1316
1326
2064
3275
3800
4055
1514
4055
4067
90
2626
2377
4307
3269
4307
1759
4307
3268
797
796
797
735
644
630
3392
1138
2304
1132
289
183
64
114
1366
1125
2577
2869
2577
2555
855
870
855
752
2303
4201
2303
4286
2613
2870
2613
1425
2613
1928
2613
1445
2613
2001
2613
1472
2613
4150
2613
2372
2613
2872
2613
2878
2613
2868
2613
3149
2613
4136
2613
1489
2613
4028
2613
2866
2613
1441
2613
4057
2613
1651
1172
1163
1172
3780
1172
3231
1172
3777
2614
4064
2415
2445
2415
3037
3924
1076
2762
3044
2762
3040
2400
1641
2400
2401
69
88
3011
1604
3011
3021
3011
4483
2287
2789
1559
3497
3407
957
3407
3606
704
706
704
490
1041
1031
2722
1381
1246
2535
1246
3946
1519
1611
3585
1686
1588
3634
1588
3162
1588
3646
3976
2526
3976
3989
1718
1456
905
67
3670
2400
293
12
3280
2747
3280
2747
675
701
675
702
1653
4300
1653
2732
1654
1109
286
37
3362
1684
1800
2877
1800
1444
1815
2359
1815
2661
1815
2358
1396
2830
1396
2488
1396
3368
3176
4323
3176
4119
4362
2720
2696
2705
2199
4216
830
770
830
876
3862
2170
3862
1501
2807
2285
2807
2827
3322
4487
3322
3704
3322
2149
3322
1455
3322
4515
282
15
561
494
561
499
2558
1741
783
934
783
766
4178
3874
2238
2887
3242
1419
3973
2456
3973
2439
2783
2799
2784
2821
2784
3061
2792
2808
2792
2518
1257
2603
1257
1534
1145
1614
3969
1566
4574
4597
4574
4582
4444
4463
4444
3706
1537
1293
599
543
2132
1363
2132
3725
650
586
650
614
1589
3671
3148
2189
3148
2158
3148
3757
2336
1405
2336
2069
4443
2551
4443
4463
4443
2479
1901
2521
1901
1510
170
4180
3426
2218
1467
2218
1570
184
3926
1359
147
4212
2406
4212
3252
4212
2695
3620
3448
3431
2932
4439
4461
4439
4465
3974
1026
3974
3124
3974
2329
3974
1017
2602
4110
2602
4121
2312
2189
2312
2158
2312
3757
5
2
1207
3127
1207
3126
898
742
3590
3407
3126
2016
3126
2647
3126
1186
1298
2476
1298
2636
1298
3165
3295
3815
3295
1478
3295
4469
4062
3222
4062
2668
4062
4105
1183
1182
1183
1177
1184
4210
2597
3854
2597
1638
287
288
3372
4594
897
858
2529
1377
2529
1077
2529
2530
2529
3924
3166
3458
110
109
1192
2867
1192
1375
1192
1376
2249
1352
2249
2574
189
2745
3022
4252
3481
1443
1483
1443
2505
1443
2836
1443
1485
1444
1116
2571
1635
3881
2665
3722
1006
939
3243
126
4381
2981
4381
3527
1420
2909
1420
3450
1420
3189
3836
3705
3109
1015
4336
2126
4336
3873
1460
1018
4470
4491
1872
1169
1872
2597
4094
2476
4094
2931
2010
2920
2010
3168
2010
2939
472
555
472
538
2506
1677
2506
3065
2506
3563
2005
1452
2005
1490
1047
3177
1047
2634
1047
2150
3893
4125
3401
3750
4393
4428
2836
4601
2281
4593
2281
4607
2281
1003
2281
999
2281
998
2281
4595
2281
4594
2281
1006
3017
4511
3017
1044
56
104
2974
2719
2974
2444
2974
2716
3052
2509
3052
3564
2973
1673
2973
3794
4389
1084
638
455
638
628
638
522
2086
1965
2086
1976
3889
3585
3469
2537
688
693
688
694
188
743
742
474
589
474
615
3459
4338
1947
2231
1947
3424
716
715
3108
1027
658
631
2963
4162
2963
4284
1110
2966
1110
1576
1110
2736
1110
3493
506
504
506
587
506
658
1105
1091
4089
2244
4089
4124
2964
4376
3419
1130
3894
3181
1485
1393
986
985
4394
3672
4394
4418
565
507
565
567
3488
4313
3488
4325
3488
4369
3488
3266
3488
4420
3488
3520
2940
2967
2923
2237
2923
1498
4093
4172
2924
1694
2924
2283
4230
2677
4036
4069
4036
2497
1470
4389
930
824
2039
3403
2039
1192
1
185
1
67
1
50
1
55
1
187
1
65
1
33
1
41
1
49
1
48
1
46
1
177
1
183
1
62
1
53
1
34
1
39
1
19
1
38
1
180
1
36
1
52
1
51
1
115
1
169
1
70
1
47
1
66
1
68
1
69
1
56
1
54
4605
76
1862
1863
268
217
268
304
268
325
2521
4153
2521
2929
1822
1512
1822
4207
3646
1602
3940
4305
4081
2361
4488
1620
4488
4530
4488
1703
4517
4540
2561
2718
2611
1308
2611
1390
2611
2197
2611
1305
2611
1414
2611
2621
2611
1078
2611
1064
2611
2383
2611
1316
2611
1034
2611
1017
2611
1486
2611
3418
2611
1654
2611
1047
2611
1105
2611
3419
722
169
4140
2897
4140
2652
4140
4190
1447
958
369
342
369
268
4483
3540
2301
1047
2301
1060
2
185
2
50
2
55
2
187
2
22
2
33
2
13
2
41
2
49
2
48
2
46
2
29
2
177
2
183
2
53
2
37
2
0
2
15
2
34
2
39
2
19
2
14
2
38
2
180
2
36
2
52
2
12
2
11
2
45
2
169
2
47
2
56
2
54
2106
2108
2106
1348
4479
2767
4479
948
4479
949
2486
2779
1985
4161
1985
1660
3069
4567
3069
3072
1912
1390
1912
1486
3381
1325
3452
3655
2895
3253
1970
1839
1970
4340
4098
1292
4491
2560
4491
1558
468
539
468
590
1020
3355
1043
1388
1044
965
1044
1398
3014
3054
1060
1052
3013
1083
2977
3507
2977
4405
2977
3679
249
294
4566
1705
3509
3294
3509
3520
4221
3453
1849
2917
1849
4190
1943
2672
59
108
1944
2905
1944
2475
1944
2907
1070
1610
4546
3369
4546
3077
463
656
4515
4539
882
712
1920
1308
1920
2624
2439
2856
2439
2457
4596
3900
2967
2562
124
4398
946
4398
4444
763
880
3898
1339
3898
3594
757
49
2927
3474
467
653
270
213
270
264
270
343
1960
4143
1960
2325
3508
3920
1510
1147
1006
1431
1505
2563
584
668
3059
2823
1838
1300
2151
2615
2151
1063
2842
2630
2842
1040
54
111
3541
3340
3019
4410
3019
1630
3019
3688
1085
1079
1085
2650
129
4484
2767
4484
3325
3816
3695
3088
1690
3088
3584
3088
3090
3088
4574
2342
2868
3338
4500
1335
4129
1335
1838
752
928
752
925
1657
2291
1657
4475
1657
2717
1657
1762
1657
1505
3216
3234
601
472
1350
1018
1775
1777
186
904
70
559
616
559
512
2650
2131
2650
2992
2650
3258
2650
2130
2650
3008
2650
2993
2804
3081
2804
3076
2804
1675
2804
3082
2803
59
2635
2657
4174
2504
4174
2937
4174
1154
4601
4611
2262
1195
2262
2037
2128
21
2179
1570
2179
2642
3631
3191
2787
2812
3686
3030
3980
4002
1253
1252
1253
1658
854
902
854
807
2222
2369
1254
1476
1254
1411
2168
1171
2168
1170
4402
2765
1533
2281
1534
4218
1534
3439
1534
3440
4041
2882
4126
1422
3902
1182
3902
2604
3902
2603
3902
3130
3902
1197
3902
2607
3902
1942
3902
1177
3902
1237
3902
1174
3902
1169
3902
1208
3902
3956
3902
3129
3902
3127
3902
2595
3902
2393
3902
1200
3902
3879
3902
1423
3902
2216
3902
2605
3902
3878
3902
2606
3902
1216
3902
1312
3902
2608
3902
3403
3902
3404
3902
3126
3902
1298
3902
2597
3902
1192
3902
1534
3902
2594
4448
3698
1780
1080
1780
4235
4012
4060
4012
4062
2991
1713
2991
1714
2991
3020
128
3751
2411
3751
2412
3751
3225
4341
1626
670
27
866
751
866
869
3841
1363
3841
2835
3841
960
4169
1311
2178
1371
2178
2874
4102
4125
4102
4311
4554
3563
4554
1392
2395
2686
3349
3713
3349
2808
3349
2819
715
714
1698
3809
3978
1637
3978
3987
3978
4235
3978
1067
4173
3856
4173
2511
2272
2449
2272
1351
727
726
1204
1197
1204
2607
1203
2037
1203
2567
1725
2953
3556
4553
3556
3909
3031
3035
435
439
435
249
1187
2504
1187
4388
1187
2937
1187
1154
3236
3518
3236
4301
3236
3266
3236
4420
3236
3520
938
927
938
887
2582
1406
2582
2356
2582
1966
2582
1405
2582
4363
2582
4145
2582
1374
2582
1373
2582
1391
2582
1371
2582
1731
2582
1046
2582
1830
2582
2432
2582
2861
2582
1813
2582
2864
2582
1062
2582
2874
2582
1409
2582
3134
2582
2069
2582
2881
2582
1379
2582
2883
2582
2225
2582
1399
2582
1384
2582
2589
2582
1365
2582
2559
2582
2876
2582
3135
2582
1366
2594
182
2593
4035
2593
3853
2593
4177
2593
2167
2593
3863
2593
3868
2593
1492
2593
1856
2593
2575
2593
2469
2593
1195
2593
1176
2593
1168
2593
2441
2593
2326
2593
1591
2593
4096
2593
2577
2593
4178
2593
4094
1881
1414
1881
1586
1765
4386
3412
1406
3412
1374
3412
1731
3412
1046
3412
1830
3412
2432
3412
2871
3412
1813
3412
1062
3412
2874
3412
1409
3412
2069
3412
2881
3412
1379
3412
2883
3412
2225
3412
1399
3412
2589
3412
1365
3412
2559
3412
2876
3412
1366
291
259
58
102
2146
2673
2146
3476
2146
3240
