280
1914
2694
3634
2110
2886
425
1268
4532
1778
4772
2882
1359
2449
4547
2807
4751
2432
2257
4827
3131
1728
2655
2436
2723
910
288
1908
2553
1281
4424
1771
2103
4488
2625
3628
730
1147
1396
2688
2812
1784
4054
4723
1274
3249
4390
1319
4805
1392
2816
4069
95
161
345
383
452
997
739
5018
3956
2026
3799
780
3457
1527
1845
4158
1734
4303
3843
3952
903
369
2022
3432
973
1327
3257
4851
4695
2131
4927
219
1588
1725
3655
3436
417
4178
1139
700
1180
1653
3723
4137
617
2634
3110
1370
3886
3694
1481
989
4872
1474
4156
3449
1519
3807
4431
931
3882
747
463
4210
447
4440
2799
2457
1367
711
5008
2956
580
1594
4338
4519
4297
2952
663
2843
1623
3553
966
1105
3688
3812
3103
3625
1555
2628
962
2249
1091
4996
165
476
4905
1468
3816
5011
1067
4987
3445
4830
4470
1443
1979
1940
3830
340
4199
4667
4257
1194
4368
3951
3927
2021
1857
241
600
4321
3225
1155
2228
1282
3403
1772
4883
3680
2868
1405
3153
1223
2811
3639
212
4629
4701
944
1776
3508
1286
4004
145
1391
2314
1015
2431
4655
4466
2245
4891
701
4265
3132
1580
1763
1539
3136
228
1188
3765
2647
1070
3410
2234
454
2919
4763
2874
182
3998
4196
3514
938
2881
2308
4842
375
1547
4783
1096
217
4448
2225
3228
690
2403
2639
3811
2680
3868
4120
2153
3004
4039
961
2508
1092
3314
4350
4094
4285
4930
5021
4486
2445
2830
677
403
712
788
716
2951
2927
4615
596
530
2410
3234
1849
3919
936
4863
3874
1482
2514
4577
755
1059
1790
2998
823
4742
1486
60
3881
1987
932
3308
4334
3431
4416
1243
794
2132
298
25
3245
4622
4791
190
3647
2765
2136
4687
2139
2653
451
2180
2588
3728
4498
2725
250
4400
1131
2327
4795
2519
2474
3359
3778
3268
4060
2370
1634
2481
3914
505
4293
1952
4022
1843
4133
4611
158
3734
353
905
4562
2594
3845
1799
279
3527
1457
4281
2367
4998
1956
4026
1029
891
696
4076
2468
3392
3319
1249
4923
3274
3784
2091
3147
3396
386
2555
1628
3771
3281
2105
3908
2623
1037
1882
2359
4149
1449
3519
1807
3474
2268
13
4174
4672
2778
1694
3481
3370
1886
1110
2914
4108
4307
435
204
1723
3653
3180
4582
3139
466
2728
1436
3725
1655
3588
4727
975
4312
4895
4651
3327
1257
1432
4261
174
3468
1816
4705
4080
2392
2784
3091
2319
2274
4823
3555
1625
1103
85
1812
2396
2147
1688
2281
3105
2908
3623
1553
2771
123
3022
3594
2845
4526
2734
473
4325
346
3367
3026
2527
4543
3391
558
238
3286
2004
691
3776
1508
2092
4384
4901
834
4636
1639
1153
3223
1680
3405
2547
3772
4683
390
2096
1403
3155
1225
3282
307
1927
4021
3857
1951
3194
409
4867
896
4206
3940
1830
3979
4573
1000
3443
520
892
1445
3067
4144
4642
2486
2987
828
1514
4189
4514
1998
231
2790
2059
4435
2849
2482
4990
1410
3070
339
3188
1765
4787
1136
3763
3539
3580
1132
1013
4459
4691
4855
859
439
200
304
2243
2194
351
3021
2857
4767
2443
2979
2940
4479
5001
2067
4730
2391
5033
1314
2776
3092
4801
314
593
4046
867
4965
2286
698
2223
2405
1868
4992
1811
2155
2282
1228
406
3547
2772
3096
35
4887
2188
1647
870
2580
2763
2539
1245
4755
4218
4409
3243
1431
270
4104
1308
216
4364
1881
3987
753
3486
3790
3059
825
4253
3482
4663
317
1874
485
1919
3849
1234
2070
449
3461
2421
1866
1602
2444
3238
4467
4043
436
490
3122
1052
1862
1606
2379
2340
2193
5007
4779
3126
1056
4670
2758
518
2991
2224
2169
4310
4501
3717
703
2929
3005
1313
4580
3160
748
4197
3315
465
2438
2261
795
349
3820
3244
1750
4859
4666
1889
4082
4455
1617
4256
283
3177
308
2764
801
2031
3937
3741
2709
3387
1873
2218
3235
1233
4914
3875
3706
4608
2515
754
4278
1300
548
3702
1609
3224
1154
3169
4402
251
1897
3991
1404
2717
3929
926
318
423
945
4576
4203
4005
2160
341
206
1500
833
4258
2315
2003
4648
922
3421
1008
1351
3444
2461
4417
1201
2122
2238
506
135
3193
3340
3379
4633
4111
1195
3758
4879
4686
2126
4062
2387
1148
3218
2235
176
4375
4814
2875
1398
2706
3515
2702
2010
4560
1513
4487
3438
1014
385
2820
2244
3261
276
2177
4759
702
2937
3709
2741
3764
1098
2959
4345
1693
3618
1548
720
2635
2913
2087
4732
4234
3695
3473
1329
3970
1475
3297
3701
3489
411
405
2036
949
3746
4898
2262
1537
806
4604
3654
1724
1669
802
3742
887
2032
2577
2266
2992
4942
1104
570
271
2900
3569
4185
1554
3624
1209
4523
4688
5028
2497
2996
343
2560
2273
58
2783
4546
486
3462
1601
2422
817
2289
4826
1051
3121
2426
3967
3648
1861
1718
1595
188
3466
2733
3079
441
3040
3593
2489
1660
2746
4798
3262
2654
4974
1838
113
2742
3577
281
3266
4296
1217
4495
4165
1915
3959
1633
4940
694
2695
2618
3635
3913
3087
2970
2473
2701
2297
809
1337
3422
1352
2462
4073
83
2121
1202
3289
4719
4926
1844
2466
4640
3426
1735
1356
2648
2967
230
2040
2593
3733
1206
2079
4299
4136
1677
3992
214
879
3900
2569
2624
840
255
201
4221
23
3996
1785
1275
3497
3783
1529
4157
336
3560
957
921
373
3273
2500
4225
4483
3003
4748
1315
4946
818
3313
1160
1717
444
2404
2154
2609
2897
433
350
4969
2195
4870
5027
1126
4786
3056
45
3606
3862
2201
3052
1122
1238
2351
3866
3602
1461
1702
4413
3010
2513
3300
414
824
769
4161
4637
1875
2398
1706
3233
4714
4212
222
4442
2148
1235
1387
3873
982
4031
1937
1741
4274
1177
3617
4249
3889
4659
4866
4491
475
3750
1244
1820
4207
986
793
275
4981
5017
4679
4886
2056
3195
1758
4530
4770
426
2862
2606
1379
1340
1193
248
297
3201
2052
4428
777
1444
3351
1421
2602
2866
4848
4003
852
943
4554
3500
177
2313
2005
4569
835
1929
856
3404
1991
3897
503
687
4181
1169
3154
3609
1224
1764
3031
1709
4392
2889
294
4766
160
2617
4193
1261
2750
1438
3513
4010
1515
2300
4463
4047
3398
4341
2233
3148
1218
207
2873
125
760
2217
1742
4032
981
3669
4352
3724
1654
2838
3537
974
4698
4036
1019
1746
284
560
442
2660
1489
4153
4122
4077
1701
1297
3475
1970
3329
1473
595
1695
4932
1618
3548
4318
3693
2915
2633
4371
3098
1040
1593
4955
412
1079
2206
287
4740
1466
3595
4115
2844
2356
2735
61
3861
3718
1648
1967
4978
2202
3051
1121
968
4819
3601
2352
2337
268
1462
362
191
2529
4539
2785
4594
4888
2275
1624
3554
3209
335
1569
483
2677
3104
4620
2475
240
2329
1087
2548
1635
1913
4832
4472
3915
1959
3633
2098
2693
4451
662
1266
3217
4289
3032
1577
4527
179
3838
4244
2669
898
2724
1262
3036
457
2537
3660
1273
851
1027
1560
1783
3529
4788
1497
3275
3785
1996
4973
2209
2554
1900
4505
1992
3677
2104
4306
4129
3206
1733
3735
3356
1426
65
2861
2718
376
904
4840
2595
3844
4726
4919
1289
2051
3202
209
198
695
659
2601
3352
1422
3337
4894
5
4588
4839
4646
2526
3366
2851
3027
286
2061
4920
3044
3362
269
2522
2904
3620
861
718
1550
2146
2397
1100
2564
484
4175
3541
407
3968
4130
1817
4941
2142
647
1256
3326
4290
668
320
1641
4063
4447
3038
4324
432
1185
1252
3322
1437
4632
3389
1720
3650
93
4217
3183
3115
724
1375
2898
154
3373
3981
1032
1887
1113
4403
1802
115
2558
1806
4202
4704
1949
4019
1036
3974
3904
1429
735
2620
844
4540
3146
3397
2541
3564
3142
4619
310
2968
1
4794
785
2366
4027
1957
3851
1921
1658
4331
293
4739
3526
1456
208
4820
2044
301
3061
4986
1452
3522
421
1840
1879
2362
4083
199
4238
838
469
2115
232
3898
2373
2981
4397
4091
3558
3019
247
2974
2326
4042
1809
657
661
1664
178
502
2322
915
2038
2650
2183
2389
4357
2073
4566
889
4421
3982
413
1031
2415
4268
1801
267
3793
4127
750
3487
3158
1795
1304
4051
3986
467
3279
3769
234
3240
3824
1754
4072
1642
2760
2089
43
873
2583
3321
1251
4937
4708
2338
1646
482
3546
3097
862
2685
4570
4997
2220
1129
866
2287
2777
3542
443
1298
4365
3164
434
2141
186
2835
3818
4529
1748
4769
291
4105
4680
2066
2479
4754
2943
4954
2852
2440
56
2062
2
3361
303
2856
2344
2521
2769
589
2824
2240
2279
666
550
4660
1010
4250
3583
2321
3760
3089
398
1137
1585
4837
3338
4477
4522
1413
3073
1075
2982
3415
197
2014
2793
1498
4385
528
2158
2986
2487
3066
3835
1945
2818
4869
4676
4548
3852
1922
3440
1003
4854
3479
3943
1833
897
249
3062
3344
1451
3521
296
2361
3856
1926
4733
3685
1400
2546
2097
1150
4586
3220
1683
3777
2542
4938
4316
1504
4515
2008
4434
3287
3141
387
4145
2164
504
4462
3817
4300
4511
1968
4141
1541
3100
2429
3550
967
1620
59
319
2840
2452
2879
1362
4393
1044
4720
597
189
1366
2658
2957
2921
431
4639
4846
2456
4694
4192
1974
4598
3949
2019
746
4904
4381
3806
379
3802
3113
742
1373
1981
3887
4087
3375
588
1115
4228
660
1183
3720
1650
1389
3437
3185
1322
3252
1038
2809
3641
173
2664
706
970
3256
1326
3879
285
900
3840
3452
1522
1061
4407
992
459
501
783
4746
1526
3456
242
4101
3921
3957
3658
2027
1851
996
1142
4626
2817
211
4361
1564
455
4412
1397
1146
337
2100
4443
4067
733
374
4213
246
3429
2550
1904
2720
913
309
959
2437
2185
2252
103
3664
3809
2641
422
2256
348
4804
2806
2949
4949
334
1558
4055
4482
2113
2887
2802
181
1898
2375
4425
2585
875
2137
4614
3646
4737
4908
1321
3251
4760
3642
57
4980
4284
3754
1240
1824
1769
416
1279
3304
1986
1158
3795
4095
820
1487
4953
3014
1793
2498
3801
1982
937
538
741
2075
693
4559
187
2413
2451
446
717
1361
2926
220
2922
295
2833
4880
4335
4776
481
1818
4536
3748
2945
33
1164
3298
2504
1542
3008
2683
477
2150
3129
266
224
4473
2400
4833
1546
1097
399
2304
2795
3498
4014
608
1415
709
3075
2801
764
1073
372
3413
1338
2646
4808
3585
3137
1760
1089
2251
1583
2642
4860
4975
277
153
2754
2298
1141
4171
1287
4008
4309
3504
1777
196
758
3683
162
3150
4579
1220
2129
424
3400
4933
1685
3926
929
1856
1521
3451
274
1344
4353
1062
991
5032
1943
4654
4152
1479
3833
4123
3922
1852
1440
4264
4876
4669
1835
2748
4982
3945
1066
4780
1005
157
763
3599
3678
2870
1074
2230
3049
1119
3414
2303
3859
2015
323
4013
1081
689
3510
4555
665
3828
4508
1938
2825
2612
2753
1571
4138
3211
429
5020
210
2616
456
1584
2531
4410
3684
1491
4356
692
4231
3896
4567
1021
3408
857
1068
381
239
3892
1505
2310
4126
3671
3503
940
627
979
4873
4000
2165
4378
699
377
2867
4601
3834
1944
776
306
180
5035
133
1343
772
1190
3331
2607
3345
4936
5012
4729
1699
1578
4480
2057
790
1172
3612
4677
2828
1755
3825
987
1932
2211
3753
1823
4358
4460
4302
1176
499
5010
461
3616
3531
849
1936
1386
3870
2599
2678
472
1707
53
2049
4587
3230
2414
1291
4190
4098
4317
3303
2859
1382
332
2510
4224
4722
244
316
3013
1794
1305
2834
278
3867
1961
62
5036
313
2331
3607
4275
3057
1127
4476
2345
5022
4836
2896
2684
192
594
1716
2408
4715
3310
1163
2671
2892
3000
4773
1712
3165
1788
4533
2503
290
4623
311
3336
784
427
159
771
4446
2045
1427
3357
908
4245
3332
3207
4216
1730
3676
3905
1492
4911
2108
734
4862
845
4079
1022
1903
300
1997
3891
3565
3672
4743
1496
1780
1270
1739
4029
1026
1563
237
778
3663
2611
4647
2536
3212
3037
1572
1665
914
1267
3216
479
1576
2532
4150
1459
4504
2690
2114
3630
728
2349
73
4782
1086
2199
705
1910
226
264
1082
2975
4762
4964
401
2676
1368
2905
4811
3108
415
637
1259
4396
2565
2672
4843
568
2891
1711
3029
1962
347
2336
474
5006
2357
1966
1178
2332
1467
3045
2207
1043
1590
3114
2630
725
3349
1419
1374
3690
4882
3199
4059
338
1292
1470
4595
1381
1973
445
321
194
1296
221
3975
2663
3611
4168
1171
592
1989
2212
4037
1931
1747
3536
4114
1184
4399
344
3532
2216
3584
2936
4959
5000
2176
1211
3571
2932
2823
4542
998
2172
4537
1828
2755
3938
229
4777
4822
4591
143
1510
2305
3081
2013
2794
4015
1859
2382
382
453
3119
1049
1414
315
3074
2707
2291
765
2386
1599
1678
2127
3578
3699
4736
4929
1345
1331
3190
4583
3343
664
4313
1834
3944
2961
1004
156
2788
4673
2000
2712
202
1503
830
1671
4119
2163
3505
1892
4815
3068
4374
2716
927
4040
1408
951
1896
4349
3491
1684
3305
2081
3794
498
4922
3015
3382
1303
4328
3291
1230
2119
2074
3707
3386
1870
874
4563
2584
3936
919
1531
1616
4132
3176
510
289
1753
3823
881
3932
2571
3755
2938
1825
4877
1612
3172
419
272
471
1165
3788
3712
2505
4630
4991
1310
3163
4915
2068
4292
3716
2491
5002
4829
4469
811
1057
3127
868
2578
2699
4241
305
2343
2190
4454
4200
487
404
1607
540
5034
4088
462
3961
1867
2944
3739
2711
4988
956
3563
2029
3270
799
3780
3496
1565
1672
3997
1891
252
843
227
3903
952
105
2259
4086
4164
4662
4711
3492
1676
4252
2368
1905
236
3730
1207
384
4209
4494
507
2043
2590
4271
1332
2178
3427
1357
2966
4418
4439
2467
4520
5016
4048
1336
2962
2296
3082
75
2470
2381
2973
3910
3086
2292
2374
184
1630
2419
3459
263
3576
3267
1216
2184
3572
2931
2747
3665
1212
4847
54
2171
1663
2989
299
15
437
812
3043
3590
2730
591
1045
3467
3178
2427
3966
5026
816
4605
3962
2780
3
3711
2739
2563
2270
2997
4643
2496
2903
3259
4389
4235
4070
1108
2492
4344
3368
4947
2576
886
2267
578
1532
4963
4406
3184
218
4747
1536
807
3931
2037
2572
882
2665
3747
3989
4572
3171
1611
1975
402
2082
3296
4627
3381
3973
4551
3470
3292
4066
723
2910
4682
2086
4184
1199
464
1690
2459
3374
1114
1349
3419
1770
1239
27
1280
3682
731
3407
52
4912
1227
4295
3157
3686
4861
3894
169
4496
2545
4166
4084
3855
1925
781
3832
1942
2608
1853
3923
1063
584
36
3065
1447
4793
774
4907
1946
819
3836
631
2985
3412
1072
4697
4994
2111
4925
532
3416
1076
4781
3888
193
2399
1586
4135
254
4499
1767
331
3130
4957
215
2614
2149
4170
2643
1582
63
768
911
2855
1928
4346
626
1168
710
3608
2923
2832
391
4807
2836
638
2065
4893
865
2682
1543
1759
1090
108
2407
1714
2894
4761
99
3545
521
4812
2157
2686
1378
1645
132
3399
1934
569
3643
4323
4186
3614
3149
1219
2130
1174
4064
378
1247
1181
18
147
4545
3985
4703
2412
1796
4825
827
1480
78
3111
1371
1983
4148
1439
2416
1708
1792
4881
4404
602
4109
1384
930
2888
1574
4360
1619
3549
3214
2430
2727
322
916
29
3099
326
513
5025
4575
2534
167
2253
1581
912
3328
2325
4458
1071
4188
1018
3411
134
567
1488
2112
2803
1084
2839
582
2880
3668
4100
4685
2116
3208
1568
1941
3847
3831
782
628
907
4376
543
4853
2365
636
993
1455
3525
2528
3334
3950
86
2020
786
3453
1523
534
4602
4287
1024
969
2810
4433
732
3681
1494
1078
2557
3145
736
3719
1649
645
2107
3674
4617
4734
4232
1143
1390
1294
4721
1805
2411
489
1035
4657
3803
4267
743
1372
450
3112
1791
1376
3880
2668
899
3116
3839
4140
2214
2549
3430
333
5015
1958
4510
3727
1657
655
4301
1186
2099
3253
1323
4408
977
97
3534
1182
2328
1255
3325
428
4219
1288
2681
3810
149
2145
4456
4665
3557
4255
72
1627
960
2719
3107
312
2674
2208
1964
2847
2831
621
4380
2525
4478
3528
4753
3365
2453
604
1363
2334
2950
3946
749
1836
4707
609
3447
1006
1065
4993
3063
1002
3853
1923
4272
2168
1832
3942
1855
3925
2928
890
4159
4661
1894
4489
1686
2378
4251
4712
4214
3227
1157
4444
2543
2759
2090
4327
2714
1407
1682
531
497
89
4068
3280
3239
3770
1017
2181
3582
2247
2174
2219
37
1130
2645
4506
3767
488
612
4305
2934
3586
2384
26
64
1888
2792
3076
1416
2708
273
2480
4725
2371
2983
2439
4897
707
3072
2796
4803
1412
3378
2227
1545
3714
3543
3090
3759
142
1009
559
601
2239
2770
2280
863
2447
4693
4420
111
2946
555
2063
2942
630
1608
2853
4050
4394
3168
2925
4518
4339
3928
146
3384
4116
21
4958
4681
3792
2076
3708
3371
3983
3439
1111
757
203
4552
3480
3796
358
2072
4903
1985
4797
522
4571
3181
3247
2582
872
3174
4179
3219
1614
1149
392
1643
3934
1399
2586
876
81
2767
3645
4885
4330
2376
1668
4961
3084
2791
669
4757
3488
2372
2805
516
4821
4592
2294
1411
948
3071
2182
1328
2255
10
644
3581
2323
4541
5005
438
1099
2186
2958
2657
87
3619
1549
1214
683
3574
3143
4934
3390
4628
1674
546
3649
1719
4765
1145
2627
120
3078
3494
1681
672
39
954
581
2288
995
1453
3523
620
4198
2363
1334
1950
4020
3455
1525
4263
4124
4653
4369
166
2964
124
1001
577
3941
1847
1831
3568
4354
1208
4090
325
4226
3182
1325
3255
4283
808
1534
871
2581
3323
4437
1253
3186
4131
1727
3958
3657
508
2619
1430
2574
884
4613
371
1839
1116
4785
3376
1880
44
2084
3791
1112
2488
1033
3372
4857
1803
745
2071
3805
4921
3294
253
3363
4989
3020
2523
1365
2455
1528
814
262
2941
524
96
3964
2568
878
4242
1107
2649
2143
4834
2390
4474
3627
1557
2078
4291
4865
4449
1810
2494
4038
3288
394
654
4248
257
4658
2215
1751
3821
2260
4377
2573
883
3358
4071
2518
3535
679
3269
2030
3324
3740
1254
1533
800
3779
3477
1295
1804
4286
4223
4052
4485
3976
1034
3293
722
673
3972
4422
1301
656
1697
529
110
2138
4616
2083
726
3729
2917
556
2589
2420
1629
3963
3460
4550
682
3909
139
1965
2737
3046
3597
2469
2341
2524
3364
3042
813
2335
1248
3318
20
1028
66
24
2493
4534
1798
4415
2990
4774
2277
80
302
2902
2566
2787
4749
2144
233
3161
2906
2562
2675
2976
4270
2477
408
4967
2293
370
4457
599
3138
561
2972
1637
1085
3589
4521
3083
2729
2011
3917
1575
1662
572
3215
3260
1213
3573
2821
3518
1448
2535
1666
2358
4710
144
2779
2269
2324
2740
3990
4874
1025
3493
4568
4465
3787
4849
4656
842
3277
1495
4266
635
3566
3902
953
1673
2161
3144
3906
3562
3675
1501
846
646
2460
1689
1350
3420
2963
2046
4678
2597
92
1200
2909
494
3737
4429
2364
1333
3469
3341
4195
3524
1454
3335
2318
4943
2042
1317
3166
3978
4889
4696
2901
4538
527
864
259
4844
3162
1715
2895
3544
3713
2561
625
2854
613
1600
4976
1638
397
2197
2346
1050
3120
648
2342
4939
1860
1509
4155
3041
2064
4818
4201
137
3984
1306
388
721
858
4240
1302
4319
3383
1877
3971
3189
667
3700
1385
1237
4497
3538
579
651
1644
4631
4167
3173
2848
1613
1935
3822
1752
4113
3933
3615
1175
126
164
1999
2058
3826
1756
829
4699
4906
364
42
3346
3197
3854
1924
1869
641
4590
515
4187
2120
1229
4332
468
3342
3064
4918
775
4624
2041
4789
357
2166
2978
4744
841
1506
837
2007
3901
46
574
2162
11
4128
1893
2713
920
3561
292
1502
3895
2544
2173
4347
3848
1918
1661
2615
2933
2822
4288
0
545
94
1309
2826
121
4806
4041
3058
492
2984
2016
4092
1517
2189
2383
2971
658
2538
2012
330
2700
354
4503
67
1729
3011
4609
3697
2085
3301
1972
2637
1293
744
129
1976
3804
4279
3295
1477
3533
1779
4948
4030
3254
1324
1740
243
1269
4985
2448
1535
553
4810
2666
4045
1358
34
2213
1821
3751
885
2575
2662
4858
4564
2501
1161
2673
4756
2495
3798
738
102
3248
1318
256
1042
4972
2333
1364
2454
815
1046
4778
1597
3965
1909
4453
2200
2689
1460
5031
2350
3629
1963
3030
598
2254
4970
2533
988
4910
3666
3448
1518
2751
4635
389
1573
1260
3213
1215
634
3575
3662
4758
4011
1917
1083
1589
410
3085
2301
3637
2697
1138
4205
4944
2804
761
519
2295
571
994
49
4227
172
1335
2248
3454
1524
4314
1469
4151
1341
3333
4436
2965
1737
4584
3200
4878
1420
3350
2629
3689
3501
1906
1562
1675
4373
1144
3673
587
4259
1902
1566
1023
3495
562
1277
1787
4649
4856
440
1493
955
1990
4674
4172
2798
4191
1041
640
3509
3860
152
69
205
1120
3050
2229
127
3638
4507
3600
2869
2924
607
1713
1544
4343
136
2502
3715
1162
2893
4644
2506
4142
3007
4461
4689
4896
1978
4512
3317
1166
4706
4899
1826
3756
939
980
3999
624
175
797
2309
3175
1933
1615
1822
3752
2661
2918
3935
3613
1173
84
3644
1538
3237
163
3012
1700
3385
4183
1189
4525
1383
3877
1971
3302
4326
3016
2517
1984
3306
4382
1895
491
3502
537
4163
850
1561
4298
4117
3893
2715
4362
1901
4007
4411
947
3506
2317
789
4796
2509
4718
1064
8
1342
773
2860
4102
329
3229
2050
3869
2600
3924
1854
4493
2638
1197
1346
2237
478
4012
2385
2877
2302
766
47
4600
118
650
32
3517
4481
4016
762
2306
1058
4075
2999
4799
2756
3309
4951
4230
2752
2175
2644
564
3918
3661
1848
2935
2613
4800
3242
2766
3118
1048
2135
4984
2587
877
1640
4229
1598
1679
633
4395
3246
525
2762
3651
1858
1721
1485
3797
1829
756
3483
3939
4599
999
3980
3704
2077
935
4731
395
752
3069
3124
1054
1409
715
342
2442
2850
68
1604
4596
2060
2789
2947
195
261
2446
4638
1864
2283
552
1551
3621
860
2773
355
2222
1101
3540
3093
3698
3579
1095
2226
2797
2980
119
2939
2483
4445
517
4945
2704
3077
1417
918
4246
40
4215
2118
3135
3587
4900
2242
3766
1012
1133
366
2246
3762
563
2651
1016
3773
3283
1402
2621
1775
4724
4222
4053
547
1152
3222
1285
924
2698
869
2579
1406
480
2540
2093
1687
1156
3226
4423
4690
893
9
2069
4304
2124
675
3850
1920
3442
3060
3789
4177
3446
1007
3947
1841
1837
265
576
3622
1552
3815
4093
1102
2221
2994
1813
4502
4650
4260
3626
1556
2140
2393
141
500
4784
1106
2179
965
2258
112
2424
2441
2369
3464
798
245
2955
3738
4517
2028
2520
4147
3360
3023
328
22
282
2988
1800
1030
3885
4558
4864
4276
1117
3377
1883
4835
4475
751
128
3241
2264
1433
4081
3458
4909
4716
554
3187
3656
3435
1726
2418
3320
3744
1250
2034
2761
82
4387
804
3652
1722
365
4333
680
4112
4061
48
1204
3258
117
2464
1846
1109
3424
1354
3441
3369
2025
3955
2738
4668
2360
4023
4367
1953
704
4556
3520
1842
1450
2815
2622
1401
4107
4308
3994
1151
3221
2626
1395
4884
3179
4401
4578
3393
3140
496
430
4355
3264
1198
2241
4809
2187
2656
2435
1348
3418
1011
2458
3761
2744
2320
4125
623
4956
2652
4610
615
3988
7
4764
90
2885
4280
4935
2377
551
822
4372
933
4931
2417
1704
1980
4173
150
4606
652
3829
826
1483
1939
1797
3485
4121
3721
3858
1651
1246
4057
984
2133
3679
4351
3598
4236
3640
971
1118
4427
3048
1242
605
2156
2687
4983
4790
3095
1698
1579
2406
4405
649
1540
258
1093
363
4824
2775
3101
2152
2285
2402
71
3551
1621
3864
4838
686
4544
2841
2837
978
4589
3604
4065
713
2920
1124
3054
3409
4950
1069
2721
2858
5029
1762
4952
2640
3133
2679
2598
1766
535
4700
4452
4085
104
639
1587
2048
1135
4294
848
3417
4239
1077
4471
566
4831
2829
4320
2485
674
3841
1947
3837
642
2864
74
4738
1446
901
1789
30
1060
2604
3920
1442
1850
895
185
2054
2409
4134
4968
4890
2095
3156
1226
223
3687
573
356
3406
854
1222
4618
3152
2101
3285
14
4924
3775
3402
55
2551
1283
1773
1360
2953
458
2842
2450
4768
3025
4528
1738
4028
138
681
2846
4971
1464
2109
2354
4430
2204
909
509
3106
3556
963
1626
2395
4850
3813
420
2151
3102
1815
3552
1622
2401
4103
1652
3722
131
3250
1744
1320
4034
976
3726
729
1656
1435
2348
4916
4709
1187
1458
4492
2198
972
3433
1241
821
4441
1377
3883
4269
3117
4162
4664
4211
1885
4254
740
3800
779
4363
539
100
361
1393
1140
737
4684
4182
1179
2106
3395
4750
4979
6
2556
4383
51
2102
3151
1221
2813
1994
4337
2552
3401
787
3450
4549
3842
1520
3953
2023
902
4574
493
990
688
4868
4025
1955
3028
906
1441
614
1369
3109
3354
1424
3846
1258
3204
2883
2117
4735
4342
2800
4513
1988
170
4143
2722
4097
116
2250
3034
1761
585
2726
3348
1418
917
4816
4391
3198
1264
2433
4118
2814
1993
549
1490
2659
1786
3995
4702
4204
4450
5009
1567
1020
536
1276
590
2311
2878
3670
4348
1394
1907
4001
1272
4277
941
1782
671
38
4322
1205
1423
3353
418
2465
4634
2428
1736
3425
1355
3203
4928
4717
3954
2024
3330
1969
4386
1191
1732
565
2871
3632
4675
2692
2808
4841
1912
359
2231
2696
1388
4813
2884
3636
3511
1039
31
1916
1080
3265
1570
2434
1263
3210
4585
4315
4892
3667
4516
3948
2018
2745
2530
4146
616
448
3033
151
2353
1960
4565
1463
3428
2425
4468
2203
4828
3465
1047
1596
4977
4370
523
2954
2330
4044
1592
106
4089
3659
3814
5019
606
235
2995
3311
3878
2670
678
393
3001
964
76
791
2265
70
1899
3434
2210
3745
2948
2667
2035
4621
4792
805
4366
4033
1559
1743
4557
3530
3692
4741
3808
1476
4106
4329
3871
2632
1977
1290
3231
3884
2636
16
3696
4913
1472
958
2511
3134
2610
50
4597
611
4180
1159
367
2757
4752
2499
5004
2872
3631
2307
2691
511
1278
2232
1911
4017
4771
4531
1768
3516
767
4966
2705
2876
3512
2236
1196
1347
2603
2125
4438
4419
3128
4208
2053
470
171
4049
2863
3299
1192
770
4074
3009
1731
4340
586
2316
5023
1774
3507
946
3749
1819
4006
653
1284
925
88
2312
676
3890
1271
541
853
4002
1781
942
3691
1484
3872
2631
4432
3307
4871
4
2516
4645
3232
3017
3705
4233
1380
3876
934
1339
1471
3236
1703
213
2512
1088
3610
708
2134
792
1170
684
1930
4603
796
4176
618
643
983
3757
1827
3499
4852
3316
183
5013
1167
1478
4490
3006
2507
368
2749
4524
2890
4247
928
3312
4388
1094
130
1710
3002
3603
114
1055
3125
714
2128
759
3053
1123
155
1605
101
3863
2299
1591
4160
1865
4009
2592
3732
41
3191
400
4379
3969
4024
1954
1330
4728
1203
4917
3355
3736
719
1425
2047
2596
544
3423
1353
533
2960
324
3205
360
2463
847
831
3782
3272
2001
3907
3394
1670
3276
950
3567
4902
1995
3786
12
4553
3490
3993
2559
2743
327
4139
4018
4509
1948
1667
514
3035
28
4692
4194
122
3263
1210
3570
2899
4220
1265
3080
3916
4995
3039
1511
1636
5030
575
2472
3388
4464
2290
3912
4641
2476
4875
1632
2977
4962
2272
2907
526
2782
1878
1311
2394
4802
670
4960
2786
2276
17
148
4999
2567
2993
1814
4484
1659
2490
4096
77
2732
3592
810
622
2969
3024
396
2191
3047
3596
1465
4817
1428
2736
2355
3463
2423
603
3960
2205
697
2039
2080
727
2916
3472
4713
1696
2388
1884
260
1231
2912
3290
1871
3977
4099
4336
1808
4535
3476
4775
1692
4414
1530
803
4359
3559
2033
3743
1745
3018
4035
2263
1434
3899
2570
880
839
225
619
4273
107
2703
2088
1512
2380
2339
2471
1516
4745
3768
4110
3911
2017
3278
542
2484
460
1631
5024
2827
4625
629
3159
495
888
4243
2930
2170
1134
3781
832
2094
2710
923
2002
3271
512
1890
4078
855
2006
3284
1507
836
3819
1749
3774
4607
168
5003
2167
352
2478
2591
2865
3731
91
4282
3192
1299
4056
2605
583
4612
2123
4561
894
4237
632
2055
4426
1128
3347
3196
3827
4500
1757
4154
4652
1499
4311
4262
5014
4169
2159
140
985
3930
3170
4581
1610
19
4398
610
3088
4058
3703
1236
3339
3471
79
3380
1705
1876
2911
2278
1232
4845
2768
4671
557
1307
1872
3484
1691
2009
3865
2731
380
3591
1863
2192
3605
3123
1053
2196
2347
3055
1125
1603
3710
2271
2781
3094
1312
2819
109
2774
4593
2284
3478
1316
98
3167
685
